0.1759976398773033 0.0741996150856982 0.9140524895896908 0.3712075712200506 0.1944061784264729
0.1759973622735738 0.0741976500495554 0.9140516268132177 0.3711991406987989 0.1944045518191582
0.1759983159747570 0.0741982137129896 0.9140520640468037 0.3711976474501660 0.1944068008399861
0.1759972639278290 0.0741995072401718 0.9140488808604055 0.3711990005675629 0.1944013962994177
0.1759969694613111 0.0741975545317913 0.9140515317669471 0.3711933502940503 0.1944035578293425
0.1759965474262138 0.0741983379755907 0.9140542981554280 0.3711941505022207 0.1944035328413708
0.1759945594535215 0.0741982192484544 0.9140493379089435 0.3711929226055541 0.1943976669141092
0.1759959499652500 0.0741979336990213 0.9140523543951082 0.3711996764579689 0.1944025499159956
0.1759969394517874 0.0742002728779333 0.9140533777752359 0.3711994973273720 0.1944014720855745
0.1759968799334121 0.0741972960163940 0.9140528099528714 0.3712007225468645 0.1944002181522923
