0.2434953961923903 0.8070627597608985 0.6607327182568885 0.7841783249881727 0.6797688544290568
0.2434958468503693 0.8070658441771976 0.6607272647381909 0.7841703582571292 0.6797659572645353
0.2434961817091245 0.8070658439339174 0.6607265961097174 0.7841746631055794 0.6797676869936378
0.2434949282161841 0.8070650776761256 0.6607316768752641 0.7841755299183876 0.6797769026741152
0.2434954614195150 0.8070672417122561 0.6607278746773183 0.7841763339036301 0.6797732356893834
0.2435002133204475 0.8070747992880314 0.6607329564591314 0.7841783667177293 0.6797762397096067
0.2435016919171055 0.8070715623385157 0.6607274325390502 0.7841757887871219 0.6797741851865255
0.2435020029174357 0.8070672089543409 0.6607305036466877 0.7841765967519978 0.6797785039044436
0.2434893110278791 0.8070712194486040 0.6607340408188415 0.7841733097771876 0.6797727601169435
0.2435004151853706 0.8070694907911843 0.6607390806948139 0.7841787612808367 0.6797743492499532
