0.8430407278660481 0.4844190748535311 0.6444326828119078 0.9475403300070164 0.8119075486010205
0.8430779514156274 0.4843420141175712 0.6444383041913520 0.9475600113791375 0.8118853478132160
0.8430608473902956 0.4843415735177346 0.6443598670907911 0.9475475120414877 0.8118524793243347
0.8430812714347327 0.4843810646968126 0.6444411631784143 0.9475412080242654 0.8118592551023507
0.8430617574706391 0.4843984103504449 0.6444516182422412 0.9475445516200673 0.8118997041951029
0.8430900975130424 0.4843632169844310 0.6444416993304942 0.9475217544749639 0.8118497446122767
0.8430408143045250 0.4844292635224239 0.6444336279424335 0.9475252578052562 0.8118592629154170
0.8430358976649094 0.4843818621546964 0.6443647094355685 0.9475534134759389 0.8118491751328283
0.8430616661453023 0.4844097519125876 0.6444295946261125 0.9475238309981857 0.8118346967910506
0.8430517821701392 0.4843803031920176 0.6444342937573141 0.9475450855494755 0.8119033430812854
0.8430054997079376 0.4843124498895127 0.6443879578120378 0.9475436269392017 0.8118493337989540
0.8430685930571439 0.4843902431549083 0.6444006093398190 0.9475545681464210 0.8119152231934030
0.8430054997079376 0.4843124498895127 0.6443879578120378 0.9475436269392017 0.8118493337989540
0.8430383909785303 0.4844701269929629 0.6444356222876576 0.9475433426200950 0.8118543707085448
0.8430502108150464 0.4844056330477321 0.6444125933377022 0.9475481038972453 0.8119199866990428
