0.7506034724755082 0.0391361527207598 0.4009487509855490 0.7196291712803882 0.3086132623425608
0.7505829810403557 0.0392791300869195 0.4017305641122889 0.7192887061395223 0.3080382176422651
0.7506015330966012 0.0392354724129530 0.4013211115270969 0.7197086656101942 0.3083967222111664
0.7503700852007318 0.0393455436420386 0.4012188654036188 0.7191692862779396 0.3085319428435406
0.7506134203982573 0.0392344961489577 0.4012537538791953 0.7193752175471413 0.3084643559834303
0.7509054994166274 0.0391981365101286 0.4010256479051659 0.7202168075019307 0.3082320412580113
0.7499786915861227 0.0392234936074697 0.4007601325519236 0.7193285448991560 0.3082418457193664
0.7507912912982222 0.0392564464993229 0.4013192295632897 0.7193445454048113 0.3082920715601036
0.7505675145866306 0.0391091410862401 0.4007775062410481 0.7191600010462378 0.3082415011510383
0.7503103253434077 0.0390562696923343 0.4003622384849241 0.7200679945780045 0.3087619183613861
0.7506726970630617 0.0392474074095243 0.4016197799381560 0.7198837980763400 0.3082334358483606
0.7504252431499820 0.0392697875387227 0.4006962748676343 0.7198730534528969 0.3084456054295734
0.7505317623901943 0.0390865208272562 0.4010454306595834 0.7193510842444439 0.3080987139314539
0.7506013579881262 0.0391814079754995 0.4014192034710252 0.7199447250747173 0.3084894649373133
0.7503830931802893 0.0392114529255366 0.4011389409595545 0.7195077271020222 0.3085718478157383
0.7507126484384298 0.0392008850720856 0.4018395264628078 0.7194207969131299 0.3087872029315698
0.7506213426685094 0.0392393511908400 0.4011687040964991 0.7199361014174062 0.3092103549843068
0.7507497250933491 0.0392023227541836 0.4012441766943286 0.7198308488731040 0.3082072335801019
0.7505723199665567 0.0391411928720553 0.4013111469257939 0.7200837069089506 0.3086123455739040
0.7505751722368604 0.0391702875575867 0.4009155185332393 0.7189153533152245 0.3075415228976006
