0.7295785919116241 0.1321468977523365 0.3789680766316762 0.0025133568049936 0.2736576078922033
0.7296702896387748 0.1319465171588389 0.3794985081026543 0.0024957655248003 0.2735934144648656
0.7285067009402266 0.1317095618865134 0.3789713831292753 0.0025044582500332 0.2728875329945769
0.7294529750589138 0.1322683742682380 0.3796892294614115 0.0025063860589858 0.2739444164472252
0.7293630963482185 0.1319937845273823 0.3790004341925642 0.0024963763183458 0.2741214400716281
0.7286235249144917 0.1316440079381932 0.3791255783700099 0.0024950609621876 0.2733493808757704
0.7290917888674208 0.1317670741331191 0.3794808228034219 0.0024964732887700 0.2736161053835665
0.7292751398503159 0.1320523559974494 0.3799189643689833 0.0025049892856130 0.2736017062975318
0.7290897770919097 0.1318905167024146 0.3793133235275368 0.0025105366993572 0.2736200625182469
0.7286137779007144 0.1318991219219333 0.3793526353721764 0.0024980178101070 0.2729784693276068
0.7294036339970684 0.1319517471260867 0.3792291948997656 0.0024981863839724 0.2734547882670715
0.7293505035641039 0.1321357841234371 0.3794776420576172 0.0025083220376844 0.2736341032247510
0.7287022328485369 0.1319048466959201 0.3792451364596485 0.0024947992619615 0.2735007816234783
0.7293623376615802 0.1318629721705418 0.3797093177630145 0.0025015255147695 0.2736252726367384
0.7294305143532729 0.1321504015751190 0.3789370022067049 0.0024952962955506 0.2733715652382291
0.7292308023819174 0.1321569745614022 0.3789409797566096 0.0025092411108493 0.2734238540417288
0.7295076978364775 0.1322284087532935 0.3797679726354795 0.0024906734518282 0.2740810316174714
0.7290319247845933 0.1318921038247649 0.3793155099302449 0.0024949557721779 0.2734303017615494
0.7293735208455908 0.1324246262371883 0.3798297095870479 0.0025072117599649 0.2727889689808480
0.7289632731721334 0.1322085220782564 0.3792539164241407 0.0024923595063022 0.2739902876236635
