0.8429897100425685 0.4843419023818590 0.6443306584856042 0.9475319806091024 0.8118183085314449
0.8429859859011616 0.4843323379604764 0.6443302046857660 0.9475344571677180 0.8118170430077012
0.8429851040039471 0.4843357703043843 0.6443191779533305 0.9475351260919176 0.8118154331824750
0.8429894645712186 0.4843373896908317 0.6443332919925103 0.9475334282614742 0.8118180884485633
0.8429859325938054 0.4843372685348623 0.6443282301576452 0.9475324285399207 0.8118147081502897
0.8429868350876449 0.4843390636259566 0.6443238866014006 0.9475342378183658 0.8118199910695971
0.8429853065292623 0.4843326178795554 0.6443213321903559 0.9475353199930900 0.8118139865236540
0.8429894039509028 0.4843390053385037 0.6443340310022468 0.9475354397902929 0.8118226174709549
0.8429891046887812 0.4843388732562649 0.6443271511649794 0.9475346122236333 0.8118191222046046
0.8429889041866467 0.4843408974767077 0.6443385312601877 0.9475315388674959 0.8118192498838130
