0.7171901090564318 0.7136730415222221 0.9446485344971995 0.9665196020644874 0.9914328145461485
0.7171870748568756 0.7136498852383425 0.9446355439878950 0.9665255346605480 0.9914281449831255
0.7171463197927722 0.7136708425703719 0.9446544611416999 0.9665206703939001 0.9914287560198749
0.7172199714592490 0.7136491802534145 0.9446451026444870 0.9665241337684748 0.9914273952066385
0.7171741691459279 0.7136121486622989 0.9446508396143370 0.9665294185215241 0.9914265054721393
0.7171871762176395 0.7136222351060735 0.9446432625928041 0.9665156199699612 0.9914251674422907
0.7171989213485899 0.7137581002668976 0.9446612772580231 0.9665268871765907 0.9914349375164506
0.7171671870868029 0.7136675388575145 0.9446399146995652 0.9665084719673451 0.9914267606888255
0.7172455427522018 0.7136839696805911 0.9446903684018082 0.9665225457875829 0.9914337913104839
0.7171043536853985 0.7136522647602908 0.9446358983450773 0.9665252361839237 0.9914337579247087
0.7171782887894055 0.7136534549717721 0.9446826197435170 0.9665202840843176 0.9914336156460856
0.7171589692640989 0.7136813119785528 0.9446467117805596 0.9665260946853202 0.9914332749582111
0.7171731446957145 0.7136090409438336 0.9446473100205507 0.9665278833538525 0.9914331111733223
0.7171661817319330 0.7136363066590092 0.9446577705877451 0.9665248972498411 0.9914329669614046
0.7171741772636585 0.7136970139398593 0.9446492972050653 0.9665224253793533 0.9914329621385902
