0.5481423915258539 0.7765552654199972 0.8713017657644850 0.2676543544360573 0.8964881492779074
0.5487984406489923 0.7768150679136036 0.8710974126337101 0.2678352758478651 0.8966548543413867
0.5491433013120903 0.7768113416543105 0.8712510358143256 0.2679001587861742 0.8965302052760640
0.5478504534482744 0.7766337585065927 0.8711473553546132 0.2676382892763411 0.8960946628665213
0.5489586445017290 0.7773579667974817 0.8709708186820292 0.2680965287605173 0.8967247057035326
0.5488192454863907 0.7772046097908724 0.8712960929809632 0.2676943851858578 0.8967599274714005
0.5484957220220918 0.7767966630831903 0.8711801829305856 0.2679052717509778 0.8966442078224356
0.5493285890552013 0.7768270733729120 0.8709864958196112 0.2680306408474792 0.8966551077693837
0.5483942989342405 0.7768831296813206 0.8709592568327652 0.2675898348185485 0.8965543963011917
0.5485503060573959 0.7767197717386631 0.8707726098082138 0.2680526828793533 0.8964372334940416
0.5481798328778337 0.7772805318540561 0.8713651487882561 0.2677750499206794 0.8961770714648177
0.5479804435938775 0.7769419399862592 0.8709883431920115 0.2673175245423804 0.8961958053443001
0.5488304455897500 0.7766458218993563 0.8711908963205862 0.2676545265628812 0.8960474877953384
0.5485597227460678 0.7767067517934508 0.8707526077188336 0.2678286468087788 0.8964523075759896
0.5492952198743520 0.7769851820888107 0.8713263980966041 0.2680309640808272 0.8968486564224661
0.5487415639900253 0.7769537253208157 0.8710567104834046 0.2683196117118456 0.8966039081969165
0.5487622586957798 0.7769048176944725 0.8709233805231376 0.2679902511785719 0.8965487867478188
0.5480947990435927 0.7769485350312690 0.8710791274314964 0.2678700368145264 0.8961785975882894
0.5486752833303002 0.7771138714746015 0.8712065020026427 0.2677982489738647 0.8964772939404597
0.5488041804337727 0.7768493852699077 0.8708904442041367 0.2682131487812953 0.8966278466996556
