0.5582468973991052 0.1698802071436633 0.2885072388709912 0.7003143324918664 0.1203566030102011
0.5582898647837184 0.1698977049554891 0.2884729894776757 0.7003155922799432 0.1202825550617957
0.5582671136647749 0.1698609453768710 0.2884663241352327 0.7002821585614383 0.1203185434685006
0.5581790644240655 0.1698938164472099 0.2885544255009019 0.7002299485099810 0.1203529004444553
0.5582708185500411 0.1699064615521734 0.2885194307673328 0.7002522135566891 0.1203225436912037
0.5582831514204318 0.1699297933344539 0.2884429344281887 0.7002967947837059 0.1203644603610029
0.5582592228162565 0.1699299124424574 0.2885258179754716 0.7003065055735459 0.1202842613106872
0.5582578355341604 0.1699458828827117 0.2884842476187175 0.7002060789042297 0.1203222232009358
0.5583090711400800 0.1698918023948285 0.2884792816645387 0.7003008473632417 0.1203416160249837
0.5581984851273344 0.1698339993158954 0.2884467556241734 0.7002295813365566 0.1203093221585424
0.5583235252967012 0.1698917026237812 0.2884614785988171 0.7002692878310769 0.1203374001959457
0.5583293471456159 0.1699170454065556 0.2884736818454487 0.7003048037567446 0.1203114962380796
0.5583235252967012 0.1698917026237812 0.2884614785988171 0.7002692878310769 0.1203374001959457
0.5582838512995473 0.1698704816734486 0.2885242822866066 0.7002998083047360 0.1203492560598301
0.5582620608864761 0.1699052322196787 0.2884617970304265 0.7002883181499827 0.1203280780160168
