0.4062769504398596 0.4785880494366427 0.2906410226292009 0.8337173558206998 0.0482735226705662
0.4062652469710510 0.4785981837861552 0.2906449701974827 0.8337170391765691 0.0482743598750676
0.4062755602068072 0.4785981903449030 0.2906485180260235 0.8337224130913514 0.0482736894752949
0.4062752339989483 0.4785973687300014 0.2906532781811417 0.8337201582642346 0.0482737718693266
0.4062763842581779 0.4786019093747211 0.2906504881712736 0.8337200023297275 0.0482738545229056
0.4062749639035231 0.4785920013571529 0.2906431574380663 0.8337169083358019 0.0482748495351781
0.4062752247608175 0.4785962021632222 0.2906463142577696 0.8337206951814938 0.0482752328976054
0.4062740901844143 0.4785899445197458 0.2906416562561493 0.8337211391385995 0.0482744863717037
0.4062741907751041 0.4785881082279932 0.2906458205264709 0.8337220690156466 0.0482742254684979
0.4062710984377425 0.4785903750056854 0.2906442206034835 0.8337165727060508 0.0482732173651448
