0.8997741514774584 0.6618944680912052 0.1515936239593436 0.1410810823855016 0.0047956055409727
0.8997788465997039 0.6618420996360090 0.1515481264278333 0.1410652684350751 0.0047931432381442
0.8997856667204752 0.6618453312986698 0.1515651468829733 0.1410596327007272 0.0047935652742886
0.8998007992614269 0.6618886071705298 0.1516040094860861 0.1410926654758922 0.0047933917253498
0.8997914331010280 0.6618319932919497 0.1515494882202124 0.1410628287028285 0.0047925020904076
0.8997776112907498 0.6618789885628262 0.1515807487247937 0.1410641148465064 0.0047938149508667
0.8997744521252432 0.6618721004219759 0.1515462815885497 0.1410650766345627 0.0047956062831783
0.8997785856257761 0.6618496086467408 0.1515936196970962 0.1410633870706702 0.0047936053778951
0.8998037922980576 0.6619154884552203 0.1516115879124919 0.1411072732746973 0.0047963392649484
0.8997983840331886 0.6618690245891541 0.1515512616447849 0.1411251355144483 0.0047958295200201
0.8997846261304383 0.6619146272227345 0.1516073946783619 0.1410833556008998 0.0047951089985764
0.8997697787579788 0.6618414031681370 0.1515741076531814 0.1410560055519806 0.0047955509759486
0.8997846261304383 0.6619146272227345 0.1516073946783619 0.1410833556008998 0.0047951089985764
0.8997856002984393 0.6618441700177550 0.1515525863339262 0.1410696782704025 0.0047957342781852
0.8997581124263923 0.6618799334272035 0.1515277239430658 0.1410763863151520 0.0047946948736679
