0.2440820651562705 0.8069322347859617 0.6603962918207686 0.7836766436807043 0.6799606746641134
0.2441077985846995 0.8076696031993693 0.6607296934213196 0.7840339669539331 0.6805555393129302
0.2437666031766169 0.8074672722982128 0.6605352699563610 0.7843824503201301 0.6800646220206570
0.2439024043632189 0.8071964791552604 0.6603013258777403 0.7839550698442314 0.6798646535176132
0.2436416365646391 0.8072791208892304 0.6604777112796835 0.7838961693522722 0.6805127564090638
0.2433072391810133 0.8070363301111760 0.6604942354290977 0.7841295777108360 0.6802920494356393
0.2439180554066001 0.8067900808298826 0.6602514439689227 0.7840281492306859 0.6801878438779372
0.2440520747078377 0.8075320850517849 0.6602981040457011 0.7844232419518239 0.6809196486541630
0.2431933579049497 0.8070846783079719 0.6606413129982788 0.7839638458255712 0.6806072009955442
0.2436820881951285 0.8072986330144617 0.6602190219789479 0.7842972652729462 0.6809765083762570
0.2433868358652012 0.8073448287949646 0.6608902337055559 0.7840033020123335 0.6797264961060384
0.2432320138655935 0.8068654750631807 0.6599173648574345 0.7839406223593600 0.6804146940388383
0.2434507942647898 0.8070094838850730 0.6601024811006539 0.7837433156055603 0.6800592334475154
0.2432989188233550 0.8073177571530712 0.6602839988088756 0.7837211404019697 0.6802565161508142
0.2436056547756516 0.8075701567354567 0.6608725839434150 0.7843158020832287 0.6807661533244126
0.2435710296016154 0.8074598897193503 0.6600575343590335 0.7835532099560881 0.6808276318386917
0.2440538016976641 0.8071422514406947 0.6609017916715569 0.7848319659024166 0.6815326448202618
0.2432956327972242 0.8073416879587677 0.6602689447341094 0.7841577986325122 0.6802647941201444
0.2432320177784456 0.8069211547756611 0.6608041721393341 0.7845869051126276 0.6803793086414126
0.2437282596349284 0.8072122023048900 0.6604749649931353 0.7838483626860070 0.6792376638522283
