0.0322993239836038 0.9991284777141043 0.7358840310128945 0.6156230032006358 0.3841669429973959
0.0320406530095882 0.9991331596948769 0.7350216194946232 0.6154989021636734 0.3843408970390064
0.0321357680902178 0.9991309846935199 0.7355422590563240 0.6164764190221783 0.3851556741158838
0.0322022544726749 0.9991330330807395 0.7356450205481556 0.6166298909666336 0.3846953795717725
0.0320627688885873 0.9991332187292363 0.7357197220788441 0.6156061170044116 0.3840388469685777
0.0320691810427836 0.9991324317769457 0.7351636669158880 0.6157441535296428 0.3845541437088820
0.0322244994311261 0.9991289513759348 0.7353639944190322 0.6162911973169483 0.3844977183924095
0.0323072742811860 0.9991301247130193 0.7360308009294144 0.6155389750561314 0.3838122976171870
0.0321747303791832 0.9991309537677684 0.7358919261614637 0.6161398013272716 0.3838965465323121
0.0320173523823144 0.9991359412796044 0.7357663761489519 0.6157564845626209 0.3843420541302277
0.0321297604901510 0.9991312755270310 0.7354548168748091 0.6161126050223914 0.3846039647488297
0.0321227564811259 0.9991311446135634 0.7358507671428828 0.6158297676217152 0.3839206695817102
0.0320708570099656 0.9991313399240440 0.7350562207162434 0.6152844515450429 0.3838607560249008
0.0321760475563805 0.9991341734729499 0.7353341397085483 0.6156321280686586 0.3843101196828192
0.0319844086299503 0.9991336465572821 0.7354168156037185 0.6165886020551813 0.3846121215468701
0.0321087905491147 0.9991309723906729 0.7354475375228384 0.6159586505646647 0.3843436834112471
0.0320162332880765 0.9991324123116405 0.7358683073829864 0.6158827830817072 0.3836373661040521
0.0321628361594052 0.9991294586980026 0.7355439673278947 0.6160962485113848 0.3848730419250954
0.0321198893639338 0.9991337216186655 0.7359418158487597 0.6162934631956040 0.3842511675038099
0.0320875790076159 0.9991320706534332 0.7353189421126168 0.6161786074042426 0.3846958835266722
