0.1036797068905562 0.9993618818222844 0.6125432116436792 0.7884493263585222 0.5351735143823318
0.1036987137547850 0.9993620753714044 0.6125724326333830 0.7885156155131752 0.5351817972044444
0.1036723263393897 0.9993615573417400 0.6126043103153299 0.7884395150862518 0.5351877937932408
0.1036865860918905 0.9993626449317948 0.6125453450384652 0.7884323404860020 0.5352044583806338
0.1036764957590528 0.9993619426535953 0.6125576739342163 0.7884768267855347 0.5352315876664973
0.1036910700614237 0.9993622203095275 0.6125585864862694 0.7885105019448636 0.5352194582502063
0.1036417019107986 0.9993622983589638 0.6125453848220106 0.7884420561889883 0.5352157504089284
0.1036670275570353 0.9993619149063013 0.6125741293388574 0.7884267995241632 0.5351739993100091
0.1036652188231417 0.9993617517036932 0.6125323915965057 0.7884557384888482 0.5351756327110685
0.1036920904470083 0.9993619246035929 0.6125821744054262 0.7885456797524761 0.5352382446029880
0.1036664759081920 0.9993619783998158 0.6125136747829755 0.7884081144641607 0.5352325476544155
0.1036602474521514 0.9993619924042902 0.6125487170125508 0.7884495862764932 0.5352358528311648
0.1036664759081920 0.9993619783998158 0.6125136747829755 0.7884081144641607 0.5352325476544155
0.1036946879507533 0.9993623867325233 0.6125360239951466 0.7884984969201096 0.5351690116564720
0.1036733143161378 0.9993617854225112 0.6125306909443662 0.7884963173861514 0.5352112118912530
