0.1748567710940537 0.1049743064939056 0.9176254075461325 0.8569651172513713 0.7036343979863220
0.1748777143492723 0.1049658046938271 0.9176890962509674 0.8570433459828226 0.7036752595501785
0.1748535339491543 0.1049811085042522 0.9176576046298563 0.8569502240338737 0.7036807260793840
0.1748471626107393 0.1049858088263418 0.9176261063281008 0.8569644164461303 0.7036078013942936
0.1748884168109327 0.1049769016081657 0.9176878506768896 0.8570271634936034 0.7036866567700057
0.1748830579915340 0.1049541331930973 0.9176572480329314 0.8569842748601740 0.7036855401995596
0.1748658082295069 0.1049663853512350 0.9176250558463280 0.8570266770814939 0.7036040986583476
0.1749432077421798 0.1049539879655644 0.9177082188045890 0.8570315474469095 0.7036878598016696
0.1748761203834476 0.1049578670390642 0.9176498187591080 0.8570012247470788 0.7036599190631171
0.1748631226527378 0.1049490904395362 0.9176331180462074 0.8570175492144000 0.7036509888828688
0.1748811565043328 0.1049707344650657 0.9176768399273484 0.8570183953108093 0.7036571576510747
0.1748638897067052 0.1049571366274252 0.9175959512384205 0.8570296711998273 0.7035550201148717
0.1748811565043328 0.1049707344650657 0.9176768399273484 0.8570183953108093 0.7036571576510747
0.1748585369154834 0.1049860893201723 0.9176503363155730 0.8570117621432054 0.7036980783760725
0.1748355338173840 0.1049794695081028 0.9176340957696814 0.8570266068726622 0.7035752585741500
