0.9997904010183759 0.8935944620984996 0.9928834640964342 0.4334485798705554 0.8645063087681296
0.9997904116165439 0.8935971513061916 0.9928833653220321 0.4334481611686105 0.8644984158431637
0.9997904023081231 0.8935952222110902 0.9928835561867192 0.4334565743293032 0.8645039186912939
0.9997904031007905 0.8935945829529752 0.9928833955698395 0.4334410774148419 0.8644986895764716
0.9997904028844204 0.8935958184059638 0.9928834470730683 0.4334601315457873 0.8645034488826113
0.9997904111542618 0.8935884347205698 0.9928833401774840 0.4334526239788596 0.8644977946560394
0.9997904110340005 0.8935989266181272 0.9928835123622666 0.4334533758044133 0.8645069969604241
0.9997904031259488 0.8935958201188906 0.9928834113269160 0.4334557123423583 0.8645030252718990
0.9997904014792549 0.8935949135305638 0.9928833043719014 0.4334561121047143 0.8645018076507832
0.9997904113192138 0.8935952583004702 0.9928838927751185 0.4334539429580637 0.8645074363580022
