0.1759998241753355 0.0742262182396613 0.9140691982720195 0.3711838119634194 0.1944027054536409
0.1760354467352768 0.0742194454651160 0.9140982655020822 0.3712258605804090 0.1944945075248919
0.1760232853040900 0.0742163132387751 0.9140846615438666 0.3711903240955732 0.1944176626849933
0.1760311027033178 0.0742083726844769 0.9141117602255081 0.3712101830837479 0.1944785392036807
0.1759778559074784 0.0742095574134245 0.9140850229172631 0.3712153566165473 0.1944257127390411
0.1760004736797835 0.0742462099465572 0.9140860605198526 0.3712158982611691 0.1945183887336965
0.1759980196729394 0.0742091351247016 0.9141087181211669 0.3711954073973376 0.1944723271685170
0.1759817324382956 0.0741730535951508 0.9140737469047497 0.3711782504095331 0.1944294843719715
0.1760152154557235 0.0742527133034307 0.9140923756404917 0.3712263817017457 0.1943921130105492
0.1760161773293997 0.0742182809707535 0.9140787069409491 0.3712896948431869 0.1944308269170610
0.1760072469832662 0.0741972488827366 0.9141154022148790 0.3712549151918647 0.1944238107263311
0.1759983007185976 0.0742480568695221 0.9140934833490180 0.3712713001631709 0.1944006419992085
0.1760144853418078 0.0741988387608819 0.9140619060345736 0.3711923401192109 0.1944276788642471
0.1760272947720555 0.0742026754183555 0.9141028213859904 0.3712701163759342 0.1945123554452561
0.1759916356271815 0.0742110175852287 0.9140850026321103 0.3711965268230052 0.1944067159457510
