0.5589101803082299 0.1699580656874897 0.2887919388347949 0.7007202236022209 0.1199457990701490
0.5587430299377366 0.1696413858160082 0.2884372352430714 0.7003144575674586 0.1200421207936708
0.5592354917287604 0.1705219154059692 0.2888542904195937 0.7003653665861090 0.1201887366566066
0.5583047407792960 0.1699295428114502 0.2891009032949576 0.7006540725959349 0.1200904000768697
0.5577537674305966 0.1698063858719498 0.2880360303863216 0.6996309880804086 0.1199920322811149
0.5585339116573562 0.1705187488177218 0.2886950810382136 0.7002751360142484 0.1199465251593936
0.5582392554510813 0.1697805921613325 0.2885354107627504 0.7002577539626317 0.1199000353427736
0.5582006431523043 0.1699848072314724 0.2886419860153595 0.7003240061081285 0.1200712960923308
0.5580390918381986 0.1697742882035808 0.2883119123435235 0.6997954607703895 0.1200095831064447
0.5583764952973046 0.1706036050309465 0.2884166532182046 0.7008766097267205 0.1196369914370120
0.5587993158110284 0.1699540660055232 0.2884200573266384 0.7005526550153546 0.1199662090435799
0.5587967010288849 0.1692684264420814 0.2884801724688391 0.7006909198960469 0.1203269745091630
0.5582684754891223 0.1701502322927098 0.2878575117382657 0.6999460200874091 0.1201342697570991
0.5583287545078988 0.1698020796344545 0.2878726427607760 0.7000300887560407 0.1204485729237862
0.5583825830923101 0.1692243034122697 0.2885185081299562 0.6998896618590500 0.1202247923736696
0.5584763308522397 0.1697912227079630 0.2887306201346505 0.6999206531733744 0.1199965439044021
0.5582215287359857 0.1702603533955268 0.2882439268046442 0.7002357703926019 0.1208121016817398
0.5581003922644763 0.1701594889302562 0.2884300473144289 0.7009016471994460 0.1201936167496017
0.5583148170154687 0.1695614248591047 0.2887506794648564 0.7001793696651555 0.1201902372177691
0.5586173796714291 0.1695029990950028 0.2879236350729468 0.7000809914990890 0.1202283078263403
