0.9964418156880301 0.1389337806200766 0.3862368472740540 0.5533545665851815 0.0680809755809920
0.9964419935459967 0.1389329476406820 0.3862271120747392 0.5533528661485345 0.0680767031007126
0.9964418499893840 0.1389341565928759 0.3862372395845399 0.5533544648683716 0.0680801659595122
0.9964419965149388 0.1389334515158639 0.3862413069945882 0.5533541469954864 0.0680810109513879
0.9964420106079700 0.1389350605097974 0.3862315613637305 0.5533514865118273 0.0680805918686512
0.9964420120001622 0.1389330278241068 0.3862366576192716 0.5533537805760416 0.0680782208451485
0.9964420233771308 0.1389351085738038 0.3862377807880910 0.5533515467680952 0.0680827647957992
0.9964419933105421 0.1389352273047655 0.3862364840577093 0.5533531748588192 0.0680815565451441
0.9964419134392490 0.1389348786875994 0.3862378666322333 0.5533524443154217 0.0680791105912261
0.9964419581718311 0.1389351784364622 0.3862165654609751 0.5533525416815762 0.0680815018044178
