0.7505838904245514 0.0390928400131209 0.4005204660790294 0.7194618644520975 0.3082874997549994
0.7505876074283948 0.0390912070759172 0.4005257715933183 0.7194649972667493 0.3082878738145308
0.7505850536529236 0.0390924916812395 0.4005255176782440 0.7194608244017943 0.3082920330618941
0.7505838817141126 0.0390915434795233 0.4005213271107867 0.7194652118179014 0.3082920769000198
0.7505836267857616 0.0390918166189931 0.4005231348129614 0.7194647368265055 0.3082935324847239
0.7505840502790342 0.0390912106534044 0.4005214397744640 0.7194647252939621 0.3082928325771069
0.7505874086075218 0.0390916777801478 0.4005243537229543 0.7194630872666268 0.3082889415951726
0.7505883080571193 0.0390918887835446 0.4005234417829968 0.7194623294564251 0.3082864835705022
0.7505831876987290 0.0390930571832091 0.4005258074664390 0.7194617918702856 0.3082906001958745
0.7505855525974390 0.0390919704361685 0.4005280145507787 0.7194648893347523 0.3082910136954850
