0.8435994765834506 0.4845095419432764 0.6453619924973736 0.9476322759598513 0.8123453699600973
0.8440915873963414 0.4854283778821892 0.6458839571335745 0.9475804456791311 0.8127369634282889
0.8435990586961951 0.4845446184710830 0.6448745318362440 0.9474832693888324 0.8121070318086968
0.8436847812225455 0.4853477992588553 0.6452003084430031 0.9475382095441459 0.8125684176648945
0.8438679046796745 0.4846512025137381 0.6452350927555995 0.9475856716875896 0.8119665842195305
0.8437990534349925 0.4845734806613671 0.6449468146327024 0.9475451687183696 0.8120451004173269
0.8438281245809741 0.4847397243022975 0.6455743904738009 0.9475529852664883 0.8124616027235506
0.8434986089270629 0.4843323796240171 0.6448944763375720 0.9475769844214483 0.8122552009897552
0.8435086258926616 0.4851703394866525 0.6452542590245144 0.9475249834941681 0.8118634458647842
0.8433393609279726 0.4844148542838884 0.6449162550244059 0.9476664396525479 0.8116736467587091
0.8436404229398844 0.4842467061471186 0.6448035035146271 0.9477714589167147 0.8127096502390396
0.8430799989343448 0.4840255393960760 0.6444835762824068 0.9476808596520349 0.8118278185492462
0.8437010899679195 0.4848721540002696 0.6450035322694996 0.9476929614950912 0.8123169582767718
0.8438545427400906 0.4841218096600283 0.6452018079074212 0.9476619692399884 0.8121075347272112
0.8435383028496350 0.4845445149011162 0.6449440731670069 0.9476722586213743 0.8118809540756247
0.8437242333453410 0.4847558010080533 0.6452545816911031 0.9475140767729727 0.8120296406820696
0.8437345698922682 0.4852453785018104 0.6458447130434649 0.9476945299229411 0.8125774155450578
0.8440118784276646 0.4844189206833799 0.6452074928005541 0.9477445368497096 0.8121360852871012
0.8439872877613563 0.4851433255269416 0.6452946919198934 0.9478305790495684 0.8128316798918551
0.8436814647336457 0.4844854669655501 0.6449377826625764 0.9476122445223933 0.8120544014630282
