0.3354922284134490 0.6232572182447509 0.2945980429675235 0.1427225933618590 0.1594839510102366
0.3354906415207108 0.6232561078525903 0.2946015917124476 0.1427229035760285 0.1594871054064493
0.3354905109395191 0.6232553655813869 0.2946005062859137 0.1427186263793199 0.1594801121286612
0.3354919611168647 0.6232557781408966 0.2945963204076496 0.1427172804721809 0.1594823368216582
0.3354909887361708 0.6232578259715493 0.2945938150089268 0.1427244038150543 0.1594846263842658
0.3354931414969998 0.6232543941457614 0.2946153941878394 0.1427159873755924 0.1594821968313292
0.3354924724968367 0.6232525479032280 0.2946013177836231 0.1427176742992364 0.1594798950148250
0.3354931525957597 0.6232543975760071 0.2945957376102791 0.1427183367349727 0.1594821442260749
0.3354883754522000 0.6232557990258480 0.2946007311305002 0.1427191146084061 0.1594739926564065
0.3354923577693478 0.6232554255447618 0.2946130072168611 0.1427228007734537 0.1594837145229785
