0.9820844798373761 0.9804703071038146 0.9763359354337842 0.9940923588502937 0.5672547170263593
0.9820849425744866 0.9804706183812731 0.9763350167207183 0.9940923783181151 0.5672545648755980
0.9820839498966006 0.9804685116571398 0.9763351321032349 0.9940924885101529 0.5672461721696604
0.9820839183815954 0.9804703062972174 0.9763347299668950 0.9940924567471285 0.5672573208795139
0.9820834107279824 0.9804704568812777 0.9763361418560866 0.9940925154636290 0.5672533432204009
0.9820834362085361 0.9804702042519444 0.9763344047269309 0.9940926760374251 0.5672406899306919
0.9820835997417758 0.9804708216214778 0.9763344498511135 0.9940926135295357 0.5672437136238822
0.9820841840557351 0.9804708191589014 0.9763361760350495 0.9940924237298790 0.5672565323665740
0.9820837546995100 0.9804701154785389 0.9763346012486441 0.9940924302987946 0.5672388682869695
0.9820833670966734 0.9804703907141014 0.9763349166674163 0.9940924153244644 0.5672430045617773
