0.0389264995601486 0.2150371889217626 0.7325239380156050 0.8086368230953207 0.8354377770327061
0.0389258099914879 0.2150332780275535 0.7325212529486598 0.8086367313064753 0.8354377489680311
0.0389263540534998 0.2150370729096142 0.7325222327323523 0.8086263001397407 0.8354391566491706
0.0389257479437510 0.2150361055777724 0.7325213585308871 0.8086358697004339 0.8354503003969016
0.0389261098891490 0.2150377014348024 0.7325234631723486 0.8086255063218800 0.8354483856099045
0.0389278607112845 0.2150364467407322 0.7325220193861972 0.8086353060595350 0.8354458414314125
0.0389272577091917 0.2150388582288774 0.7325247733136664 0.8086387822248463 0.8354490131485972
0.0389264270806463 0.2150308613114033 0.7325198985191115 0.8086357710077779 0.8354490755445823
0.0389258599166204 0.2150378398786844 0.7325215718763110 0.8086354342864681 0.8354365787398974
0.0389273525661657 0.2150364471872225 0.7325205618482856 0.8086369180377458 0.8354453710478064
