0.7506012375949294 0.0390935809967025 0.4005913976053450 0.7195150298996209 0.3083508378400523
0.7505412115690434 0.0390981815691460 0.4005313510867515 0.7194650809952804 0.3083320601955979
0.7505896777246609 0.0390920338919191 0.4005377091091885 0.7194689964861837 0.3083054627058993
0.7505657635195514 0.0391099949351691 0.4005680319591355 0.7194023987438922 0.3082738058793175
0.7505926488692675 0.0391054130394406 0.4006544106240010 0.7194629322424074 0.3083347942959858
0.7505758677765062 0.0391021017741106 0.4005704522951352 0.7194978275885616 0.3082862233117079
0.7505659546163992 0.0390975463967494 0.4005996440763960 0.7195088088083474 0.3082973642816679
0.7505648579209785 0.0391044996385271 0.4005366661845813 0.7194846053422116 0.3083161048531614
0.7505594338392894 0.0390934163141162 0.4005719916989961 0.7195441331164647 0.3083067053520571
0.7505664064944666 0.0391053132979135 0.4005486157457330 0.7194709492372063 0.3083183966206193
0.7505930877471654 0.0390976215249319 0.4005259056079424 0.7194765792995637 0.3082978801852891
0.7505897505386241 0.0391088848454797 0.4006248127712161 0.7194997976091939 0.3083006464537081
0.7505930877471654 0.0390976215249319 0.4005259056079424 0.7194765792995637 0.3082978801852891
0.7506034920805333 0.0391099499923396 0.4005853258670077 0.7195015828805760 0.3082984028801240
0.7506111266693112 0.0390980487186132 0.4005790254004843 0.7194959540066349 0.3082787497599307
