0.0322013401709623 0.9991274929895397 0.7358440322450120 0.6155045682799801 0.3840908814605550
0.0322010184793181 0.9991274443020203 0.7358424394972365 0.6155075282961999 0.3840959937926626
0.0322007249290475 0.9991273865750608 0.7358384766403845 0.6155047719079806 0.3840928878100012
0.0321995900824347 0.9991273870928691 0.7358261891103229 0.6155010991340096 0.3840910526935398
0.0321998496388783 0.9991273893954729 0.7358367320213375 0.6155047987404508 0.3840932287543052
0.0322011421509430 0.9991273013825102 0.7358371969011576 0.6155069693362822 0.3840949377877310
0.0322010839557646 0.9991273778190285 0.7358411343407983 0.6155099588113622 0.3840942348766383
0.0322007172417987 0.9991274824332647 0.7358442314043431 0.6154994986998827 0.3840843039016252
0.0321991160757543 0.9991273891947525 0.7358391983421445 0.6155075850470304 0.3840939819798043
0.0322013519552662 0.9991273899409369 0.7358408335694350 0.6155079519422449 0.3840929886858364
