0.9964408540616638 0.1389153036580897 0.3861230710714683 0.5533767934984495 0.0680928089431776
0.9964410123610734 0.1389039609622653 0.3861178373269040 0.5533597475821365 0.0680795791876863
0.9964392360525247 0.1389311429084109 0.3861764820642926 0.5533154826125321 0.0680637210651676
0.9964404177587723 0.1389446758343214 0.3861492466239707 0.5533333753606887 0.0680830593414030
0.9964399114569183 0.1389088993407047 0.3861354886275515 0.5533630631395748 0.0680711104169696
0.9964413807962951 0.1389374179715444 0.3861370610772815 0.5534113008349613 0.0680804314483626
0.9964408074647549 0.1389431805492307 0.3862182410041597 0.5533252804376577 0.0680716964806568
0.9964402557145209 0.1389204747084568 0.3861783266814129 0.5533824453109814 0.0680822190663531
0.9964415874747677 0.1388875823941335 0.3862096781242568 0.5533753526784069 0.0680648710738646
0.9964420003927904 0.1389273862043336 0.3862342223580849 0.5533920286485807 0.0680717245756155
0.9964426887155635 0.1388984333727722 0.3861775973583726 0.5533757303686989 0.0680712486031100
0.9964395738018602 0.1388665819777456 0.3861582500959812 0.5532815624397782 0.0680624602883440
0.9964409545276707 0.1388823352098132 0.3861316724447280 0.5533448242681791 0.0680673003486125
0.9964405559998634 0.1389020667883624 0.3862060241887325 0.5533406600598744 0.0680721923236937
0.9964413862157686 0.1389390511998572 0.3862562399371571 0.5533763768128561 0.0680787266057328
