0.1756810268143195 0.0744652329070087 0.9143697527336192 0.3712519125903956 0.1944500077337698
0.1760460060094719 0.0741983763476508 0.9143161672984684 0.3710526035173997 0.1941661523582655
0.1762343209049179 0.0742775662808378 0.9144049348287698 0.3714998211788116 0.1951898566554805
0.1764102787387328 0.0745217921863991 0.9143481150052537 0.3710896942758636 0.1949466805517506
0.1759872365719551 0.0742713661685576 0.9143989285130548 0.3710521719855399 0.1951183871347973
0.1761804315310992 0.0743166313889754 0.9143828082633281 0.3709425684008290 0.1947850576866376
0.1762409326897272 0.0743632312363226 0.9147235321184314 0.3712895980280403 0.1948123954156115
0.1762182573407068 0.0742089180921597 0.9146288649555042 0.3716412199101565 0.1950707194569109
0.1764179031726307 0.0742974508819351 0.9145095726357100 0.3716663888451880 0.1953876845783253
0.1760324003641278 0.0743220995128670 0.9144129627370835 0.3716444126774885 0.1951032964853641
0.1760747188400713 0.0741728684066407 0.9143649754584459 0.3716423387673127 0.1953919692543210
0.1759157263031242 0.0742899301721668 0.9144404802945024 0.3712822094866770 0.1949877677130901
0.1762388877442498 0.0742638007595995 0.9144508298415921 0.3710096685461450 0.1943740352418700
0.1760763227401467 0.0743286171050404 0.9142612168442558 0.3711129731858509 0.1942620864253139
0.1758364981070346 0.0745484919263603 0.9143993481634675 0.3713374984505753 0.1949307336506046
0.1761938508148911 0.0743196833172474 0.9144134865803681 0.3710038866648739 0.1946107050258462
0.1764122764735023 0.0746335996953166 0.9141742060211611 0.3720378652102754 0.1947472752820688
0.1760958154129356 0.0741337963170116 0.9144354253317162 0.3716450930482499 0.1950171162926675
0.1756028095283105 0.0740556999184563 0.9143123414458894 0.3712558560320922 0.1947291833421416
0.1767843130441577 0.0740973130064138 0.9145959717339850 0.3719906858455931 0.1947552552189586
