0.1040627386096837 0.9993670795093248 0.6117791881758239 0.7887332704048245 0.5352074985639420
0.1037330433464252 0.9993625686170183 0.6126724005057992 0.7882116084658873 0.5352881099188463
0.1039262530722432 0.9993620300238532 0.6124451956374974 0.7886741852826117 0.5354399230429367
0.1036927794779007 0.9993628924315028 0.6130024384538327 0.7885555303139320 0.5360099744124038
0.1043269764837780 0.9993626095298813 0.6129482055941678 0.7889895817013077 0.5362323835588291
0.1042587657600927 0.9993653247621898 0.6128119059965897 0.7888326512231750 0.5357355335618079
0.1040386343180716 0.9993632767452867 0.6125633269582004 0.7883400531147855 0.5356523408052535
0.1040167045569861 0.9993617927168604 0.6126735022137114 0.7888663437013563 0.5353246806512616
0.1037813803194826 0.9993617647776434 0.6120805359526466 0.7883805367535154 0.5353621828671207
0.1038770128164427 0.9993591409846060 0.6125569369008218 0.7886418186014563 0.5353914271479724
0.1040867669989144 0.9993655570940007 0.6127526150487224 0.7886286533827965 0.5353947037188066
0.1037119383587447 0.9993631767101295 0.6124772397443272 0.7885170105153188 0.5352181463155681
0.1041381870248258 0.9993637207821234 0.6121293185875529 0.7885126902481646 0.5347751469174257
0.1038682068126253 0.9993621439056934 0.6124244615924803 0.7884193095137110 0.5352432626986878
0.1041317658649561 0.9993618328311092 0.6125652743895394 0.7887114390328736 0.5349757611419351
0.1038326916673511 0.9993611423776416 0.6121608652273040 0.7883026696532548 0.5352175359336105
0.1038433167260208 0.9993589842701863 0.6121773822859943 0.7884036938533412 0.5351894149159701
0.1039070255717205 0.9993602412701783 0.6125256469006826 0.7881958487181319 0.5356551967362881
0.1040867669989144 0.9993655570940007 0.6127526150487224 0.7886286533827965 0.5353947037188066
0.1037204520480310 0.9993622084441314 0.6120133734710984 0.7884148103679313 0.5346732172047735
