0.7289020755819892 0.1318973608937808 0.3791692899865506 0.0024933075075620 0.2735259100083927
0.7289074800995344 0.1318996218138886 0.3791807126831955 0.0024932611010657 0.2735286560455883
0.7289075189634060 0.1319008820528338 0.3791837481569535 0.0024932005054069 0.2735303702036515
0.7289114723197907 0.1318983716880863 0.3791808777856232 0.0024932642478869 0.2735325204971169
0.7289110482136201 0.1319015478721022 0.3791686819568728 0.0024932617308349 0.2735360916147296
0.7289111734111771 0.1318994891653298 0.3791844151016620 0.0024932826335605 0.2735354246960831
0.7289145380754122 0.1319047093373205 0.3791833381751101 0.0024932999368679 0.2735318840387112
0.7289047798224427 0.1318995793885411 0.3791808853143497 0.0024933483656529 0.2735293891864730
0.7289126813053635 0.1319005440444120 0.3791824268427222 0.0024933511742088 0.2735328448353944
0.7289115923257973 0.1318995199933633 0.3791838068890837 0.0024932473032308 0.2735356045022360
