0.9997905685332282 0.8939159859847274 0.9929095326407195 0.4334124345247329 0.8647768755399801
0.9997908748165704 0.8938051083484612 0.9928910926024768 0.4336649355945724 0.8643602327554913
0.9997916768736742 0.8938621082212931 0.9929020614305453 0.4332133367672743 0.8646703588606388
0.9997914527182346 0.8937240539987279 0.9929117083873658 0.4337029601802729 0.8646572792168585
0.9997911333909908 0.8932924260403545 0.9928939674798081 0.4327649082891329 0.8641037317297228
0.9997920859265993 0.8939398321252270 0.9928883145738497 0.4341001017810896 0.8643935657371026
0.9997921691377708 0.8939534723100311 0.9929124854546453 0.4337201409240220 0.8643144000660872
0.9997917262813348 0.8940500294192112 0.9928875206601835 0.4337887599333267 0.8646161943344691
0.9997912979853217 0.8938409244953686 0.9928909280948074 0.4332192599739491 0.8643004327344380
0.9997913198487275 0.8936719782243102 0.9928583935442845 0.4332385532546065 0.8645632348653605
0.9997916230165085 0.8938860838979352 0.9928596730549820 0.4330958092365624 0.8642022812220531
0.9997921668474932 0.8940322506202265 0.9929409003195465 0.4331254890344837 0.8643885037187149
0.9997915159851181 0.8939801177527918 0.9929106513440580 0.4336108094144263 0.8647100055086855
0.9997918889360087 0.8934802548451574 0.9928956216954212 0.4335547283381854 0.8649037957388189
0.9997905534085586 0.8940185652891340 0.9929002900154955 0.4337216072081568 0.8647848726474350
0.9997908759643019 0.8939387472581216 0.9929261713977963 0.4342710353193170 0.8647206519418643
0.9997918965020288 0.8938247550152965 0.9928924509143275 0.4336327377632517 0.8648013163630831
0.9997899742048596 0.8934804711991517 0.9928645975314880 0.4332294586651984 0.8643407438015624
0.9997918783217911 0.8940282596297553 0.9928749819631086 0.4334804204682923 0.8646506005809126
0.9997929518146518 0.8939734860988385 0.9929031690856689 0.4330516282881386 0.8646410331007671
