0.7173343484409950 0.7135066307582785 0.9447513848767113 0.9665923170171330 0.9914599925861818
0.7175993294696095 0.7136786554040212 0.9447948911467907 0.9666422905912350 0.9914605472818131
0.7171485569443881 0.7131489884327098 0.9446224883118980 0.9665261999046147 0.9914351648717705
0.7173683166207988 0.7130715644804845 0.9445880452854665 0.9666277505409298 0.9914580628779142
0.7178702987737482 0.7143112035391878 0.9448893921714637 0.9667257440716536 0.9915003520332578
0.7176068268746063 0.7138920048110645 0.9447711781486633 0.9667968862533516 0.9914720279364603
0.7169326576191926 0.7138015043767978 0.9447937758079155 0.9667354000556240 0.9915070232491445
0.7176069891998123 0.7140009837385967 0.9447957745547308 0.9666722442694318 0.9915076320961527
0.7179984015908636 0.7142013883889079 0.9449085903623654 0.9666034965925190 0.9914768238361336
0.7175204974813922 0.7138738842670121 0.9448713867618371 0.9666564907679818 0.9914553532641190
0.7176010942114032 0.7134551712622186 0.9448883771481288 0.9667952478869063 0.9914556104722786
0.7172610453438603 0.7141343328282009 0.9449919084027654 0.9667036106093666 0.9914633270131680
0.7177421171311255 0.7135757602464637 0.9448288522374017 0.9666375155626931 0.9914735139356320
0.7169370884064021 0.7133443001775907 0.9448564336322918 0.9666140528127877 0.9914340143606778
0.7176057783118890 0.7145370426012266 0.9449084663437060 0.9666153657330800 0.9914170055635262
0.7180288645874068 0.7134793854130397 0.9448335037907911 0.9667053002932366 0.9914620336203593
0.7168581942277786 0.7143639486149223 0.9448112835529406 0.9666432800243883 0.9915159310627780
0.7174075442916171 0.7137589845295080 0.9447792706080108 0.9666371238668358 0.9914471491949784
0.7170604931009434 0.7139426060564545 0.9446436134003804 0.9665501896011561 0.9914416559040751
0.7175284830896840 0.7140180808092395 0.9448300465176817 0.9666347203960644 0.9914304792222506
