0.9000467489455477 0.6621330448569421 0.1514270341911574 0.1411849400229776 0.0048048637997538
0.8999281537566440 0.6624832421065404 0.1514661968721649 0.1411530948032678 0.0047906453759569
0.9000494152296031 0.6622428172420604 0.1513458690768279 0.1412985346709540 0.0048151074598911
0.8998885769204747 0.6624935097068616 0.1514037325437601 0.1407081928310030 0.0047763616569299
0.8998827622711890 0.6618313373685364 0.1515006870302359 0.1409553252787928 0.0047736664234135
0.8997493965761697 0.6625397701749045 0.1517125985088036 0.1406759438668376 0.0047877043821696
0.8997333446693471 0.6618721781341064 0.1510586910032176 0.1404748826346820 0.0047826383381002
0.9000207342508337 0.6623572578299218 0.1512376439691511 0.1410962241216124 0.0047929829824460
0.9001994668388421 0.6626074999659285 0.1518778626889566 0.1411702507587636 0.0048097461219433
0.8999911927797972 0.6627516080858127 0.1511492845687889 0.1411110571214136 0.0047718181258584
0.8994811349313235 0.6617550007548612 0.1512874016704482 0.1406118067688291 0.0047612623823801
0.9000359375038263 0.6615497037515385 0.1514989094348784 0.1406859428076381 0.0047845189801309
0.8998177768071837 0.6618701257093751 0.1517112919045799 0.1410728097146629 0.0047950111771352
0.8998059797035178 0.6622750702423359 0.1515591833476022 0.1411229396893508 0.0047863549603249
0.9000093532250667 0.6625385518567024 0.1514971704887655 0.1413423465413143 0.0047857906434083
0.8999316716368029 0.6621045201345730 0.1516642487676578 0.1411406120698609 0.0047854669580674
0.8998209915814624 0.6620040936269053 0.1513112364721172 0.1412670018484517 0.0047800665171185
0.9000895670997447 0.6620556176092375 0.1512727034969444 0.1408239353068845 0.0047767154510857
0.8996375436996333 0.6616269791676445 0.1511864856478320 0.1405196004151134 0.0047530822943000
0.8997833999507637 0.6623700523148119 0.1511903951630022 0.1412447657669628 0.0047819878560691
