0.5489553914459435 0.7768180492011797 0.8710419350013526 0.2682790352812621 0.8965975190244783
0.5489501609452416 0.7768158980463792 0.8710422234863495 0.2682777611429267 0.8966033034600951
0.5489546929196446 0.7768183553004268 0.8710423908181475 0.2682789045764892 0.8965965885028664
0.5489549211820427 0.7768155614012114 0.8710448794667931 0.2682778741541743 0.8965965544751388
0.5489561541185997 0.7768187521104802 0.8710423188022427 0.2682973146806669 0.8966015846834210
0.5489545093857899 0.7768163869155041 0.8710390540792609 0.2682795010583919 0.8965934865935833
0.5489509213405885 0.7768152089900948 0.8710400751092382 0.2682767447099935 0.8965991275692484
0.5489555552957622 0.7768164867122801 0.8710437350941050 0.2682779460409267 0.8965991159098011
0.5489492773914998 0.7768151953062613 0.8710418155838320 0.2682796263924172 0.8965941581800523
0.5489513167413473 0.7768175528486934 0.8710401429640854 0.2682775809332359 0.8965985534510245
