0.9936686080712179 0.9015010277864364 0.9490253732901969 0.7757411751506575 0.9978884111322962
0.9936684762019631 0.9014990643761582 0.9490259144919621 0.7757446682184841 0.9978884587878508
0.9936687779179051 0.9015012715962308 0.9490273707959653 0.7757418007562701 0.9978883514502001
0.9936685437448055 0.9015012027944550 0.9490255985947039 0.7757416633718127 0.9978883399427663
0.9936685513407267 0.9015029117431413 0.9490255627398222 0.7757401933294370 0.9978884168158600
0.9936686221137543 0.9014997188679101 0.9490270032424233 0.7757408592859895 0.9978885271491225
0.9936682526684075 0.9015012803006616 0.9490254108712626 0.7757394771527171 0.9978884688815147
0.9936688186241015 0.9015001229988973 0.9490269993982644 0.7757414369201878 0.9978884021946911
0.9936687300954518 0.9014997920530837 0.9490276192061843 0.7757469002775682 0.9978884367718801
0.9936686467978214 0.9015007648344893 0.9490265336994040 0.7757460301718313 0.9978883129609419
