0.7171608385035385 0.7136424619055851 0.9446353308751640 0.9665083737895290 0.9914251076104185
0.7171509893782918 0.7136273503425083 0.9446344227333007 0.9665071384553254 0.9914248766683793
0.7171593322200407 0.7136291333795935 0.9446353675571216 0.9665069001251128 0.9914246763408294
0.7171550158996595 0.7136336696773317 0.9446345640371747 0.9665081491935151 0.9914249572498258
0.7171566593912466 0.7136305619573386 0.9446346733277642 0.9665086273900321 0.9914249842735731
0.7171571367617834 0.7136305682425086 0.9446346444196787 0.9665082107384518 0.9914249894786235
0.7171576719557050 0.7136321220888414 0.9446355447867126 0.9665086243817903 0.9914248338322288
0.7171530955724182 0.7136421209470187 0.9446341604877693 0.9665081489644217 0.9914249517816103
0.7171581119437227 0.7136309538801530 0.9446349565699463 0.9665087211014988 0.9914248855912199
0.7171564129406466 0.7136423439233217 0.9446354168665855 0.9665085470075913 0.9914250465599516
