0.3358037432079161 0.6232370247830070 0.2947130860576527 0.1424305854489559 0.1597444944868248
0.3353969105203662 0.6233819123309373 0.2949476199108799 0.1423792668595766 0.1593754749842309
0.3354686394014602 0.6229357266734400 0.2952196507490416 0.1427288407240845 0.1596197648528064
0.3356069522956796 0.6231359097165461 0.2945870721488607 0.1425855522956536 0.1596230932007108
0.3359177906945840 0.6229123274119599 0.2949718449981547 0.1429223007406534 0.1603267028404304
0.3349119199802429 0.6230113218464725 0.2948291039428734 0.1432042015797422 0.1596093558520552
0.3354876682178700 0.6229960713506029 0.2956112677600329 0.1426443787983151 0.1592016972345729
0.3355454292741538 0.6227676902492535 0.2945928878943841 0.1424510453635533 0.1598318178340688
0.3353358155936265 0.6227748962211644 0.2949151088847636 0.1426652397998071 0.1595233303643457
0.3354752794048639 0.6237345513896042 0.2952408278940102 0.1428951261795398 0.1596765892820277
0.3352622609321539 0.6231648670640011 0.2952784506599440 0.1428091384925312 0.1594489845430047
0.3353157826146487 0.6229475367553523 0.2951925698511001 0.1426389025326661 0.1590542646795786
0.3355667948129843 0.6229312612717298 0.2943840794995281 0.1422241992975307 0.1593978559901544
0.3358391517700105 0.6229969120550398 0.2947681206269921 0.1424144501857132 0.1597170004830118
0.3355877030029853 0.6236200053840932 0.2937901939741570 0.1426790238929120 0.1597450326660526
0.3354367225269677 0.6227883479387115 0.2951067909951584 0.1427152796928791 0.1594911594775087
0.3355975790589477 0.6230884963767430 0.2951946134365058 0.1422184205493921 0.1594728960495603
0.3356762081051245 0.6235367693041771 0.2951091929010462 0.1429481753322064 0.1598229897239051
0.3354928868823899 0.6240094784045520 0.2955122775752580 0.1428337122714331 0.1599561134227526
0.3357287809982530 0.6234771277064288 0.2949863736399607 0.1430313201514141 0.1599466002556109
