0.0321879123868266 0.9991273476082309 0.7357665806466023 0.6155479440032402 0.3840860728757836
0.0321900575693031 0.9991277512051595 0.7357920546298107 0.6155374634550702 0.3841657188098769
0.0321933797040160 0.9991275437583635 0.7358130242308039 0.6155487954522327 0.3841722158870903
0.0322021252769389 0.9991277056681503 0.7358066764170672 0.6156566983577135 0.3841557946473391
0.0321766096017548 0.9991278369636816 0.7358233723129660 0.6155777506885955 0.3841393179182837
0.0321863498431188 0.9991274464251136 0.7358097692024667 0.6155964852695766 0.3842129669831140
0.0321868820822014 0.9991274826458334 0.7357685733295077 0.6155642746232489 0.3841089601637843
0.0321920211609340 0.9991272981374130 0.7358106088424747 0.6155696275140894 0.3841695136035615
0.0321819812504370 0.9991273109523185 0.7357708811776127 0.6155814313502356 0.3840986705715291
0.0321847950153547 0.9991283000170907 0.7358189332490432 0.6155330125510405 0.3840702727896108
0.0321986665041448 0.9991281883559429 0.7357911244444821 0.6155412068707449 0.3841386044342982
0.0321974299354383 0.9991276285718497 0.7358087540394811 0.6155168961615265 0.3840782935791035
0.0321986665041448 0.9991281883559429 0.7357911244444821 0.6155412068707449 0.3841386044342982
0.0322014723940437 0.9991283816446105 0.7358744376044996 0.6154856478550985 0.3840822078550399
0.0322014057001102 0.9991280363166990 0.7359095526358735 0.6156419896826818 0.3841101881881492
