0.1752933639549629 0.1050837933727249 0.9178445455441967 0.8568703088713596 0.7043242831767238
0.1753912117055959 0.1050343139932805 0.9178222364298002 0.8570557959303939 0.7036270054396311
0.1755441281730236 0.1049816133803331 0.9180937047758876 0.8571535412030719 0.7040853050409700
0.1756164951754093 0.1051321502972105 0.9178957408828670 0.8569619743395230 0.7040418220708180
0.1751877734946503 0.1052314025339045 0.9179734734579845 0.8574763574359036 0.7042476850241781
0.1751844198858557 0.1050553962787545 0.9178987794586019 0.8570229877756783 0.7037483996965331
0.1750049713217195 0.1049916470503487 0.9177274732829447 0.8572969962327732 0.7037960265248493
0.1753073290235986 0.1051045424471478 0.9180349742808821 0.8571602138551321 0.7038903684113113
0.1751938151174805 0.1049679560956994 0.9176614326494279 0.8570440242475960 0.7035202374127320
0.1754561317703871 0.1049982244273305 0.9177261421583019 0.8569542442201099 0.7040647499438106
0.1752871612523416 0.1049988348869657 0.9179364677557731 0.8576609044706638 0.7035526689358497
0.1751468256687886 0.1050406381938631 0.9175827505089689 0.8569914120783192 0.7034471960165638
0.1758051886516284 0.1050128704022490 0.9180485122005011 0.8574205908483185 0.7045712813379722
0.1754368473641578 0.1047639700186944 0.9177931250889605 0.8570598056143490 0.7038492816111962
0.1752784104112423 0.1048814366357802 0.9180959430224011 0.8572840936021497 0.7041637418371283
0.1750873382927928 0.1051024447436927 0.9180908535190390 0.8571487281918760 0.7046525946350986
0.1751861073786887 0.1049339188686621 0.9176733025962187 0.8569880726238909 0.7035024316442228
0.1754794836579419 0.1051097210283130 0.9179205111575406 0.8573384031670501 0.7045317377963647
0.1756748423108072 0.1054643197762626 0.9177139868993138 0.8570047625912808 0.7039909412663862
0.1753798741807339 0.1051049785259037 0.9175163312733776 0.8570117495494656 0.7032243178687504
