0.0389366015766752 0.2147434097924479 0.7326996905423355 0.8091864801040540 0.8353430438830821
0.0388659652811252 0.2152066794715753 0.7329267714929131 0.8088553079806566 0.8356599885926258
0.0389085949235910 0.2152643908059886 0.7333447989429142 0.8089907196821186 0.8356721823328429
0.0389580922152493 0.2145978084183037 0.7323734626345327 0.8087095180401161 0.8354151215425999
0.0388801079525280 0.2153838558810234 0.7327861733251936 0.8086718705649588 0.8350660499339273
0.0389541650031567 0.2149037683493679 0.7323165755079175 0.8089084355165040 0.8354877944278069
0.0390337231334977 0.2153452724787407 0.7331293171790239 0.8089971423356433 0.8356471557710421
0.0390432264640758 0.2153812978869543 0.7332475817568572 0.8090212319010208 0.8358263265859772
0.0389099921973005 0.2156668074632752 0.7329769853077617 0.8090509102119143 0.8357714925860172
0.0390019623205931 0.2154014866628188 0.7328158223010175 0.8092494499484588 0.8358881939832329
0.0390556847584538 0.2150352027244038 0.7322093798718788 0.8085902724848926 0.8356589024746589
0.0389601338489577 0.2153706921217222 0.7329445084928189 0.8088179729727391 0.8361675760653117
0.0389944702142341 0.2147860711406951 0.7321975051899043 0.8090484390024931 0.8352654380990513
0.0389313779070852 0.2153222315193376 0.7329075667905098 0.8089148250633428 0.8355859888478641
0.0389037606856214 0.2153126303482763 0.7327178708605777 0.8091940065347786 0.8355744666458201
0.0387633196165502 0.2151524708645876 0.7329377496393045 0.8086028755671597 0.8358980897606378
0.0388926284312739 0.2151389064230430 0.7323613762405710 0.8082730472935604 0.8351277057169144
0.0388912774629642 0.2149248166334695 0.7327865746629955 0.8089367679394304 0.8357766994954514
0.0388371189616234 0.2151178638399874 0.7331005917631960 0.8089044416669646 0.8353760953872632
0.0390168571969305 0.2150625184672568 0.7327959909455625 0.8087605756517100 0.8355672779140386
