0.9936414032527446 0.9012414803000504 0.9488401902425516 0.7760569093401744 0.9978825342652770
0.9936405065472325 0.9013216086245005 0.9489496870385301 0.7759999675432515 0.9978874547919425
0.9936812326353357 0.9011745598446534 0.9492418978550248 0.7763673955732280 0.9978882120431178
0.9936336870953704 0.9012249338110583 0.9488458658646610 0.7759443228098839 0.9978809062492280
0.9936598190361177 0.9013445616138364 0.9488915631748268 0.7758864574280719 0.9978791362307320
0.9936658312068370 0.9014316060322529 0.9491388669936515 0.7765036237337741 0.9978944425449278
0.9936656139570679 0.9014384458767833 0.9491557119207088 0.7767035465670470 0.9978928594901760
0.9936920566814404 0.9014954337484397 0.9490441281458938 0.7766550879905160 0.9978933651734239
0.9936555077240449 0.9014485007458214 0.9489619465928903 0.7760146373910174 0.9978895240900504
0.9936570239520760 0.9014077871204742 0.9489515056436435 0.7764508186462032 0.9978936089789039
0.9936322689715217 0.9011734291039675 0.9489139952058494 0.7758814328338325 0.9978847512333543
0.9936632753949546 0.9012971525653950 0.9491553064459846 0.7766564251903468 0.9978845199151987
0.9936710242661315 0.9015629185698750 0.9489760742996912 0.7764146985202847 0.9978889933571579
0.9936584144245488 0.9013747522082960 0.9490511170894620 0.7761117850222037 0.9978843259921254
0.9936533508749206 0.9014957673645951 0.9491592530071765 0.7765487633057911 0.9978917267661663
0.9936605527431149 0.9016334820305368 0.9489569990864901 0.7764790451492342 0.9978882314367576
0.9936318852881105 0.9014558738489217 0.9490151139912548 0.7764436408615885 0.9978948042458938
0.9936996453072556 0.9012372364896307 0.9492336417894890 0.7766941102213474 0.9978936169159638
0.9936846116423164 0.9014344448661092 0.9492442231308669 0.7767917818320836 0.9978916603597134
0.9936780835745324 0.9015587121824008 0.9490775246322029 0.7762069091716576 0.9978930528741161
