0.4063051690745591 0.4786459527463194 0.2906520047646022 0.8337540086472476 0.0482947834245740
0.4063040307282650 0.4785894005770370 0.2906620627529264 0.8337623549373303 0.0482804121037393
0.4063700411509535 0.4787004559026797 0.2906304964490897 0.8338072068852151 0.0483021631529578
0.4063143403209312 0.4786714567727329 0.2906439951281192 0.8337419340617019 0.0482906088106949
0.4063128352676114 0.4786337315119873 0.2906516825508216 0.8337762127007534 0.0482954464101193
0.4062814199933866 0.4785705008913841 0.2905425608932863 0.8336955303601469 0.0482754021955569
0.4063832599524918 0.4786598939559194 0.2906404619476654 0.8337616914266632 0.0482841301567319
0.4063159067578140 0.4786657234954921 0.2906322891490060 0.8337880289451988 0.0482803710411026
0.4063255297465543 0.4785962375141893 0.2906721485356626 0.8337935104762153 0.0482858331125411
0.4063919618971653 0.4786804587693760 0.2906714837099033 0.8337489100600227 0.0482881786181560
0.4063331454038653 0.4786580365581962 0.2906569550735765 0.8337345119161940 0.0482945997093377
0.4063692715037128 0.4786239110333937 0.2906192435531025 0.8337691355384589 0.0482873451778123
0.4062695580341233 0.4786014171638279 0.2906163066226741 0.8337216721539431 0.0482859346480362
0.4063510943029509 0.4786789158080771 0.2906163628100693 0.8337259006315266 0.0482780412666407
0.4063117020941626 0.4786989160646409 0.2906342332125755 0.8337411138553594 0.0482878412167757
