0.2435163337243097 0.8070973930444560 0.6607183234992515 0.7841497383995908 0.6797565204791477
0.2434984427524869 0.8070949949805509 0.6607090783324272 0.7842168444951186 0.6798841334965888
0.2435005368848718 0.8070868120986643 0.6607042402343533 0.7841264125775562 0.6798191106001843
0.2435062567156437 0.8070671221118256 0.6607116398258539 0.7842127538323813 0.6799154545659969
0.2435296822864600 0.8071041170256105 0.6607343343346210 0.7842263652497007 0.6798751876820005
0.2434924357493234 0.8070928474742232 0.6607126452539669 0.7841600858296089 0.6798208144370641
0.2435349967592601 0.8071310245665726 0.6607301951603728 0.7842045004831100 0.6798728655396000
0.2435117430756849 0.8070975526158114 0.6607354122466121 0.7841968987210635 0.6798219486511975
0.2435098171011346 0.8070800325495203 0.6607220825461120 0.7842011959710660 0.6798672727213227
0.2435330015282132 0.8071072643131536 0.6608054288047627 0.7842292352362596 0.6798934071072091
0.2435248656697034 0.8070951652214791 0.6607258840239406 0.7841765838223140 0.6798418734271021
0.2435034014287713 0.8070990014038099 0.6607146229136894 0.7842018309482721 0.6799342083136178
0.2434560376057837 0.8070509670526561 0.6606633102896408 0.7841058998530804 0.6797803648247995
0.2435357884615459 0.8070745599020913 0.6607672695972878 0.7841971891493985 0.6798407018045343
0.2435200993112675 0.8070811433626877 0.6607540551213614 0.7841521172308275 0.6798282969290946
