0.4068875535943860 0.4790540223011162 0.2904908466186867 0.8345853107486864 0.0483742370160701
0.4070877094949294 0.4788713674583120 0.2906643170213893 0.8340485556366788 0.0482960830377460
0.4065587931622026 0.4787268242612729 0.2910334309294669 0.8342580135586715 0.0484560614323247
0.4072657033087740 0.4790805406257823 0.2908344516602394 0.8344068400159861 0.0483632752120888
0.4065240752729009 0.4794053808566126 0.2904491960965425 0.8341446612393127 0.0482431555238766
0.4067979838340920 0.4791633627179671 0.2908295555532682 0.8338402146402938 0.0484259248901562
0.4073796774317875 0.4790907369432773 0.2911989681064140 0.8341858015427198 0.0485277980384028
0.4070465250012479 0.4786339316234107 0.2908790118925084 0.8339436856640168 0.0483096255454513
0.4065596469917455 0.4792009360117696 0.2904975659987108 0.8339486695031365 0.0484274501978597
0.4074697386029039 0.4792912494274478 0.2903805124519547 0.8340555748295179 0.0482176433593962
0.4064379354592008 0.4788911586434078 0.2906957748938592 0.8341176310160771 0.0485191721667280
0.4064261338226112 0.4790486555860591 0.2901774404070600 0.8336542269426028 0.0482597595323876
0.4069406468300720 0.4797424936376102 0.2910822602513613 0.8344971462559474 0.0485114979446455
0.4067448646188025 0.4789646355504422 0.2909793882357507 0.8341790541680136 0.0484741239028895
0.4065931341565371 0.4787112337538405 0.2903513158780734 0.8339059131024845 0.0483329951154840
0.4068431566079289 0.4794857475737385 0.2908042879178092 0.8341963902319948 0.0482962379812479
0.4071409450563286 0.4796873590883360 0.2911548120863221 0.8345046201260266 0.0484780561399653
0.4071368961617524 0.4795289009149539 0.2909480596862937 0.8345028203869808 0.0484338546961407
0.4071880445222301 0.4792009101306810 0.2911539859055489 0.8343552765473644 0.0483912851943840
0.4065713260962110 0.4790761947851519 0.2907441705885439 0.8339467903163094 0.0483836010537882
