0.9936695222416259 0.9015195521308365 0.9490221932192968 0.7758216947749144 0.9978887419685817
0.9936665720952778 0.9014893826633599 0.9490313992428354 0.7758556542998477 0.9978895828008021
0.9936668826345738 0.9014913271704817 0.9490278283312229 0.7758620604997289 0.9978879677486595
0.9936651984105406 0.9015055128448399 0.9490442822802792 0.7758045691702526 0.9978888885303546
0.9936678474354699 0.9014978922683282 0.9490202714921432 0.7758953618183914 0.9978883308885667
0.9936676567606757 0.9015063324891213 0.9490326927422595 0.7757633199374242 0.9978882210544727
0.9936658699366326 0.9014862264166387 0.9490237695543150 0.7758157881225756 0.9978889466240857
0.9936684528526714 0.9014903787929126 0.9490376051850227 0.7758183013424800 0.9978888318643200
0.9936669263872151 0.9014942696699456 0.9490333204546387 0.7758706945715389 0.9978876086242123
0.9936659193292449 0.9015100959088101 0.9490361712563260 0.7758581220398462 0.9978890986533515
0.9936685303421873 0.9015079381950560 0.9490373946924257 0.7758197067472993 0.9978886730957197
0.9936673423634306 0.9015317410123290 0.9490270061581623 0.7758287524202651 0.9978892101033432
0.9936686056871635 0.9014664220607900 0.9490290403981229 0.7757576391077599 0.9978890311220938
0.9936670346390811 0.9014796684611796 0.9490173192975656 0.7758058771442353 0.9978893282869855
0.9936629410670235 0.9014803462573522 0.9490196049460004 0.7758262817813104 0.9978890912410928
