0.4579044268036866 0.1907012582755190 0.5912093781753195 0.4568874270400538 0.4276507781824124
0.4579400038831699 0.1902636373228495 0.5915047290199702 0.4568935216075438 0.4277205736413300
0.4578868054113144 0.1908677405756952 0.5906448034598646 0.4564709570988988 0.4270748080391603
0.4578397969418113 0.1904902692308016 0.5915708028412249 0.4568386337948098 0.4277481921420027
0.4583374370684652 0.1906260691279220 0.5911376155879323 0.4573418063903371 0.4271785114259672
0.4582349337393562 0.1907580024214390 0.5919331688660602 0.4567878059959996 0.4285600271732737
0.4576468444084945 0.1901472512527337 0.5911319559311684 0.4570999972472131 0.4284780201086381
0.4580191683494615 0.1901160553503236 0.5913975960557838 0.4575402660712817 0.4283476848327182
0.4573552114619235 0.1909381670625290 0.5914873014017101 0.4573552114619235 0.4275960302316753
0.4573018502222283 0.1900857857196864 0.5915322833929056 0.4568210918083749 0.4282302500876085
0.4583135377318189 0.1907466315748819 0.5912368333142097 0.4568071275113356 0.4275574111988251
0.4577347979529677 0.1903572029997402 0.5905798107138439 0.4572763616870771 0.4275709928327983
0.4578158935367941 0.1905081316996892 0.5918571545312742 0.4573264122739029 0.4282563480096020
0.4580714939452623 0.1906421655180930 0.5912540825173149 0.4571033313314311 0.4274989155249357
0.4582467746811929 0.1904199914703245 0.5902388753544338 0.4568321437698549 0.4268944891357903
0.4582960050495499 0.1901354457652211 0.5908302222024338 0.4573312368470357 0.4272129644360688
0.4575994420548335 0.1908170129513430 0.5907318885166849 0.4566029284024445 0.4274581579247823
0.4584381456555137 0.1906079192380319 0.5919206448387219 0.4579546653804796 0.4285900751543531
0.4577111524282720 0.1909143596936662 0.5911977534087008 0.4571865190378563 0.4279545110366451
0.4582586866155307 0.1909743432167800 0.5908482021138072 0.4573150696892177 0.4275330723725999
