0.1748352177207367 0.1049578280086547 0.9176246098105875 0.8569938873640233 0.7035832747485482
0.1748324470301239 0.1049585404961870 0.9176192821732891 0.8569934296295298 0.7035775371570646
0.1748352042886639 0.1049593736272238 0.9176191525835341 0.8569912192871598 0.7035819311490380
0.1748315634712219 0.1049580929170324 0.9176193783053508 0.8569922915760342 0.7035802134066246
0.1748359974254615 0.1049576855339379 0.9176214791926280 0.8569918359094392 0.7035794400695570
0.1748347963935918 0.1049584263317600 0.9176194273078797 0.8569918728101603 0.7035802870143636
0.1748333544041008 0.1049596471330138 0.9176190851951542 0.8569917742382550 0.7035794662670706
0.1748361965480145 0.1049578539383160 0.9176247942212064 0.8569931247972397 0.7035812723500937
0.1748314508562078 0.1049582087173355 0.9176198330658274 0.8569925468558544 0.7035842204116770
0.1748331113880829 0.1049568443875250 0.9176212124624293 0.8569934119940785 0.7035787940879757
