0.3355573006534641 0.6231996519199023 0.2946179118502129 0.1427152290715960 0.1595772057981788
0.3355413032143136 0.6232532643344358 0.2946230939789755 0.1426739384281339 0.1595555757284728
0.3355276119453859 0.6232535039863980 0.2946756375720283 0.1426948326542204 0.1595444949818220
0.3355140608883083 0.6233083177091303 0.2946052664934278 0.1427585237434422 0.1594916898498422
0.3355431434803756 0.6232541479008611 0.2946009243388851 0.1427113889715116 0.1595091321824636
0.3354867516212672 0.6232709551560062 0.2946869239318820 0.1427353854471044 0.1595422044937158
0.3355158697817300 0.6233043753668239 0.2946389870823771 0.1427056444321620 0.1595396389076016
0.3355418292535963 0.6232286080378465 0.2946145102079719 0.1427208446634974 0.1595374491860799
0.3354979572087636 0.6232678624576439 0.2945880750502654 0.1427097156327586 0.1595509123322150
0.3354786446209739 0.6232231538858054 0.2946651982583972 0.1427018452057908 0.1594845394941639
0.3355075815051797 0.6232833557412281 0.2946429384672591 0.1427227539707734 0.1594464897438157
0.3355033087317780 0.6232088132801185 0.2945874966718712 0.1427126123798202 0.1594915171584212
0.3354151674419525 0.6232736410039998 0.2946309893419621 0.1427095185084724 0.1594229322131351
0.3354881993997592 0.6232675991451264 0.2946016799900285 0.1427226667716746 0.1594771892003150
0.3354653341065617 0.6232750095023655 0.2946662093901601 0.1427182095570840 0.1595151227510241
