0.9820919638169904 0.9804772343609814 0.9763382426882545 0.9940907281236446 0.5673752770143928
0.9820898885001209 0.9804743536946656 0.9763413562225258 0.9940921684723251 0.5673941954080820
0.9820885399299710 0.9804782104124797 0.9763388098318511 0.9940911262914975 0.5673174677108042
0.9820839589711829 0.9804747973617433 0.9763329170452284 0.9940892264313387 0.5673048974091730
0.9820866530977945 0.9804773638446991 0.9763393249906875 0.9940905803679999 0.5672949390811682
0.9820884319696376 0.9804760214298928 0.9763384992698380 0.9940916674891352 0.5672504727615710
0.9820830051811041 0.9804752607722470 0.9763457620464719 0.9940929001903386 0.5673506006034866
0.9820867195488060 0.9804722330018665 0.9763448041302488 0.9940918162415965 0.5672969876673415
0.9820923192332472 0.9804724495294406 0.9763453722156903 0.9940900771848745 0.5673006345919624
0.9820923772266394 0.9804687707529676 0.9763351616327921 0.9940903582913722 0.5673407994312131
0.9820839992446658 0.9804698357810955 0.9763465857868254 0.9940896462671326 0.5673161921656750
0.9820873718288017 0.9804661089927864 0.9763398159635225 0.9940903619782199 0.5673140690798540
0.9820850239469295 0.9804645741275906 0.9763299183123858 0.9940909299018579 0.5673089631319108
0.9820908475195504 0.9804783111043589 0.9763403037407945 0.9940911510231260 0.5672434481138833
0.9820891880827834 0.9804655892667293 0.9763379863324865 0.9940889003019679 0.5673208869584837
