0.8997714243783834 0.6618271189231941 0.1515774378916948 0.1410849535298855 0.0047951576010261
0.8997770515029739 0.6618321915123185 0.1515802754713932 0.1410875054531197 0.0047949379084203
0.8997697113525972 0.6618225836328806 0.1515799281279998 0.1410840250308681 0.0047949266882149
0.8997716967080097 0.6618266572980884 0.1515795642632607 0.1410856762775992 0.0047949597224840
0.8997713799555345 0.6618230555858876 0.1515780269191805 0.1410867348210922 0.0047954217437653
0.8997714519368466 0.6618197517087252 0.1515777565729677 0.1410875167089670 0.0047950103451241
0.8997704959831502 0.6618267934448507 0.1515766251336840 0.1410863509429542 0.0047950016886858
0.8997721089302468 0.6618269142481181 0.1515764125196301 0.1410864541919354 0.0047949507414468
0.8997717811251889 0.6618205034621489 0.1515775302449476 0.1410876157139990 0.0047948375133947
0.8997776220657466 0.6618282158607139 0.1515851021792906 0.1410877776331759 0.0047951442281619
