0.7288938384840228 0.1319147291294440 0.3791581616522403 0.0024932659742929 0.2734695157933073
0.7289925132985217 0.1319608979738958 0.3792217594439570 0.0024947230403874 0.2735516880104246
0.7289734826405911 0.1319137511707500 0.3792162325947614 0.0024945411809273 0.2736014205857020
0.7288689522776448 0.1319036375151375 0.3792104068866423 0.0024950577150406 0.2735042125136911
0.7289728581599956 0.1319081363825574 0.3792172522347068 0.0024940141044040 0.2735256920504051
0.7289301482016155 0.1319351487329604 0.3791109615144538 0.0024934833891780 0.2734911692421813
0.7289902461028708 0.1319169370563458 0.3791932905471489 0.0024934849597736 0.2735521398567453
0.7289111404134951 0.1319115804215697 0.3791884165976406 0.0024945123714311 0.2735111465139705
0.7289373932452891 0.1319435630341088 0.3792074374929570 0.0024952020211189 0.2735718690389247
0.7289465503025769 0.1319227033324903 0.3792246144437469 0.0024937562974494 0.2735476553617456
0.7288967377759104 0.1318928410746588 0.3791765945274190 0.0024947183656579 0.2735498079319172
0.7289847516905604 0.1319202713195034 0.3791666464284310 0.0024936237771184 0.2735632033588328
0.7288967377759104 0.1318928410746588 0.3791765945274190 0.0024947183656579 0.2735498079319172
0.7289480524841756 0.1319404227143336 0.3791461403010339 0.0024944425193212 0.2735470012518847
0.7289217544287966 0.1319019011507482 0.3792076912405601 0.0024933453551905 0.2735527289023889
