0.9997906422109037 0.8936368330709978 0.9928861275606776 0.4335035838029448 0.8645247777750279
0.9997904411740982 0.8936368171371888 0.9928823493256751 0.4334015400851289 0.8644768999632222
0.9997906053982317 0.8936207987378025 0.9928835768253707 0.4334423920317146 0.8644745382711322
0.9997905625008839 0.8936343514289343 0.9928828385940145 0.4335145608815612 0.8645207079780023
0.9997905143261301 0.8936123347873552 0.9928829216097660 0.4334978096906380 0.8645214964516278
0.9997904804465152 0.8936116246488599 0.9928837073535216 0.4333781352915514 0.8644868249377474
0.9997903357325189 0.8935945718028934 0.9928816979893251 0.4334062485934860 0.8645117492143802
0.9997906207037123 0.8936313557379684 0.9928819761018460 0.4335120831731091 0.8645211404338424
0.9997906179153691 0.8936184013248162 0.9928835891893319 0.4334136793317540 0.8645076735655092
0.9997904908983376 0.8936111794286370 0.9928866350195326 0.4333897755876304 0.8644849911520887
0.9997906225693948 0.8936480819125640 0.9928839861299833 0.4334686427042553 0.8645291828506420
0.9997905965458468 0.8936280429491104 0.9928873474579873 0.4335115940380593 0.8645328641457842
0.9997906225693948 0.8936480819125640 0.9928839861299833 0.4334686427042553 0.8645291828506420
0.9997906278281800 0.8936231831328503 0.9928859778657345 0.4335042808911860 0.8645088370613018
0.9997905978046029 0.8936247340815814 0.9928841195366938 0.4333823799941988 0.8644887248526053
