0.9821233091273363 0.9804822969288094 0.9764281468234861 0.9940891892073720 0.5676333092004668
0.9821632044496017 0.9804518622212400 0.9764323264451432 0.9940949091375638 0.5681184896081816
0.9821815999657613 0.9804625763947628 0.9763705420106993 0.9941196192666167 0.5685793990647361
0.9821183240268264 0.9805262931191577 0.9764225137453033 0.9941051392278963 0.5679029800579048
0.9820953651772387 0.9804182125126327 0.9763753581630639 0.9940656735280456 0.5678491770296098
0.9821053421837547 0.9804117559274758 0.9763887066298972 0.9940952615201353 0.5680308840717881
0.9821207525658110 0.9804946750793949 0.9762992821557737 0.9940866484092915 0.5677024228564734
0.9821866658039938 0.9804414287705338 0.9763969918585673 0.9940851958221836 0.5685349728363600
0.9821525839129778 0.9805260482678422 0.9763804446824080 0.9941025832911338 0.5678183798572747
0.9821936001707435 0.9805057219846058 0.9764824521906298 0.9940477563605571 0.5681607365759492
0.9821816918284988 0.9805170749736001 0.9764294576074247 0.9941254365729280 0.5681519710673383
0.9821736487973545 0.9804917184461319 0.9764307648376683 0.9940768513520706 0.5683246016044596
0.9821347220501482 0.9804998022536598 0.9763618672059372 0.9941103212262388 0.5681638278751259
0.9821443184844878 0.9804575975986685 0.9763413900826829 0.9941012513261233 0.5685917801685288
0.9821312974996090 0.9804420156518092 0.9763281849441832 0.9940855559771500 0.5678735618045236
0.9821511128910908 0.9805219715057444 0.9763982635348452 0.9940845214350927 0.5676724286070575
0.9821417478084694 0.9804715795302844 0.9763705411027155 0.9940661852894536 0.5674602331690941
0.9821465449508165 0.9804349399163652 0.9763673793896082 0.9940831460077910 0.5676977230822049
0.9821242266356831 0.9804789161141438 0.9763593303355277 0.9941054190712861 0.5682668542338707
0.9820947477287941 0.9804942316795205 0.9763677090548143 0.9940891835925536 0.5675105485963881
