0.1036525337641327 0.9993618916522438 0.6125618994596257 0.7884500994752986 0.5351703003477647
0.1036509889484492 0.9993619113824825 0.6125622642741368 0.7884510456835876 0.5351726143527928
0.1036505163676639 0.9993619320326899 0.6125700346581622 0.7884539996658610 0.5351839725061249
0.1036504898166979 0.9993619053456045 0.6125668323951647 0.7884551564529761 0.5351748587336942
0.1036515692290021 0.9993619178132436 0.6125673599249768 0.7884563732310723 0.5351735666094219
0.1036511455517937 0.9993618935477556 0.6125622888763028 0.7884491188489320 0.5351738338650521
0.1036527661081469 0.9993619173094197 0.6125698975862295 0.7884494427564865 0.5351759173401731
0.1036505322365066 0.9993619178725208 0.6125637689534892 0.7884509194295967 0.5351813214359703
0.1036516340773550 0.9993619020487868 0.6125566315925592 0.7884454986891989 0.5351729905247279
0.1036521387159690 0.9993619068183579 0.6125675182426504 0.7884539290226618 0.5351780082280416
