0.9964418092782110 0.1390990362740003 0.3863460724680076 0.5538319843478219 0.0681656449853197
0.9964411415571551 0.1382635833038915 0.3851631754438677 0.5536197385184756 0.0679866844429395
0.9964274343762169 0.1391667806728690 0.3857599338900782 0.5536399268722181 0.0682245803248008
0.9964641246705385 0.1387412806350633 0.3856616851989239 0.5543579163656991 0.0681151247805610
0.9963994723675340 0.1391047764581274 0.3853524763038282 0.5531763046557477 0.0680372949303788
0.9964317007100554 0.1388016623672820 0.3861415083041812 0.5537313906429753 0.0680750291401723
0.9964596068475747 0.1391183676430236 0.3853567735781047 0.5541958443463568 0.0680786671475716
0.9964364621030358 0.1383053311136200 0.3845700972578635 0.5535360932816120 0.0679872591309405
0.9964397526151778 0.1390419432023518 0.3862050447330249 0.5535994161503638 0.0682656097826074
0.9964439306733044 0.1385814923258259 0.3853630149318897 0.5541599608971143 0.0678102886081429
0.9964073715645150 0.1383603650767197 0.3862077664116453 0.5533750821521741 0.0678723188339024
0.9964406116376709 0.1388793151714423 0.3859984603885910 0.5540798945568752 0.0679944548905109
0.9964110976867840 0.1385554900384688 0.3847585915416630 0.5538141260687742 0.0678054452799149
0.9964097994412092 0.1381285799683422 0.3854220456537561 0.5532656610761697 0.0678588385795254
0.9964296081680327 0.1387454851471645 0.3858878028621099 0.5535085111436443 0.0681352244626793
0.9964120634007594 0.1386769857394845 0.3864214143170570 0.5534291022061275 0.0679651968065513
0.9964302178851882 0.1388234773254207 0.3858487384244269 0.5538713638675146 0.0678845659771924
0.9964569223075489 0.1392729563478519 0.3866493317051781 0.5542381323285458 0.0681987107498279
0.9964334591159922 0.1390811434262633 0.3862515266974347 0.5537872022017655 0.0681692708491208
0.9964476455688409 0.1385396005392846 0.3848422373215669 0.5536979198298332 0.0681412986987287
