0.5582490497470655 0.1698774904068851 0.2884784672409099 0.7002714109395244 0.1203387927213210
0.5582557416890045 0.1698826927444017 0.2884832382737729 0.7002739699257088 0.1203395055319527
0.5582626562410138 0.1698811629427704 0.2884807326790509 0.7002747670424943 0.1203419563502022
0.5582533739089096 0.1698829180699462 0.2884792903335543 0.7002743827313811 0.1203434129169973
0.5582586853487072 0.1698749405530146 0.2884817956938475 0.7002714606230894 0.1203402385781365
0.5582593725448869 0.1698782052690810 0.2884837926591033 0.7002790727582849 0.1203378611303704
0.5582576084174100 0.1698786840106974 0.2884834207858166 0.7002721947312355 0.1203390515463769
0.5582455200632652 0.1698751969791019 0.2884790353565593 0.7002646618262279 0.1203429494535475
0.5582570094270156 0.1698751445498219 0.2884747621541974 0.7002703276897581 0.1203429154333265
0.5582590239055428 0.1698737281837332 0.2884789157006372 0.7002712397532861 0.1203441673821820
