0.4580640162110725 0.1906398462251760 0.5909983164220894 0.4565997460267149 0.4277172235688884
0.4581596050427799 0.1906900416213850 0.5909406312050731 0.4566045117586748 0.4276797790412953
0.4580565132316671 0.1905665449765187 0.5908629288543894 0.4566029991766958 0.4275514632641260
0.4580461984361017 0.1905589222118510 0.5909372195532484 0.4566305347572043 0.4276189100906475
0.4579363300912334 0.1906108139752699 0.5910052317221695 0.4566116584070507 0.4275944265679974
0.4580664161403902 0.1905820510805075 0.5910051861468487 0.4565660419347637 0.4275868195386380
0.4580913549954408 0.1906073767722163 0.5909958614549347 0.4565937571372023 0.4276739512187987
0.4581190705375552 0.1906483332279197 0.5909579642154934 0.4565981726753556 0.4276975954430518
0.4580553107490074 0.1906253146959053 0.5910343607245855 0.4566304204073285 0.4277505896564174
0.4580578914093151 0.1906056855270844 0.5909529259981157 0.4566088963282042 0.4276116240430835
0.4580888976914945 0.1906864225613684 0.5910874658422167 0.4566153361234954 0.4277627653706537
0.4580120033377620 0.1905876561348034 0.5909631964892816 0.4565532072982756 0.4275963166145681
0.4580888976914945 0.1906864225613684 0.5910874658422167 0.4566153361234954 0.4277627653706537
0.4581140815930097 0.1906451779042783 0.5910280513293352 0.4566168034181516 0.4277030466048522
0.4580569657110883 0.1906163509117792 0.5909182530578022 0.4565502093133220 0.4275973195647665
