0.4580468803136660 0.1906065660818906 0.5909221010228832 0.4565771025409167 0.4276122536601325
0.4580460165867302 0.1906026642987056 0.5909208901735039 0.4565667703899383 0.4276124237253351
0.4580407130784103 0.1905932261789166 0.5909177651747389 0.4565649101224249 0.4276058798180712
0.4580554771938912 0.1906043334602475 0.5909178913338237 0.4565751258217767 0.4276098801074179
0.4580495344023821 0.1906083771532669 0.5909264189430613 0.4565652129401605 0.4276135425833077
0.4580440862432186 0.1906101978551340 0.5909222980174160 0.4565656942358536 0.4276084951523620
0.4580483419291868 0.1906050614903420 0.5909179464034169 0.4565651130722559 0.4276103724797942
0.4580459067429406 0.1906087148168888 0.5909213707324990 0.4565789538829400 0.4276115872682790
0.4580568318219888 0.1906039529481017 0.5909185730831299 0.4565634668302047 0.4276113228701273
0.4580567547002187 0.1906045730157022 0.5909181383453879 0.4565635816440013 0.4276122014642659
