0.5488904802325266 0.7767983603824358 0.8710527317418100 0.2682631594936908 0.8965880826671273
0.5489668840863738 0.7767896941464731 0.8710415042260570 0.2682178400837883 0.8966143895145497
0.5489113222466960 0.7767866229529121 0.8710268190161635 0.2681976962144392 0.8966097996638446
0.5489270283380523 0.7767906347274274 0.8710597537788205 0.2682420142791498 0.8966037711280643
0.5489187913990479 0.7768286509411179 0.8710264221023991 0.2682435847784406 0.8966091792299473
0.5488857648900205 0.7768336360189099 0.8710180699919161 0.2682392687410854 0.8965751785582944
0.5488993478922153 0.7768122452721165 0.8710226521775140 0.2682140354603053 0.8965894828619537
0.5489268115351400 0.7768398530994830 0.8710904899662095 0.2682349357658826 0.8966100014432838
0.5489044424120901 0.7768342928542415 0.8710500728575914 0.2682229309124933 0.8965785284816089
0.5490107891862412 0.7768185898143468 0.8710601980471578 0.2683067074225421 0.8965903727959961
0.5489401539053476 0.7768586088523992 0.8709959180691087 0.2682264651816654 0.8965899765006431
0.5488929267131875 0.7767917979647487 0.8710270535974038 0.2682304933230603 0.8965651930218194
0.5489145978609562 0.7768313601204008 0.8710672335423223 0.2682728894440699 0.8965990576037134
0.5489046629409116 0.7768277936233526 0.8710726744972639 0.2682235265816231 0.8966109981321702
0.5489644008655414 0.7768584223864943 0.8710622685851047 0.2681774586461576 0.8966017891983604
