0.0389256171005888 0.2150447623641584 0.7325473281004039 0.8086726255399993 0.8354841275351502
0.0389210527441915 0.2150542614019379 0.7325822115103807 0.8086629610915383 0.8354463104736845
0.0389208899434324 0.2150505779904628 0.7325704381503827 0.8086586834374736 0.8354812849876131
0.0389421988281683 0.2150324287131658 0.7324812617339349 0.8087092526077887 0.8354465099875498
0.0389201439937468 0.2150192644364578 0.7325277314352285 0.8087034631712180 0.8354723326784406
0.0389184036763582 0.2150283535669411 0.7325340265625357 0.8087131583671772 0.8354634176307979
0.0389282252870381 0.2150323299320998 0.7325216756382388 0.8086205849822815 0.8354179185869501
0.0389221560029954 0.2150804908803546 0.7325711582339286 0.8086047273603199 0.8354295474867682
0.0389326519642726 0.2150881858403644 0.7325597447335770 0.8086753218358281 0.8355160263232597
0.0389354769037905 0.2150880819430234 0.7326137361593678 0.8086858820810784 0.8355127748264004
0.0389211766025891 0.2150400948713848 0.7325672971120591 0.8086706092654764 0.8354414042079562
0.0389201826164348 0.2150825890338842 0.7325660665287582 0.8086603982566949 0.8354689855005937
0.0389367490546554 0.2149895340593009 0.7325089969375895 0.8086069997687222 0.8354337349562115
0.0389231653489718 0.2150258515636594 0.7325192439558609 0.8086948057660963 0.8354860291433182
0.0389274138706636 0.2150305937071968 0.7325355018179123 0.8086266753447767 0.8354223918945693
