0.0000000000000046
0.0000000000001100
0.0000000000011019
0.0000000000062035
0.0000000000231452
0.0000000000708925
0.0000000002212406
0.0000000006741230
0.0000000017134433
0.0000000036835981
0.0000000080466455
0.0000000188665842
0.0000000396274604
0.0000000681239701
0.0000001098711968
0.0000002039830482
0.0000003987505796
0.0000006983552735
0.0000011827076455
0.0000022339803162
0.0000042230829489
0.0000068355147204
0.0000098899610210
0.0000151957760801
0.0000247528782910
0.0000358475754110
0.0000426892242158
0.0000454770141701
0.0000534914232725
0.0000768196172161
0.0001154495043687
0.0001597752546969
0.0002102269726062
0.0002906123579056
0.0004153832500342
0.0005406593051992
0.0006000971993082
0.0006111914801091
0.0006798617035837
0.0008752405133820
0.0011528873366749
0.0014402170408312
0.0017761008837986
0.0022713248115525
0.0028981239281114
0.0034050962252856
0.0035856348182633
0.0036456471505955
0.0040229928081159
0.0048138985109202
0.0057065852331389
0.0065409540414114
0.0076311581446906
0.0091843152906307
0.0107053003437153
0.0114858788983596
0.0115538490880922
0.0118551689480544
0.0131050829457371
0.0147551908598458
0.0158964455836015
0.0167735751755531
0.0185176455719981
0.0211338463115202
0.0229172951061876
0.0228118527771400
0.0220980166981392
0.0228800905095687
0.0252150970433076
0.0268378366254153
0.0264674014776483
0.0257354691519886
0.0268124918760901
0.0290572886330912
0.0296239398455867
0.0277422573016457
0.0260933886891905
0.0271051522138662
0.0294344951509639
0.0296113587101472
0.0269028865033331
0.0241668201733850
0.0237194881680583
0.0243771136129457
0.0234569951391097
0.0208442252546162
0.0191287253423267
0.0197413697230639
0.0208121917083707
0.0197023720931871
0.0165632236133568
0.0138142443577623
0.0127993524513340
0.0124702709550457
0.0113188831118615
0.0095445521358843
0.0085087450632202
0.0085993309734501
0.0086685703129578
0.0076672075673999
0.0059716619994365
0.0046537575051396
0.0041000938556811
0.0038018462198088
0.0032473965084124
0.0025683215968235
0.0021726077814953
0.0020990792933257
0.0019977725218317
0.0016439221046042
0.0011879410852195
0.0008719514398142
0.0007396571299259
0.0006595893728610
0.0005303947619611
0.0003843333956205
0.0002916746533971
0.0002565710494988
0.0002286031881788
0.0001774989127928
0.0001211440963530
0.0000850252050975
0.0000703163784381
0.0000610271703390
0.0000466201846063
0.0000306736662105
0.0000197325106048
0.0000145504084131
0.0000117087615546
0.0000086405130215
0.0000056803430396
0.0000038750043786
0.0000031558589378
0.0000026933165905
0.0000019842629221
0.0000012026768818
0.0000006401719890
0.0000003497405672
0.0000002247982421
0.0000001523861911
0.0000000971100969
0.0000000650463972
0.0000000524770612
0.0000000443181766
0.0000000318555690
0.0000000181158770
0.0000000079377795
0.0000000024634644
0.0000000004644371
0.0000000000421387
0.0000000000009871
