0.0001520627754304
0.0000000000000000
0.0001797899942596
0.0002766276783807
0.0004646092640903
0.0003270681372700
0.0010258153257544
0.0008452021325779
0.0005633722064799
0.0022164754676921
0.0014558537995367
0.0015419167024347
0.0030796406375068
0.0043694706244719
0.0017930513655525
0.0071786060080361
0.0053337317920345
0.0044878412332131
0.0090589313156757
0.0095776733841646
0.0073271617859811
0.0107607848291906
0.0161472595233390
0.0085214267715107
0.0168102412867422
0.0153510587566434
0.0181537770229425
0.0132916456080647
0.0251278018241530
0.0210488895810958
0.0155501353808897
0.0306212038090941
0.0292080365355984
0.0229704615666876
0.0332044977885034
0.0419095021894471
0.0187096804630073
0.0444424528929657
0.0280648165078246
0.0266389665933912
0.0298538075736448
0.0258068429571777
0.0304511821204356
0.0230369316959146
0.0307355643682979
0.0360658719544824
0.0310750709298721
0.0291253881907359
0.0458299876879144
0.0185231267662105
0.0339736582705057
0.0236342479231684
0.0135569685219828
0.0208881130576686
0.0062105262728443
0.0151409755303300
0.0123374052910610
0.0065979619441636
0.0155496315814963
0.0153650536507178
0.0027337475505815
0.0177676316954846
0.0070644890051566
0.0002525997919199
0.0084496346338808
0.0006527627074942
0.0001146898916859
0.0007717878560424
0.0002963790415269
0.0000000000000000
0.0003504209759684
