0.0000001236709335
0.0000000000000000
0.0000515198904892
0.0000000000000000
0.0001194610716134
0.0000000000000000
0.0003125283771071
0.0000000000000000
0.0006064418681724
0.0000000000000000
0.0014644117411452
0.0000000000000000
0.0026718324429555
0.0000000000000000
0.0059451211562375
0.0000000000000000
0.0105875733814347
0.0000000000000000
0.0149177503542673
0.0000000000000000
0.0218288661793480
0.0000000000000000
0.0390067630194364
0.0000000000000000
0.0599451940956016
0.0000000000000000
0.0656709905352199
0.0000000000000000
0.0789013832744945
0.0000000000000000
0.1059234569133790
0.0000000000000000
0.1236469154018049
0.0000000000000000
0.1165805935314928
0.0000000000000000
0.1138339772841567
0.0000000000000000
0.1004032320726776
0.0000000000000000
0.0584987353482825
0.0000000000000000
0.0485192020923885
0.0000000000000000
0.0283943636130468
0.0000000000000000
0.0009443480938785
0.0000000000000000
0.0007786580949390
0.0000000000000000
0.0004465564954980
