0.0000000474245841
0.0000000000000000
0.0000001126183649
0.0000000000000000
0.0000000505721608
0.0000000000000000
0.0000039958240524
0.0000000000000000
0.0000113083123501
0.0000000000000000
0.0000088511502242
0.0000000000000000
0.0000267676347806
0.0000000000000000
0.0002120977448766
0.0000000000000000
0.0004205648800726
0.0000000000000000
0.0002561095205015
0.0000000000000000
0.0010985529938885
0.0000000000000000
0.0030830975000509
0.0000000000000000
0.0035510102949890
0.0000000000000000
0.0033988034822151
0.0000000000000000
0.0095967595293576
0.0000000000000000
0.0173184432555908
0.0000000000000000
0.0147180936222503
0.0000000000000000
0.0186042948465433
0.0000000000000000
0.0372455011642852
0.0000000000000000
0.0480260904609418
0.0000000000000000
0.0368268588928390
0.0000000000000000
0.0500347173330693
0.0000000000000000
0.0763812474026769
0.0000000000000000
0.0733355685241306
0.0000000000000000
0.0585583310692414
0.0000000000000000
0.0719871225189638
0.0000000000000000
0.0870052913146152
0.0000000000000000
0.0657887772412559
0.0000000000000000
0.0572138159032551
0.0000000000000000
0.0573547112200237
0.0000000000000000
0.0552811581085920
0.0000000000000000
0.0366982780290636
0.0000000000000000
0.0319707749493850
0.0000000000000000
0.0258603418376475
0.0000000000000000
0.0196902760249228
0.0000000000000000
0.0127731469820962
0.0000000000000000
0.0096776203655004
0.0000000000000000
0.0064772941485529
0.0000000000000000
0.0038554790572918
0.0000000000000000
0.0025785444437801
0.0000000000000000
0.0014507162306736
0.0000000000000000
0.0008250300616647
0.0000000000000000
0.0003913136111362
0.0000000000000000
0.0002451204612374
0.0000000000000000
0.0000894379142021
0.0000000000000000
0.0000424089945338
0.0000000000000000
0.0000180743585505
0.0000000000000000
0.0000050202954944
0.0000000000000000
0.0000021847487599
0.0000000000000000
0.0000005867863904
0.0000000000000000
0.0000001427143151
0.0000000000000000
0.0000000457660395
0.0000000000000000
0.0000000078000906
0.0000000000000000
0.0000000017342053
0.0000000000000000
0.0000000002931804
0.0000000000000000
0.0000000000262849
0.0000000000000000
0.0000000000041675
0.0000000000000000
0.0000000000000887
