0.0000000007002105
0.0000000000000000
0.0000000093292860
0.0000000000000000
0.0000000672956438
0.0000000000000000
0.0000003936792947
0.0000000000000000
0.0000017150027546
0.0000000000000000
0.0000055547265735
0.0000000000000000
0.0000159082665272
0.0000000000000000
0.0000422246385944
0.0000000000000000
0.0001034808656594
0.0000000000000000
0.0002427431608756
0.0000000000000000
0.0005345041075183
0.0000000000000000
0.0010916197114071
0.0000000000000000
0.0020083389855656
0.0000000000000000
0.0035667017403546
0.0000000000000000
0.0058995967950827
0.0000000000000000
0.0092605041087944
0.0000000000000000
0.0141564295511126
0.0000000000000000
0.0203125888440419
0.0000000000000000
0.0274208071446191
0.0000000000000000
0.0358289972379380
0.0000000000000000
0.0465217720222850
0.0000000000000000
0.0557516236333184
0.0000000000000000
0.0632272292615557
0.0000000000000000
0.0713603353683590
0.0000000000000000
0.0782387831922959
0.0000000000000000
0.0800659643107935
0.0000000000000000
0.0775872363881464
0.0000000000000000
0.0759008712109046
0.0000000000000000
0.0693416837206813
0.0000000000000000
0.0611390781737662
0.0000000000000000
0.0514847098306870
0.0000000000000000
0.0426617409400753
0.0000000000000000
0.0328092931824929
0.0000000000000000
0.0246622468710818
0.0000000000000000
0.0179477462752590
0.0000000000000000
0.0120798932254536
0.0000000000000000
0.0079161275867468
0.0000000000000000
0.0049036887325420
0.0000000000000000
0.0029231310587324
0.0000000000000000
0.0015343646606066
0.0000000000000000
0.0008179727239668
0.0000000000000000
0.0003858136915009
0.0000000000000000
0.0001532753979357
0.0000000000000000
0.0000685044743869
0.0000000000000000
0.0000180606489556
0.0000000000000000
0.0000055820746597
0.0000000000000000
0.0000010548955595
0.0000000000000000
0.0000000305553984
