0.0000000000000000
0.0000000000000000
0.0000000000000000
0.0000000000000000
0.0000000000000002
0.0000000000000004
0.0000000000000025
0.0000000000000060
0.0000000000000145
0.0000000000000906
0.0000000000002250
0.0000000000005439
0.0000000000026337
0.0000000000056760
0.0000000000131017
0.0000000000434713
0.0000000000675083
0.0000000001353326
0.0000000003458074
0.0000000004589054
0.0000000008267948
0.0000000016956882
0.0000000027325760
0.0000000048900113
0.0000000088691388
0.0000000140035704
0.0000000208790326
0.0000000346396787
0.0000000537006068
0.0000000837066223
0.0000001367242550
0.0000002087537155
0.0000003025806955
0.0000004530140853
0.0000006605045396
0.0000009347007181
0.0000014140570697
0.0000020306681591
0.0000028546226847
0.0000040952848383
0.0000056597449428
0.0000076053677748
0.0000105711043647
0.0000145475063272
0.0000193695787968
0.0000267581855755
0.0000358734922382
0.0000464752415503
0.0000611407495467
0.0000801695987030
0.0001019290731913
0.0001328770708649
0.0001740802406146
0.0002181300259505
0.0002773998626017
0.0003508560434780
0.0004295628688542
0.0005295906616391
0.0006657260815966
0.0008099648728479
0.0009901985031743
0.0012274824397915
0.0014592372536501
0.0017324523983276
0.0020781755699957
0.0024439868262366
0.0028593297685463
0.0034221947873457
0.0039976500027689
0.0046008983901143
0.0053623087881427
0.0060913216499604
0.0068467120879043
0.0078212414530453
0.0088619907349801
0.0098943197374536
0.0112133818087698
0.0124845300499234
0.0136043603905379
0.0149490221249170
0.0162435891926981
0.0174641031477758
0.0190676218887770
0.0206543483673981
0.0219804369115250
0.0235648249847529
0.0247549874075323
0.0256478097372049
0.0268320910264100
0.0278066253119919
0.0286559968969750
0.0299138343986827
0.0306166061517364
0.0308255153073550
0.0312562101614004
0.0309465535386263
0.0305003175087494
0.0305519652980442
0.0301912170412348
0.0295029112850312
0.0291943295878502
0.0280872143460740
0.0264795452530249
0.0253423308190416
0.0239331362842797
0.0223453226140081
0.0212281798718890
0.0200600037039527
0.0182196752879406
0.0167775321070571
0.0152822320565706
0.0134585263113549
0.0121406223841630
0.0109897589847694
0.0096445404006050
0.0085422031744982
0.0075758190519525
0.0063939990201620
0.0054841867961714
0.0046720037377466
0.0038968540508007
0.0032902918071969
0.0028011730734098
0.0023144646348724
0.0018671304478521
0.0015596382056729
0.0012098136064025
0.0009594938054824
0.0007823550860852
0.0006034872745161
0.0004772813234339
0.0003771850855893
0.0002859120696492
0.0002096422767943
0.0001650801588243
0.0001160873668596
0.0000839768447992
0.0000671585034541
0.0000457680534209
0.0000338667080989
0.0000244928833109
0.0000156991755220
0.0000106117468409
0.0000076601283410
0.0000047843856794
0.0000031148512400
0.0000023725202119
0.0000013640762881
0.0000009336021127
0.0000005930650669
0.0000002539594474
0.0000001609171878
0.0000000893760677
0.0000000430129850
0.0000000241989070
0.0000000081859532
0.0000000036538599
0.0000000020548101
0.0000000003981510
