0.0000000005503535
0.0000000000000000
0.0000000063560204
0.0000000000000000
0.0000000296873856
0.0000000000000000
0.0000002056097215
0.0000000000000000
0.0000015000073572
0.0000000000000000
0.0000062264074268
0.0000000000000000
0.0000212249896629
0.0000000000000000
0.0000668057544247
0.0000000000000000
0.0001590507395765
0.0000000000000000
0.0003848253647224
0.0000000000000000
0.0007812751318807
0.0000000000000000
0.0015286573222698
0.0000000000000000
0.0027682234589381
0.0000000000000000
0.0046840533419578
0.0000000000000000
0.0075906456633819
0.0000000000000000
0.0114880181292020
0.0000000000000000
0.0169902921682272
0.0000000000000000
0.0233418855303356
0.0000000000000000
0.0316480763448550
0.0000000000000000
0.0400998436826585
0.0000000000000000
0.0495345269347966
0.0000000000000000
0.0583010456810941
0.0000000000000000
0.0663910337711787
0.0000000000000000
0.0729557565896674
0.0000000000000000
0.0763537970460900
0.0000000000000000
0.0786439296016520
0.0000000000000000
0.0752737767242661
0.0000000000000000
0.0724365776735847
0.0000000000000000
0.0644300589889889
0.0000000000000000
0.0581744087093702
0.0000000000000000
0.0473381926942100
0.0000000000000000
0.0397237639785052
0.0000000000000000
0.0298749557513733
0.0000000000000000
0.0231987165510010
0.0000000000000000
0.0161917029084130
0.0000000000000000
0.0116158445024425
0.0000000000000000
0.0073455420408072
0.0000000000000000
0.0047121133428293
0.0000000000000000
0.0027794503223926
0.0000000000000000
0.0016037903259911
0.0000000000000000
0.0008413152667990
0.0000000000000000
0.0004137950005436
0.0000000000000000
0.0001911555927245
0.0000000000000000
0.0000727918576324
0.0000000000000000
0.0000290937257884
0.0000000000000000
0.0000091022465973
0.0000000000000000
0.0000022732958059
0.0000000000000000
0.0000005918205451
0.0000000000000000
0.0000000508145505
