0.0000000000560390
0.0000000000053019
0.0000000006409924
0.0000000009495861
0.0000000028242444
0.0000000125804519
0.0000000073520657
0.0000000695336479
0.0000000541871236
0.0000002143864447
0.0000004652884702
0.0000004981173754
0.0000020118683891
0.0000012921029832
0.0000050405223643
0.0000040926699693
0.0000107285687108
0.0000141474025656
0.0000262353099882
0.0000416705575019
0.0000591774610659
0.0000897490551195
0.0001155518251312
0.0001770809656288
0.0002337008043841
0.0004032081906002
0.0004804220878209
0.0008147552127310
0.0008716969297858
0.0013344909485408
0.0015138995119105
0.0022032804021251
0.0028189185445833
0.0038272951255161
0.0047920933660156
0.0059175536111863
0.0070834446823418
0.0083280602933992
0.0107417510626074
0.0120231003717061
0.0167061107095597
0.0161577027667100
0.0228607547077023
0.0202400462017937
0.0277113802855008
0.0271978546556047
0.0339890790779868
0.0346299444376829
0.0388246643592564
0.0397533730787060
0.0392271226758063
0.0450436795389284
0.0416672321850967
0.0487130688452978
0.0414993869096986
0.0468652931457768
0.0377908259264521
0.0438703807725537
0.0363550200394238
0.0384843889934270
0.0330383578228851
0.0301416202602050
0.0271682418996896
0.0238004006506349
0.0230637588142631
0.0170885258876769
0.0180171418369455
0.0118237860951535
0.0121008804644336
0.0083224246528195
0.0087637515071254
0.0052349281203065
0.0052134674726968
0.0037033549116601
0.0027224268007722
0.0023355571213935
0.0016424732351370
0.0013531110799873
0.0006682435067000
0.0008663063510199
0.0003685484590492
0.0003716172651465
0.0002103445439442
0.0001627152563228
0.0001042110856803
0.0000797843879819
0.0000545660238266
0.0000125534789756
0.0000248873881424
0.0000069876978700
0.0000047274612662
0.0000026943603399
0.0000026871952830
0.0000011156747149
0.0000000834397866
0.0000005783799209
0.0000000547208625
