0.0000706634692212
0.0000000000000000
0.0003757043955061
0.0000000000000000
0.0010033296292127
0.0000000000000000
0.0023535394645335
0.0000000000000000
0.0054997978280553
0.0000000000000000
0.0121180697923985
0.0000000000000000
0.0248568284837883
0.0000000000000000
0.0495765020911304
0.0000000000000000
0.0816859983116920
0.0000000000000000
0.1046628946438790
0.0000000000000000
0.1369750012151329
0.0000000000000000
0.1629520001631985
0.0000000000000000
0.1449018067733256
0.0000000000000000
0.1243868812827194
0.0000000000000000
0.0843807666112239
0.0000000000000000
0.0373996644094105
0.0000000000000000
0.0205997327064669
0.0000000000000000
0.0043596525680346
0.0000000000000000
0.0016972687856202
0.0000000000000000
0.0001438973754500
