0.0000000035779711
0.0000000000000000
0.0000000408702035
0.0000000000000000
0.0000002142891344
0.0000000000000000
0.0000009089153523
0.0000000000000000
0.0000031369657293
0.0000000000000000
0.0000089702297070
0.0000000000000000
0.0000234084570771
0.0000000000000000
0.0000555876305862
0.0000000000000000
0.0001229065475398
0.0000000000000000
0.0002579149649420
0.0000000000000000
0.0005132018371785
0.0000000000000000
0.0009636287154874
0.0000000000000000
0.0017187492357393
0.0000000000000000
0.0029580947291782
0.0000000000000000
0.0048545606011855
0.0000000000000000
0.0076460919663644
0.0000000000000000
0.0115948480666663
0.0000000000000000
0.0168816968318760
0.0000000000000000
0.0235573892649484
0.0000000000000000
0.0317763239691091
0.0000000000000000
0.0414230473908632
0.0000000000000000
0.0513538329639731
0.0000000000000000
0.0613099071718923
0.0000000000000000
0.0709548407706395
0.0000000000000000
0.0787492681415150
0.0000000000000000
0.0827607442027543
0.0000000000000000
0.0836722198819374
0.0000000000000000
0.0818050154358431
0.0000000000000000
0.0755024873037758
0.0000000000000000
0.0664417130672968
0.0000000000000000
0.0557359150894809
0.0000000000000000
0.0447059548174372
0.0000000000000000
0.0341485560204598
0.0000000000000000
0.0250604213390317
0.0000000000000000
0.0173884459557422
0.0000000000000000
0.0112142565473624
0.0000000000000000
0.0068638839624581
0.0000000000000000
0.0039681235707005
0.0000000000000000
0.0021627312994226
0.0000000000000000
0.0010884911668986
0.0000000000000000
0.0004991359693266
0.0000000000000000
0.0001869029964382
0.0000000000000000
0.0000521783107496
0.0000000000000000
0.0000121640842996
0.0000000000000000
0.0000019649263338
0.0000000000000000
0.0000001049254800
0.0000000000000000
0.0000000150219114
