0.0000000018888095
0.0000000000000000
0.0000001245698349
0.0000002112454843
0.0000004180765629
0.0000139338063663
0.0000010655756412
0.0000468917275220
0.0000368675859785
0.0000589019512732
0.0001378258601594
0.0000499070769597
0.0002866887240248
0.0001776045440814
0.0004551519550400
0.0006998446821022
0.0006972738474972
0.0014401170960998
0.0012569876657904
0.0017825494573663
0.0024788220846955
0.0019334034251497
0.0042716274361554
0.0037639859102680
0.0051974575476647
0.0080048595417938
0.0052121713740127
0.0110402917809065
0.0072647225040069
0.0108447626237290
0.0124601272964525
0.0106399179189428
0.0171415803838306
0.0133597909706955
0.0179241178255733
0.0179972322877962
0.0173694173718247
0.0209974976444623
0.0198922006601782
0.0222056941222465
0.0239046563529180
0.0250555942107856
0.0249239219799123
0.0279395690892695
0.0248791822304478
0.0273524586109891
0.0282566895168056
0.0256384130155443
0.0321282755269195
0.0262432874549664
0.0308278453769562
0.0292189250057983
0.0261547804647252
0.0308539098389306
0.0244289590400041
0.0281480934729468
0.0266607624592377
0.0238883006976937
0.0270995199137417
0.0215977939139538
0.0232136028378166
0.0203827760014858
0.0190084021652623
0.0186465489486372
0.0166899252570540
0.0160224918280327
0.0145608823156790
0.0130943133972751
0.0114790184601683
0.0107010080719181
0.0085702518907751
0.0085730474754806
0.0068035704790019
0.0065036751502668
0.0055451298040182
0.0047917198991676
0.0040945982757261
0.0035308152153149
0.0027602215075354
0.0024400074320913
0.0019585383390674
0.0015586358187890
0.0014520267332176
0.0010444070197936
0.0009868223120015
0.0007109060485932
0.0006217050712453
0.0004273121430443
0.0003840418418003
0.0002470830467612
0.0002196932102634
0.0001626906925231
0.0001168948187135
0.0001056391367499
0.0000655411477981
0.0000562798597777
0.0000366623837202
0.0000280591314097
0.0000179204177429
0.0000150581164717
0.0000084872675420
0.0000073400568891
0.0000043089041831
0.0000032842664947
0.0000020179571730
0.0000013574239404
0.0000008661350731
0.0000005153321127
0.0000003340120364
0.0000002387992838
0.0000001159321518
0.0000000984330324
0.0000000526617279
0.0000000307514645
0.0000000221319346
0.0000000090126405
0.0000000070406111
0.0000000014281570
0.0000000021729063
0.0000000000000000
0.0000000003589317
