0.0000000006046627
0.0000000200633558
0.0000001760155740
0.0000004696267267
0.0000006843483255
0.0000010706816620
0.0000009920507317
0.0000009103830378
0.0000015069455018
0.0000017150579725
0.0000023242315160
0.0000033518995078
0.0000076980350924
0.0000159864884775
0.0000220960474174
0.0000303277733524
0.0000285221832494
0.0000287413054480
0.0000436811084418
0.0000500352055658
0.0000634467805975
0.0000800961699864
0.0001292903159224
0.0002183249550117
0.0002829461218144
0.0003396033657085
0.0003262729486103
0.0003615029945965
0.0004987413750206
0.0005700939042959
0.0006710490186975
0.0007848583381831
0.0010921628398569
0.0015528187589334
0.0018627716443407
0.0020026690849678
0.0019781843673710
0.0023563987390341
0.0029455395127414
0.0032980913037592
0.0036064007213675
0.0039689084140516
0.0051471919701392
0.0063506473114403
0.0069903004498354
0.0071148662927128
0.0072361207340374
0.0088056950717689
0.0100894144618623
0.0107776156084476
0.0111869501706620
0.0118411564183279
0.0144656101195824
0.0159021006442566
0.0161822793653112
0.0162188936370211
0.0168939045776378
0.0200515445247937
0.0212285039779521
0.0213487928532692
0.0214556227992933
0.0222484866480643
0.0253023255700989
0.0252687839235766
0.0242651427585442
0.0243343284067506
0.0256669219697692
0.0286786612678774
0.0280638861258800
0.0266859379331842
0.0262871036879251
0.0269260034072643
0.0280922157130285
0.0257971621472103
0.0240532321495844
0.0240436552851996
0.0252284358428617
0.0258214171479281
0.0231685237250663
0.0213253019982611
0.0206606579719708
0.0207942701985892
0.0197282255398963
0.0167416548689935
0.0156366237189248
0.0152936971249010
0.0155184228952029
0.0142144341664104
0.0114979378836406
0.0107001404965909
0.0101426689862505
0.0098253622942819
0.0084912638924356
0.0066430662261521
0.0063916516539708
0.0059372007367628
0.0055299950567014
0.0044242185019442
0.0031444565368568
0.0031459855678516
0.0028840139351559
0.0025946861733458
0.0020747615420401
0.0014810155777221
0.0014959775324702
0.0012653160059046
0.0009584057261376
0.0006423338451792
0.0003914148747235
0.0004475044943589
0.0003928146862779
0.0003154937106845
0.0002404136943219
0.0001542983685934
0.0001645333576690
0.0001194503759853
0.0000487946036015
0.0000212618277376
0.0000122680964965
0.0000147432054715
0.0000127515706676
0.0000098085524088
0.0000073522270662
0.0000045066150022
0.0000049211186548
0.0000033092898773
0.0000006962472032
