0.0000000000000020
0.0000000000000021
0.0000000000001219
0.0000000000001310
0.0000000000001968
0.0000000000003816
0.0000000000008331
0.0000000000011345
0.0000000000018704
0.0000000000030749
0.0000000000061684
0.0000000000314774
0.0000000000366569
0.0000000000549671
0.0000000001020309
0.0000000001997671
0.0000000002753587
0.0000000004394187
0.0000000006532855
0.0000000012932491
0.0000000031601576
0.0000000039934066
0.0000000059426259
0.0000000104134578
0.0000000178411056
0.0000000249019874
0.0000000379037512
0.0000000544097258
0.0000000992211688
0.0000001624986326
0.0000002177109329
0.0000003179773212
0.0000005168124497
0.0000007699101450
0.0000010794294924
0.0000015422317855
0.0000021610995837
0.0000034471891681
0.0000047084309542
0.0000063529618449
0.0000089472011346
0.0000131741579516
0.0000175899238770
0.0000241257239874
0.0000320336843600
0.0000433332917019
0.0000591485438761
0.0000777326558554
0.0000998930917419
0.0001326994675781
0.0001735593041729
0.0002212563413906
0.0002840984728186
0.0003533203523303
0.0004484454988427
0.0005676528694177
0.0006996477502298
0.0008516940728834
0.0010573309808341
0.0012806378143081
0.0015521443512270
0.0018637468256798
0.0021981406642582
0.0026205010577351
0.0031144503924800
0.0036156716828504
0.0041883722376177
0.0048782360843944
0.0055789108376364
0.0064180164597750
0.0072733189650260
0.0081569125112199
0.0092073342497897
0.0103278450822360
0.0113815935458246
0.0125874238939612
0.0138298791677679
0.0150622652123620
0.0164697719518649
0.0177123776089384
0.0189322461278245
0.0203319765038414
0.0216153727884404
0.0227395712109683
0.0240048981452663
0.0249933371906516
0.0260222048212208
0.0270612080951322
0.0276859476336192
0.0282783686089695
0.0289177779031670
0.0292157129392353
0.0294290369921672
0.0295643272904319
0.0292765524729682
0.0291526740585864
0.0287967788226687
0.0280779959964033
0.0274180336437131
0.0266460262310337
0.0256265720855209
0.0246955641129954
0.0235152245231276
0.0222046393414619
0.0210823116625619
0.0197386884620507
0.0183666578668234
0.0170844341735484
0.0157277555634554
0.0144148361218596
0.0132091235907926
0.0118887516243695
0.0107092690974443
0.0096314497888329
0.0085396589178984
0.0075639622244782
0.0066552115135063
0.0057875134541774
0.0050444322733786
0.0043559554431330
0.0037034049149738
0.0031707278938332
0.0026786428605372
0.0022481699146435
0.0018786306544502
0.0015524711680877
0.0012739829588278
0.0010460368415512
0.0008465976092873
0.0006794770986850
0.0005469240902746
0.0004318906664405
0.0003393989196171
0.0002665297208861
0.0002054851764876
0.0001582771707754
0.0001220502209708
0.0000911543419805
0.0000691402398585
0.0000511595367622
0.0000374742928603
0.0000278059700198
0.0000200530315750
0.0000144266847786
0.0000103800940724
0.0000072253607911
0.0000050556823842
0.0000034824280690
0.0000023764511065
0.0000016440402780
0.0000010789743736
0.0000007333727044
0.0000004730903804
0.0000003011502749
0.0000001971633416
0.0000001189494819
0.0000000765833478
0.0000000482610535
0.0000000267344443
0.0000000177927960
0.0000000095417221
0.0000000050682755
0.0000000035239160
0.0000000014680105
0.0000000009159338
0.0000000005081860
0.0000000001901648
0.0000000001402067
0.0000000000494813
0.0000000000171395
0.0000000000135209
0.0000000000039459
0.0000000000011964
0.0000000000011133
0.0000000000002006
0.0000000000000645
0.0000000000000678
