0.0000096286955357
0.0000000000000000
0.0000964082743615
0.0000000000000000
0.0006434967366144
0.0000000000000000
0.0042509558327741
0.0000000000000000
0.0112190357538421
0.0000000000000000
0.0183321357796429
0.0000000000000000
0.0349395155509699
0.0000000000000000
0.0522414983521858
0.0000000000000000
0.0701441102248976
0.0000000000000000
0.0936775863252675
0.0000000000000000
0.1099538811518988
0.0000000000000000
0.1163706070125320
0.0000000000000000
0.1157099507590110
0.0000000000000000
0.1195595374664221
0.0000000000000000
0.0948772213181375
0.0000000000000000
0.0706373873334358
0.0000000000000000
0.0492550541447481
0.0000000000000000
0.0209776127109969
0.0000000000000000
0.0100466282316666
0.0000000000000000
0.0058118588829090
0.0000000000000000
0.0012458894621506
