0.0000000868004329
0.0000062630532057
0.0000878945489981
0.0003524159413085
0.0001623298169942
0.0002670850183541
0.0000728762062526
0.0000000497677732
0.0000035912070993
0.0000504118189446
0.0002494524056620
0.0034966092353198
0.0479049672608051
0.1915032212977976
0.0881908256926101
0.1451020938676734
0.0395922344766709
0.0000271724386147
0.0019515725279488
0.0273880089018159
0.1099138417697856
0.0518171025029178
0.0938280774552698
0.0647752861973445
0.0193077124132149
0.0315935437296410
0.0086257319952114
0.0000789994384762
0.0007179501808927
0.0060982403049858
0.0241521505692031
0.0112155091434531
0.0186420328164879
0.0069370285287508
0.0009028093009352
0.0014475528859578
0.0003961060035179
0.0000161886926639
0.0000832910673080
0.0003026203054070
0.0011447659016314
0.0005227339805715
0.0008323072579088
0.0002303259238650
0.0000010547381357
0.0000000007202895
0.0000000519722252
0.0000007293687504
0.0000029244268009
0.0000013470493577
0.0000022163315964
0.0000006047431621
