0.0000000000042704
0.0000000000837916
0.0000000004124672
0.0000000006219704
0.0000000018398858
0.0000000029939249
0.0000000090636216
0.0000000129618907
0.0000000327043632
0.0000000413791314
0.0000000882657049
0.0000001248983068
0.0000002438693138
0.0000003437571652
0.0000005918612826
0.0000008865787956
0.0000013761440889
0.0000022085459051
0.0000032344846519
0.0000050023841922
0.0000071218666736
0.0000109264001135
0.0000146737088135
0.0000220646238283
0.0000290109422136
0.0000425603386645
0.0000571858631380
0.0000822095353126
0.0001071580186882
0.0001485809595032
0.0001863003052650
0.0002487470688855
0.0003175249967361
0.0004159467514722
0.0005378012391585
0.0006955583014032
0.0008597677696308
0.0010724295974746
0.0012934553531461
0.0015733202511223
0.0019455506815530
0.0023519829259626
0.0028803695938881
0.0034127688891774
0.0039835060727723
0.0046219912169868
0.0053290325683865
0.0061595108468811
0.0071957750834834
0.0082157060867587
0.0093916684640698
0.0104518284113119
0.0115508337861166
0.0127751434975563
0.0140489001714850
0.0155656103950823
0.0170942563307208
0.0185211043257269
0.0199072757049744
0.0210676976468372
0.0222622952217682
0.0235992846552537
0.0248124720629054
0.0262215792633842
0.0272235910664820
0.0280351529957511
0.0286690828361879
0.0290250065239579
0.0295154663524717
0.0299087012968740
0.0301206194665012
0.0302372250032655
0.0298813495536888
0.0293746124983329
0.0287552904483206
0.0279734855450596
0.0273333820458142
0.0264420583085864
0.0254796533555516
0.0243195700493904
0.0229809891011064
0.0216629755909897
0.0203200228245705
0.0190262815841738
0.0177663396070165
0.0164305218985628
0.0151074589956018
0.0137638996830761
0.0124606272830098
0.0112692717235695
0.0101301917728984
0.0090939744057151
0.0080945911472180
0.0071542657934939
0.0062672209957793
0.0054626352474336
0.0047358272199442
0.0040945512540337
0.0035268631360593
0.0030119307192508
0.0025579895308957
0.0021507699523721
0.0017953111532760
0.0014935295264877
0.0012358652136416
0.0010177482540529
0.0008352646752531
0.0006754429421006
0.0005446460678676
0.0004337219822620
0.0003439399898293
0.0002718445127930
0.0002130533158056
0.0001664803014577
0.0001282798166375
0.0000981096450684
0.0000740515720733
0.0000557247741234
0.0000415914961849
0.0000310096830467
0.0000227224045308
0.0000165771992233
0.0000118361556283
0.0000083960299866
0.0000059613426357
0.0000041360906721
0.0000029016329326
0.0000019605217324
0.0000013200769336
0.0000008716210184
0.0000005741133185
0.0000003735528152
0.0000002404345612
0.0000001514938415
0.0000000911343156
0.0000000561955488
0.0000000336277592
0.0000000194697880
0.0000000111502293
0.0000000063133064
0.0000000033400523
0.0000000019075370
0.0000000009768173
0.0000000004384107
0.0000000002207594
0.0000000000903315
0.0000000000488862
0.0000000000236906
0.0000000000065892
0.0000000000018612
0.0000000000003223
