0.0000000000000206
0.0000000000016587
0.0000000000336368
0.0000000001258521
0.0000000002658325
0.0000000018303276
0.0000000180328801
0.0000000606540545
0.0000001248545474
0.0000005111097227
0.0000015004130668
0.0000025437207085
0.0000056190808105
0.0000123686664019
0.0000177999773800
0.0000255721515427
0.0000358855364757
0.0000379356466318
0.0000462589304868
0.0000600742525898
0.0000774976950566
0.0001326684828597
0.0002214165511911
0.0003477077302081
0.0004886476782951
0.0005915645460420
0.0006842957855852
0.0007300344332579
0.0007430886774467
0.0008332072592217
0.0011081325451832
0.0017028210389957
0.0025623898191245
0.0035555905511750
0.0044245572894911
0.0049282431366111
0.0051272528945564
0.0049729552473292
0.0046081941591235
0.0049379940757057
0.0067960960469998
0.0096674609058368
0.0132656384305811
0.0170675473567349
0.0189468325677779
0.0195109694008143
0.0187506407442873
0.0158756441650628
0.0139840654728298
0.0151671993993542
0.0207409277642631
0.0280208014779852
0.0346129646928734
0.0413362147817892
0.0420912648823458
0.0387484564340073
0.0339368194218583
0.0251316382211864
0.0217095394941998
0.0245809509326396
0.0319993935354242
0.0415116242914725
0.0454073089441273
0.0489383086203140
0.0469464956193709
0.0358133954803178
0.0264268749099974
0.0182330743743770
0.0160284454196020
0.0188528031634273
0.0222501739002454
0.0272566194836503
0.0264030649282468
0.0237521735553873
0.0211750659062411
0.0115246765357659
0.0049782937216613
0.0042961420116280
0.0041668935860629
0.0046481308723127
0.0043879044898122
0.0043217760074307
0.0042334500884105
0.0021951780903329
0.0006578815225624
0.0004136097543602
0.0001900737659618
0.0000245156393205
0.0000004443076632
