0.0000000000440946
0.0000000000000000
0.0000000008052607
0.0000000000000000
0.0000000065163157
0.0000000000000000
0.0000000366436196
0.0000000000000000
0.0000001699105506
0.0000000000000000
0.0000006492714851
0.0000000000000000
0.0000021246978850
0.0000000000000000
0.0000064098713928
0.0000000000000000
0.0000176929106337
0.0000000000000000
0.0000437868371018
0.0000000000000000
0.0001001078139848
0.0000000000000000
0.0002145614997607
0.0000000000000000
0.0004289166218632
0.0000000000000000
0.0008093404283320
0.0000000000000000
0.0014525908514464
0.0000000000000000
0.0024768025261071
0.0000000000000000
0.0040341019168045
0.0000000000000000
0.0063024392759434
0.0000000000000000
0.0094458897968146
0.0000000000000000
0.0136054835816143
0.0000000000000000
0.0188880304301424
0.0000000000000000
0.0252773365914044
0.0000000000000000
0.0326131739614786
0.0000000000000000
0.0406675420393127
0.0000000000000000
0.0489854852358915
0.0000000000000000
0.0569774958999215
0.0000000000000000
0.0641110685908634
0.0000000000000000
0.0697294229259664
0.0000000000000000
0.0732624074704480
0.0000000000000000
0.0744236661124348
0.0000000000000000
0.0730776813406162
0.0000000000000000
0.0692459047320139
0.0000000000000000
0.0633750077345695
0.0000000000000000
0.0560442591399451
0.0000000000000000
0.0477249293992186
0.0000000000000000
0.0392336583326228
0.0000000000000000
0.0311435090001934
0.0000000000000000
0.0237529584190429
0.0000000000000000
0.0175025885610677
0.0000000000000000
0.0124383525548188
0.0000000000000000
0.0084792551411032
0.0000000000000000
0.0055935091100400
0.0000000000000000
0.0035524815080924
0.0000000000000000
0.0021627520359646
0.0000000000000000
0.0012759639637445
0.0000000000000000
0.0007232108225296
0.0000000000000000
0.0003929629541694
0.0000000000000000
0.0002070245466016
0.0000000000000000
0.0001045726071436
0.0000000000000000
0.0000506199847976
0.0000000000000000
0.0000237351253604
0.0000000000000000
0.0000106613871433
0.0000000000000000
0.0000045755718230
0.0000000000000000
0.0000018953424327
0.0000000000000000
0.0000007526193404
0.0000000000000000
0.0000002833461279
0.0000000000000000
0.0000001021554940
0.0000000000000000
0.0000000352869575
0.0000000000000000
0.0000000113829452
0.0000000000000000
0.0000000034692858
0.0000000000000000
0.0000000010035133
0.0000000000000000
0.0000000002622070
0.0000000000000000
0.0000000000630912
0.0000000000000000
0.0000000000139900
0.0000000000000000
0.0000000000025331
0.0000000000000000
0.0000000000003700
0.0000000000000000
0.0000000000000443
0.0000000000000000
0.0000000000000029
