0.0000000000078298
0.0000000000000000
0.0000000001990902
0.0000000000000000
0.0000000016499879
0.0000000000000000
0.0000000093362333
0.0000000000000000
0.0000000449494404
0.0000000000000000
0.0000001739159525
0.0000000000000000
0.0000006218569437
0.0000000000000000
0.0000020672867626
0.0000000000000000
0.0000067402379984
0.0000000000000000
0.0000199099132805
0.0000000000000000
0.0000551653889917
0.0000000000000000
0.0001379690299339
0.0000000000000000
0.0003121808729548
0.0000000000000000
0.0006714007274316
0.0000000000000000
0.0014126910510656
0.0000000000000000
0.0028181068471399
0.0000000000000000
0.0051481226812108
0.0000000000000000
0.0088632160614662
0.0000000000000000
0.0145489456297980
0.0000000000000000
0.0226551278308164
0.0000000000000000
0.0334852906316957
0.0000000000000000
0.0470582052416968
0.0000000000000000
0.0621580390695503
0.0000000000000000
0.0766174031125902
0.0000000000000000
0.0894884158223131
0.0000000000000000
0.0981703864633220
0.0000000000000000
0.1001789470372817
0.0000000000000000
0.0966844018289415
0.0000000000000000
0.0873789193152945
0.0000000000000000
0.0734898130536284
0.0000000000000000
0.0586277166668038
0.0000000000000000
0.0438686473645696
0.0000000000000000
0.0304322629131997
0.0000000000000000
0.0198921117322836
0.0000000000000000
0.0122961325385842
0.0000000000000000
0.0070351734840217
0.0000000000000000
0.0036847274472725
0.0000000000000000
0.0017665797974490
0.0000000000000000
0.0007034311287913
0.0000000000000000
0.0002207761591502
0.0000000000000000
0.0000728218286163
0.0000000000000000
0.0000266174624773
0.0000000000000000
0.0000083900316994
0.0000000000000000
0.0000019086357055
0.0000000000000000
0.0000003375919459
0.0000000000000000
0.0000000481667844
