0.0000000000000399
0.0000000000000362
0.0000000000003849
0.0000000000004864
0.0000000000016605
0.0000000000034746
0.0000000000071073
0.0000000000177572
0.0000000000347058
0.0000000000719916
0.0000000001347834
0.0000000002671390
0.0000000004562426
0.0000000009331134
0.0000000015412678
0.0000000028817731
0.0000000048567253
0.0000000083371979
0.0000000140407706
0.0000000233848316
0.0000000387161756
0.0000000614817403
0.0000001015026632
0.0000001559689735
0.0000002536178748
0.0000003843967503
0.0000006089101227
0.0000009097285238
0.0000014042152362
0.0000020937324947
0.0000031351889590
0.0000046541250091
0.0000067668146374
0.0000099939041606
0.0000142324164923
0.0000207597264697
0.0000290780466531
0.0000416382841742
0.0000571784867011
0.0000806860441475
0.0001101387970292
0.0001510608595355
0.0002042303647152
0.0002737838567085
0.0003641408050913
0.0004781994553809
0.0006338943189798
0.0008110524545268
0.0010525223407076
0.0013272308748652
0.0016881589541618
0.0020934099325963
0.0026293142132418
0.0032104035871041
0.0039156536787675
0.0047171927971582
0.0056533475468687
0.0067210030664356
0.0078994039485931
0.0092557321759953
0.0106294082773851
0.0122370255683801
0.0138608569767732
0.0157230285507482
0.0175211390005040
0.0194707115325943
0.0213656303946527
0.0233298502427144
0.0252303255688386
0.0270845204998272
0.0289147439331609
0.0304806746888941
0.0319547072201089
0.0331406091673064
0.0342896298346949
0.0349938378160916
0.0356231361078854
0.0358247973882561
0.0358264424328712
0.0354312514537378
0.0348745047968501
0.0340648907258519
0.0329627951085245
0.0316730194306889
0.0301250948466721
0.0285053195912336
0.0266206411842876
0.0248220744153895
0.0228851486375415
0.0209886969925373
0.0189184229968468
0.0170461653806915
0.0152000362479081
0.0134357298609373
0.0117872226354245
0.0102276480858691
0.0088449133938139
0.0074674208563228
0.0063586246040704
0.0053074319925145
0.0044389536396057
0.0036302297763884
0.0029454619533129
0.0023834050355670
0.0018889584186482
0.0015087820240480
0.0011670179514057
0.0009148937760997
0.0006911044949092
0.0005225845385196
0.0003922704605739
0.0002902894410330
0.0002137787275477
0.0001524285116484
0.0001098067804752
0.0000761351156437
0.0000536035294168
0.0000367855158927
0.0000249645176806
0.0000164453355748
0.0000109392685969
0.0000071069382625
0.0000045471396846
0.0000028952195034
0.0000017359878926
0.0000011069751861
0.0000006565182970
0.0000003958210786
0.0000002267239205
0.0000001313918529
0.0000000733749622
0.0000000417390125
0.0000000237181314
0.0000000118606800
0.0000000063112548
0.0000000034320032
0.0000000017578942
0.0000000008151749
0.0000000003851430
0.0000000001739773
0.0000000001127231
0.0000000000221698
0.0000000000108681
0.0000000000033616
0.0000000000027676
0.0000000000000960
0.0000000000000870
