0.0000116930222869
0.0000000000000000
0.0000486972096927
0.0000000000000000
0.0001515782267291
0.0000000000000000
0.0004588949591417
0.0000000000000000
0.0012716966939125
0.0000000000000000
0.0035164733046496
0.0000000000000000
0.0084476203546223
0.0000000000000000
0.0216059168476654
0.0000000000000000
0.0359129580040735
0.0000000000000000
0.0650578441516754
0.0000000000000000
0.0914726911749440
0.0000000000000000
0.1057375133138218
0.0000000000000000
0.1358613209935200
0.0000000000000000
0.1302463636683024
0.0000000000000000
0.1161368748787202
0.0000000000000000
0.1112546965553072
0.0000000000000000
0.0712831801951291
0.0000000000000000
0.0458244187831929
0.0000000000000000
0.0352555979833938
0.0000000000000000
0.0136680830799237
0.0000000000000000
0.0034865651550495
0.0000000000000000
0.0025183300104440
0.0000000000000000
0.0007709914338021
