0.0000593340427409
0.0000000000000000
0.0003397317880028
0.0000655898583158
0.0014799760632462
0.0003755510127256
0.0057748112155513
0.0016950696710717
0.0086958399282232
0.0067218003659452
0.0058366102168312
0.0110856680417454
0.0035784479192613
0.0121273844216954
0.0041681535004072
0.0121973557297542
0.0115051338557211
0.0085517410487450
0.0216069756416167
0.0088842836236638
0.0355094506334158
0.0158334253662834
0.0438684924134254
0.0373414186370254
0.0291596830428327
0.0564918089267343
0.0198168596721002
0.0578313149884079
0.0232362684643631
0.0553052880221126
0.0479309509204808
0.0370545966431342
0.0685013880153383
0.0318510682443296
0.0461498442886767
0.0371736331153038
0.0259832783375745
0.0352065056147890
0.0161730829344819
0.0355797244047813
0.0183443104342801
0.0215272556707340
0.0269652946666299
0.0091192598406971
0.0183348223554919
0.0043331896709461
0.0104884905194693
0.0010416499062278
0.0050070437990960
0.0015685397336302
0.0004878876169222
0.0010342586597318
0.0002190185268993
0.0005393274786224
0.0000000000000000
0.0002421104897668
