0.0197371125704045
0.0011884559256421
0.0000000000000000
0.0000000000000000
0.0000000000000000
0.0000000000000000
0.0636210995807965
0.0038308983911882
0.0000000000000000
0.0040749913594291
0.0565257722059046
0.0033888834605531
0.0000000000000000
0.0000000000000000
0.0000000000000000
0.0131354285052756
0.1822065800944852
0.0109238112384714
0.0002100233812944
0.0116324890282622
0.0631076055559945
0.0037578479726451
0.0000000000000000
0.0000000000000000
0.0006769945911776
0.0374964544686905
0.2034226254251574
0.0121131406240062
0.0005988819171511
0.0129210136297148
0.0349149013147994
0.0020556577411299
0.0000000000000000
0.0000000000000000
0.0019304508677394
0.0416499167184954
0.1125455613367369
0.0066262582931490
0.0006640851550123
0.0070884503338633
0.0100008887937476
0.0005766402415348
0.0000000000000000
0.0000000000000000
0.0021406286064619
0.0228490871172555
0.0322371136899509
0.0018587564973404
0.0003632748848830
0.0019990650323459
0.0014038376743535
0.0000773622510754
0.0000000000000000
0.0000000000000000
0.0011709892996709
0.0064438359480239
0.0045251652771765
0.0002493714043482
0.0001019035966791
0.0002713966282891
0.0000808016328302
0.0000039036408419
0.0000000000000000
0.0000000000000000
0.0003284785881845
0.0008748266420776
0.0002604579930444
0.0000125830929849
0.0000136714212154
0.0000142080633754
0.0000008059589590
0.0000000000000000
0.0000000000000000
0.0000000000000000
0.0000440687991951
0.0000457986248814
0.0000025979481551
0.0000000000000000
0.0000006898496034
0.0000000415387938
0.0000000000000000
0.0000000000000000
0.0000000000000000
0.0000000000000000
0.0000022236783702
0.0000001338971811
