0.0000142998004285
0.0000000000000000
0.0000000000000000
0.0000290342037575
0.0000431773207090
0.0000255774335524
0.0000552716883186
0.0000876668967122
0.0002341329168601
0.0002594641919790
0.0001668892810497
0.0004688009496389
0.0007289129549960
0.0008761406245076
0.0010301988666420
0.0014420962104539
0.0018437457483813
0.0033452448124731
0.0031955132928412
0.0036052900603037
0.0049828073576358
0.0075935885292576
0.0087220328519258
0.0096896773975465
0.0095056429175516
0.0148479065307002
0.0211539418856702
0.0184121304016887
0.0182047788914185
0.0238488827841203
0.0376850867139174
0.0354962901155690
0.0295866765956807
0.0274187943589204
0.0563892113051509
0.0581772760881883
0.0374666751520253
0.0260745954254254
0.0671793691230826
0.0745534320941195
0.0430087487672216
0.0193959394244668
0.0503862521701700
0.0867047610246662
0.0358278863991580
0.0082526147157807
0.0195776902289515
0.0726482764835663
0.0157102964556719
0.0013605193853089
0.0029400214553216
0.0318980639391251
0.0025899867633490
0.0000000000000000
0.0000000000000000
0.0052586890140427
