0.0000005554897359
0.0000000000000000
0.0000027518828664
0.0000000000000000
0.0000161571764219
0.0000000000000000
0.0000641222536916
0.0000000000000000
0.0001473372677587
0.0000000000000000
0.0003408225478504
0.0000000000000000
0.0007343838237034
0.0000000000000000
0.0013377558730098
0.0000000000000000
0.0024358808089351
0.0000000000000000
0.0042302529715499
0.0000000000000000
0.0065731050148828
0.0000000000000000
0.0096086437999628
0.0000000000000000
0.0146639368802963
0.0000000000000000
0.0208644741790215
0.0000000000000000
0.0262961505273992
0.0000000000000000
0.0336075620059940
0.0000000000000000
0.0439045245011854
0.0000000000000000
0.0526156674685692
0.0000000000000000
0.0569404847969105
0.0000000000000000
0.0643576066472416
0.0000000000000000
0.0728129895336329
0.0000000000000000
0.0744459225626667
0.0000000000000000
0.0714655598558511
0.0000000000000000
0.0704499368679299
0.0000000000000000
0.0692812145768480
0.0000000000000000
0.0612219781648776
0.0000000000000000
0.0531063850531079
0.0000000000000000
0.0448484044094101
0.0000000000000000
0.0380958143596448
0.0000000000000000
0.0295381112196488
0.0000000000000000
0.0233294519815921
0.0000000000000000
0.0168815415002680
0.0000000000000000
0.0122471881921896
0.0000000000000000
0.0083636180369794
0.0000000000000000
0.0059674127972372
0.0000000000000000
0.0037400961878980
0.0000000000000000
0.0022926918326233
0.0000000000000000
0.0013652449918598
0.0000000000000000
0.0008544285437100
0.0000000000000000
0.0004686865975971
0.0000000000000000
0.0002416724864142
0.0000000000000000
0.0001230531076591
0.0000000000000000
0.0000635888093733
0.0000000000000000
0.0000303830914543
0.0000000000000000
0.0000132295336563
0.0000000000000000
0.0000056730331065
0.0000000000000000
0.0000022232044413
0.0000000000000000
0.0000008728659746
0.0000000000000000
0.0000003082927739
0.0000000000000000
0.0000001065645393
0.0000000000000000
0.0000000276209006
0.0000000000000000
0.0000000068204353
0.0000000000000000
0.0000000012330227
0.0000000000000000
0.0000000001342304
0.0000000000000000
0.0000000000194579
