0.0000000000004388
0.0000000000002006
0.0000000000008402
0.0000000000137484
0.0000000000135200
0.0000000000302029
0.0000000000734501
0.0000000002656671
0.0000000002820459
0.0000000008052124
0.0000000015801015
0.0000000027953461
0.0000000045908784
0.0000000103969781
0.0000000175374583
0.0000000266460284
0.0000000519123241
0.0000000874669798
0.0000001383635778
0.0000002251911889
0.0000004017441427
0.0000005795104377
0.0000009230317780
0.0000014981789086
0.0000022977875851
0.0000033193469251
0.0000052074350432
0.0000077931463864
0.0000109251578982
0.0000163326459099
0.0000238638659503
0.0000332729239421
0.0000460659263677
0.0000668356992473
0.0000903133896299
0.0001224362403680
0.0001685806388056
0.0002270813306261
0.0002952055126045
0.0003929790404138
0.0005199896751580
0.0006596554384091
0.0008482655213233
0.0010859071945661
0.0013635513989889
0.0016834624485752
0.0021131764753709
0.0025821686620380
0.0031167419745896
0.0037725303545477
0.0045328753874412
0.0053585327390421
0.0062811586055308
0.0073620997462624
0.0084939153047998
0.0097723973068367
0.0111286781884163
0.0126040245426268
0.0141010887421781
0.0156816677151118
0.0173855495793980
0.0191113010741251
0.0207830999439793
0.0223526349682308
0.0241429917593606
0.0257765593280561
0.0272065760693546
0.0285813694366062
0.0298797075203596
0.0310789814396374
0.0318437752105032
0.0326687710053893
0.0332251156367067
0.0334104307083497
0.0335805383463025
0.0333129159302468
0.0330690389418132
0.0323407046867037
0.0315057206877517
0.0306452115060725
0.0292953153104472
0.0280375407879928
0.0265025237917628
0.0250612895492370
0.0233437068945481
0.0215229508431023
0.0199976221529434
0.0182374643257466
0.0164909628416135
0.0147992732514637
0.0133029641915390
0.0118425539076567
0.0103019743619465
0.0089989911511090
0.0078584274611864
0.0067516829941382
0.0056993558212964
0.0047982132772406
0.0040871964537469
0.0033846867324003
0.0027409349239834
0.0022515881936256
0.0018451875040232
0.0014767297103924
0.0011450724775470
0.0009098843328302
0.0007229907129611
0.0005510436096025
0.0004117964177330
0.0003124858266339
0.0002412120158466
0.0001747491134979
0.0001240672405145
0.0000909294198555
0.0000665554043219
0.0000459120920926
0.0000313230480029
0.0000216673224390
0.0000146606161427
0.0000099256657809
0.0000064543070159
0.0000041082133556
0.0000025297110329
0.0000016588327422
0.0000010577421952
0.0000006207182517
0.0000003296645206
0.0000001930353176
0.0000001349748589
0.0000000731264778
0.0000000296332107
0.0000000145347837
0.0000000125133760
0.0000000061028381
0.0000000015817254
0.0000000007070987
0.0000000007363122
0.0000000003043135
0.0000000000380154
0.0000000000238756
0.0000000000222625
0.0000000000065488
0.0000000000001140
0.0000000000004774
0.0000000000002182
