0.0000000000011327
0.0000000001261829
0.0000000000097752
0.0000000010965358
0.0000000008708167
0.0000000034815080
0.0000000073432731
0.0000000105286825
0.0000000248305904
0.0000000489344127
0.0000000740360724
0.0000002062877624
0.0000002796176904
0.0000006330672429
0.0000011455789319
0.0000017989954449
0.0000034650756940
0.0000051425647827
0.0000095842372831
0.0000123920478011
0.0000234160845520
0.0000329862966082
0.0000462871043892
0.0000805637320583
0.0001020902852806
0.0001610410800996
0.0002152807005923
0.0003264860704291
0.0004108111602476
0.0005690942010746
0.0008265107807492
0.0009303937681137
0.0013826901337528
0.0017240142189754
0.0021693346851357
0.0027562353906414
0.0036563548497644
0.0043511631135160
0.0051556537305687
0.0071291198321892
0.0074689806738618
0.0094313780502241
0.0115965104928720
0.0127499418963220
0.0149206263020430
0.0179804919860109
0.0202197169382989
0.0211811861998868
0.0268671577212502
0.0276031653465823
0.0292877330904955
0.0345747359113512
0.0357253077073280
0.0364279691318015
0.0405258994376957
0.0436226483138604
0.0398334181241963
0.0453240610816989
0.0461778074086060
0.0410185497744852
0.0437992287005036
0.0446066076840718
0.0377028577496240
0.0370399791547935
0.0393331860337311
0.0297543781823946
0.0289459887719687
0.0284749709772227
0.0221415542071783
0.0181273973860491
0.0178602508327025
0.0145129319660299
0.0087249664407838
0.0102118671162669
0.0072475635503145
0.0042754092434198
0.0041601270340420
0.0032263850191524
0.0018778837146190
0.0010066903710899
0.0013346910374458
0.0004334726065656
0.0001773970265777
0.0003095669352580
0.0000360147212454
0.0000285238979978
0.0000260716517402
0.0000000214088532
0.0000023850391337
