0.0000000276911808
0.0000005126962456
0.0000034656299586
0.0000115860952503
0.0000218943251145
0.0000304208519180
0.0000521042777227
0.0000942139234572
0.0001160173654883
0.0001081347481536
0.0001412624178374
0.0002291306935937
0.0003087940305140
0.0003978710459746
0.0005467975436173
0.0008007574770416
0.0012823616931583
0.0018070467054898
0.0019722540284083
0.0021244737851286
0.0028444699999703
0.0036131614003277
0.0038346771535701
0.0040952262611427
0.0050811645627110
0.0071870967540645
0.0101247183574670
0.0117798264569919
0.0120677101403847
0.0144382205725710
0.0181070197493786
0.0181690076009967
0.0159241148591137
0.0167577637394830
0.0209614815962421
0.0262551898743329
0.0301157986333785
0.0316201692584877
0.0348709217620269
0.0396960319692585
0.0389268069696585
0.0327546450457837
0.0293668071431067
0.0316580362106748
0.0358540298579361
0.0384461273717522
0.0393656964506259
0.0407164271057073
0.0419114074243179
0.0395151074060402
0.0331123678909760
0.0262907390444392
0.0239470647962541
0.0257924590652215
0.0258992737181386
0.0227309613750357
0.0211407860493229
0.0218705468810731
0.0192566924820813
0.0137230074861200
0.0107229108242639
0.0090906211510450
0.0075904245753845
0.0077619135337030
0.0068743531885736
0.0043533012726343
0.0031718885479491
0.0028911601696272
0.0020623466785011
0.0014168535799368
0.0011288413460136
0.0008160572349033
0.0006025550659503
0.0005453108559451
0.0004074868644646
0.0002195324478400
0.0001404884364728
0.0001161364383085
0.0000721131323708
0.0000477146337449
0.0000380095924608
0.0000234070659066
0.0000145000174382
0.0000101455336617
0.0000049831678261
0.0000020263180650
0.0000011290015730
0.0000007924711241
0.0000005458359820
0.0000002468361046
0.0000001363950722
0.0000001129367588
0.0000000499763150
0.0000000084783331
0.0000000040791679
0.0000000034908892
0.0000000012805186
0.0000000000437518
