0.0000769363913185
0.0000000000000000
0.0000263809344074
0.0001288210395819
0.0002804041772333
0.0021082323170297
0.0002949776174137
0.0012052292426762
0.0035438045264596
0.0082677583602049
0.0019632631319175
0.0082454457291111
0.0142664023397436
0.0045670174720107
0.0204340138130396
0.0224868603935874
0.0115737412596832
0.0253886212731178
0.0612993707398651
0.0154777065436161
0.0444523567467240
0.0733430910694157
0.0234129215516724
0.0535848161114701
0.0956458030989879
0.0370127500608626
0.0447219978691342
0.1201560511460693
0.0341182256094490
0.0416037934225499
0.0634172320735337
0.0389321832889908
0.0205041659984703
0.0196370409111147
0.0410349104854224
0.0044653887523233
0.0140817413014061
0.0165481185328899
0.0026979551994915
0.0054217857320011
0.0017356746185243
0.0010941216421234
0.0002888999302673
0.0003749083544634
0.0000588871954664
0.0000000000000000
0.0000201919951588
