0.0139463876264362
0.0129791058787947
0.0025994933108393
0.0024191998542079
0.0112428209061513
0.0348627592740636
0.0476711560405796
0.0277802352108403
0.0107011368088097
0.0334479357155962
0.0475238239564408
0.0655935218585776
0.0559452499119891
0.0305572906789843
0.0379353179425942
0.0669450185172777
0.0604604435701210
0.0426654864111790
0.0402582625361569
0.0359007403077652
0.0506514299480089
0.0512006006303255
0.0319729215632460
0.0191349572789848
0.0283780244766514
0.0295177999648940
0.0255193582428615
0.0187310795151878
0.0102739044773602
0.0092659081728494
0.0122997968781994
0.0109909720145165
0.0055228816208859
0.0036143827851416
0.0025953254142535
0.0028747030620584
0.0024288199078576
0.0015853029852384
0.0005312195073134
0.0004047611056042
0.0004036164265164
0.0003427556392533
0.0001881079814963
0.0000570255890189
0.0000219869419451
0.0000248729876579
0.0000231478680345
0.0000046361227559
0.0000043145744782
