0.0000000634951231
0.0000000232020164
0.0000000000000000
0.0000014377896506
0.0000007340838181
0.0000009027023113
0.0000018101200079
0.0000052768033460
0.0000206681905627
0.0000360047351249
0.0000188161843251
0.0000277691022351
0.0000808952164358
0.0001890553031241
0.0004187001654137
0.0002926345333135
0.0002362614043492
0.0005341971416818
0.0014650785665445
0.0021937131910294
0.0021099273875584
0.0014837480382685
0.0025949703460719
0.0060239404399326
0.0083402687306585
0.0080984084661410
0.0058976399369394
0.0087121461952742
0.0159081064804772
0.0227341896257658
0.0193390105712269
0.0149683010711770
0.0201133114230497
0.0317086955310252
0.0403628016691674
0.0319817890826398
0.0267120688802073
0.0340164682943676
0.0466166455396627
0.0478996578892757
0.0387781240927716
0.0362792773317598
0.0427657313640421
0.0479360726540970
0.0422469922170715
0.0354828478359187
0.0374053183898320
0.0392264430242484
0.0357521450768648
0.0301584768651942
0.0253756892393758
0.0277921391350211
0.0266223314201594
0.0209392654634539
0.0173377995877718
0.0147348843637229
0.0146959368024529
0.0137241613711782
0.0097826262893650
0.0077563057857209
0.0069945107251322
0.0059211641678371
0.0051926337992761
0.0034878892369563
0.0027185015683743
0.0026162015372597
0.0019384159213103
0.0013399088036558
0.0009522669843326
0.0007604486790192
0.0007154997612517
0.0004715573355324
0.0002511473548274
0.0002008807035717
0.0001645233302777
0.0001286294102718
0.0000753881495013
0.0000426766860827
0.0000286287955189
0.0000243575708095
0.0000151272239126
0.0000084892377286
0.0000047541887538
0.0000027047879697
0.0000020784070695
0.0000015765018000
0.0000005731191166
0.0000001880478195
0.0000002756192461
0.0000001622283955
0.0000000601994245
0.0000000322535430
0.0000000186487466
0.0000000090997488
0.0000000067231021
0.0000000050725790
0.0000000012042732
0.0000000000038873
0.0000000007854913
0.0000000002866524
0.0000000000000000
0.0000000000004537
0.0000000000001658
