0.0000000363019475
0.0000001491735440
0.0000001390464549
0.0000004510291004
0.0000010676870743
0.0000039153905792
0.0000041386399666
0.0000114729474170
0.0000123771353893
0.0000317520974720
0.0000415298720645
0.0000829293263913
0.0001040081044837
0.0001695397182857
0.0002363097368424
0.0003529433217686
0.0005160582809742
0.0006983041140558
0.0009614996511101
0.0012380957694562
0.0016952984239646
0.0021431242547465
0.0029054048191604
0.0035320853004643
0.0045386908668863
0.0054369943221052
0.0067102705465703
0.0081145098155616
0.0096680800096174
0.0115207774822133
0.0132222957294739
0.0153715742366473
0.0173181169117698
0.0197879794928764
0.0219425437221051
0.0245723463516374
0.0265655090583285
0.0290890383967542
0.0309105391220906
0.0330270775175521
0.0348532552216861
0.0362475464966847
0.0377259738289167
0.0383300719452312
0.0390488126082320
0.0390230227005088
0.0390882655438285
0.0383321336278007
0.0377950380947794
0.0362062152089149
0.0350145778917023
0.0329711490936114
0.0312211455817237
0.0290187206821044
0.0267910177033968
0.0245503329029643
0.0220595769473334
0.0199501680464452
0.0174874094452344
0.0155723065622756
0.0133330462217713
0.0116385707477386
0.0097485911277207
0.0083274460645599
0.0068454460870534
0.0056923883413409
0.0046128829173654
0.0037079417445198
0.0029714790752870
0.0023038502440753
0.0018259223210203
0.0013651822739662
0.0010646209761374
0.0007725314878694
0.0005855938911197
0.0004172655424721
0.0003034351919420
0.0002137262906937
0.0001478858480343
0.0001032124965737
0.0000677879503987
0.0000466063589301
0.0000292467912981
0.0000195023552775
0.0000118575903307
0.0000075425327622
0.0000044931691773
0.0000026888413577
0.0000015794521009
0.0000008814507293
0.0000005115697489
0.0000002665740602
0.0000001510166622
0.0000000742965910
0.0000000403745738
0.0000000189488874
0.0000000097867859
0.0000000044165729
0.0000000021287030
0.0000000009347769
0.0000000004139437
0.0000000001760176
0.0000000000721804
0.0000000000294594
0.0000000000105855
0.0000000000043834
0.0000000000012024
0.0000000000005143
0.0000000000001083
0.0000000000000364
0.0000000000000070
0.0000000000000010
0.0000000000000001
0.0000000000000000
0.0000000000000000
0.0000000000000000
