0.0000043957449079
0.0000000000000000
0.0000128956402926
0.0000192190965848
0.0000003091906443
0.0000574161790838
0.0000406397180314
0.0000681179291879
0.0001299817113910
0.0004442224102512
0.0003130749997334
0.0007957893804503
0.0011811982927633
0.0007168429571043
0.0012025673513789
0.0026282235819262
0.0041090392929272
0.0031073346779871
0.0147183271500692
0.0064397059282609
0.0119445384009723
0.0166146957437886
0.0130662927451940
0.0073239448162590
0.0381957606120007
0.0525519096708376
0.0247300516504328
0.1471137414323935
0.0152224118504530
0.0331652453100569
0.0279276649252854
0.0068970957108871
0.0798687431392879
0.0717178567607194
0.0123557964018434
0.1997508494473422
0.0043029062630820
0.0210935675219386
0.0206794035401031
0.0023683099476885
0.0580296557322678
0.0206136676249504
0.0027415162096563
0.0531372881889202
0.0002348912441966
0.0040568134833223
0.0047568398724334
0.0002569671426845
0.0122452017176842
0.0005412644032383
0.0002932577168919
0.0000413186316660
0.0000425937924782
0.0000006852352337
0.0001249558921189
0.0000000000000000
0.0000029959887156
