0.0000000002349468
0.0000000000000000
0.0000000020274337
0.0000000000949207
0.0000000061772009
0.0000000011143002
0.0000000108805580
0.0000000157043431
0.0000000253793928
0.0000001093166821
0.0000000638409484
0.0000003487045214
0.0000001480018465
0.0000006847568529
0.0000004306662741
0.0000015015709076
0.0000014149389512
0.0000034459817506
0.0000046652679101
0.0000061546946459
0.0000115509133184
0.0000107417371214
0.0000220957437062
0.0000206064206210
0.0000461379597517
0.0000433596631959
0.0000912529025533
0.0000924760466593
0.0001446800144394
0.0001733742080846
0.0002285325001516
0.0003080056801739
0.0003666498446680
0.0005139681934784
0.0006241560889737
0.0007466173156723
0.0011484471616989
0.0010942945477316
0.0017727517382375
0.0017519531778828
0.0022808776460570
0.0029215247202170
0.0028526181208811
0.0047005263238773
0.0036384121709569
0.0064048153016229
0.0055586250213569
0.0075154179469469
0.0092282562064217
0.0086763310660276
0.0122093990495006
0.0109163032364690
0.0135838173051481
0.0156827608856212
0.0143499687916149
0.0223847239673797
0.0149831437493572
0.0260591363805302
0.0195956194775818
0.0256258536538367
0.0280208636442491
0.0243546409736598
0.0330249249520681
0.0238594606644544
0.0332790265894158
0.0244269100633773
0.0308402068756054
0.0248190706900757
0.0270615982364709
0.0254648731971295
0.0277354279313182
0.0236472727798416
0.0292201162450378
0.0243140034366835
0.0294707648148123
0.0286150108539357
0.0279615284038397
0.0303894810430897
0.0241291374908106
0.0285433182629734
0.0205780971622511
0.0238666178057855
0.0169849450290537
0.0160438004247138
0.0150870539352411
0.0103303610244404
0.0125077954029378
0.0081962945684368
0.0100225152598036
0.0088814462813933
0.0080398041429409
0.0097204327267787
0.0061904966113713
0.0092020844560402
0.0049269362901947
0.0075494865840589
0.0039526081657656
0.0046660999229869
0.0030702354836682
0.0024384800117961
0.0020348992985745
0.0012000438716192
0.0012516302358079
0.0006703056304963
0.0007676339061541
0.0006235709843514
0.0004932261269562
0.0006348085792777
0.0003370238334822
0.0005680146130905
0.0002606524569819
0.0004419510024359
0.0002043832143376
0.0002359186367326
0.0001545105968814
0.0001054306220907
0.0000797686489348
0.0000422676948977
0.0000330231086614
0.0000117433101242
0.0000108117389247
0.0000034213228304
0.0000016007869680
0.0000010771325946
0.0000000737139630
0.0000001608270826
0.0000000000000000
0.0000000074333304
