0.0000000025126061
0.0000001139746659
0.0000017608291984
0.0000111150934411
0.0000311628240942
0.0000404340481077
0.0000336308743880
0.0000469008558154
0.0000873160565402
0.0001428915958442
0.0001673878187398
0.0001579775501328
0.0002322066693715
0.0003588211750788
0.0004759867265560
0.0005460974338532
0.0005487798616081
0.0007614826707896
0.0011835294137985
0.0016825465972526
0.0019692236613375
0.0019007655287293
0.0024062762478551
0.0030067863731421
0.0029397937131324
0.0030366383530301
0.0034471856402270
0.0047353833205968
0.0064587902611257
0.0080150150766336
0.0093483180270566
0.0092683646541943
0.0102441331535990
0.0113167219127694
0.0096195621788634
0.0091295888644826
0.0109562935758395
0.0147978912475961
0.0184692770073010
0.0204158187669499
0.0236149832370039
0.0239725457439807
0.0232015353589233
0.0229981649540875
0.0184908477277155
0.0163928859134630
0.0196163108391106
0.0258053534483400
0.0303730586944875
0.0307151509904015
0.0349601266210268
0.0360612390586095
0.0308506900566301
0.0273853214030016
0.0218653228207214
0.0183308585926929
0.0207704374035852
0.0262590762792395
0.0297852604661487
0.0283767262869932
0.0314064788983633
0.0325345842568031
0.0250668064454643
0.0198591288851114
0.0161459708389389
0.0129116386542331
0.0132609975903106
0.0158134606609984
0.0175640648567247
0.0162387607293343
0.0171730916866112
0.0175762551960366
0.0125224111479313
0.0088728589793654
0.0073669621541049
0.0056504982621695
0.0050923842354920
0.0055861929879612
0.0061512580297946
0.0056811134907204
0.0055975442980412
0.0055272957830874
0.0037599247719139
0.0024046635742500
0.0019930125524742
0.0014679254182196
0.0011390586893299
0.0011129029383688
0.0012282198943459
0.0011667839247555
0.0010326286063706
0.0009456106247714
0.0006395987532621
0.0003749875834511
0.0002910477268121
0.0002040277159363
0.0001358916013244
0.0001138350890098
0.0001272895754537
0.0001281469800905
0.0000967063143297
0.0000759166154743
0.0000544078243497
0.0000297728032234
0.0000182497904488
0.0000115570392190
0.0000066599069800
0.0000045692227613
0.0000052456967239
0.0000057816034781
0.0000034330088817
0.0000018449709004
0.0000016610844265
0.0000008653234743
0.0000001466650852
