0.0000000000000077
0.0000000000000000
0.0000000000000106
0.0000000000000800
0.0000000000003039
0.0000000000007169
0.0000000000010539
0.0000000000040230
0.0000000000104995
0.0000000000324680
0.0000000000483790
0.0000000001239856
0.0000000003248524
0.0000000006419559
0.0000000013684104
0.0000000029031909
0.0000000055905546
0.0000000107961623
0.0000000240766002
0.0000000413615142
0.0000000759676585
0.0000001462194966
0.0000002628644628
0.0000004569738306
0.0000008204445363
0.0000013089309781
0.0000022228141418
0.0000041293498848
0.0000056093220200
0.0000096407802220
0.0000162115000118
0.0000218873646130
0.0000361622206438
0.0000549535847696
0.0000746259182188
0.0001142378975354
0.0001675872298089
0.0002214675911309
0.0003224949992006
0.0004382314505821
0.0005841234050827
0.0008029065382009
0.0010412311523521
0.0013579518955397
0.0017525035509571
0.0022636216694426
0.0027815786775525
0.0035243082732146
0.0043345604943474
0.0051976941392838
0.0063730536251154
0.0075823098142417
0.0088939064155572
0.0103547290481453
0.0121732213167795
0.0137239572371301
0.0157050065383605
0.0177225479585907
0.0196228311416955
0.0216123779640848
0.0238000166052008
0.0258301917504174
0.0275496014090986
0.0296742493897502
0.0310587588254638
0.0326351911839418
0.0338916777522860
0.0350680083382387
0.0356045461985775
0.0362001458501932
0.0363173195608961
0.0361011638432653
0.0359320406240288
0.0350752218304746
0.0341819476637320
0.0328782462439285
0.0316500961308349
0.0298255377656718
0.0283563149082668
0.0264027340493790
0.0244294378936917
0.0225171774480541
0.0205875530803461
0.0186204065536574
0.0166820405043326
0.0149985297699555
0.0131092990029531
0.0115879311709129
0.0100567237962290
0.0087197233096776
0.0074028784020809
0.0063398356215976
0.0053186787649269
0.0044381662675676
0.0037050970831281
0.0030193526037319
0.0024774403843798
0.0019843494346503
0.0016119789572354
0.0012614465288335
0.0010131709721655
0.0007759858490057
0.0006051541461053
0.0004663772764428
0.0003545486036830
0.0002662334796550
0.0001982625516938
0.0001500806609967
0.0001048977562919
0.0000804333115088
0.0000562659337322
0.0000407478626630
0.0000275357188990
0.0000206007079392
0.0000136194157341
0.0000091936990999
0.0000066564570214
0.0000041988670183
0.0000028691333619
0.0000017495237316
0.0000013429153607
0.0000007063808772
0.0000005200773659
0.0000002808197216
0.0000001950969082
0.0000001170188839
0.0000000710937352
0.0000000367464368
0.0000000186256389
0.0000000178172628
0.0000000060909146
0.0000000037761151
0.0000000010944215
0.0000000017637189
0.0000000002731488
0.0000000002742895
0.0000000000356031
0.0000000000879299
0.0000000000047910
0.0000000000114716
0.0000000000004868
0.0000000000016530
0.0000000000000000
0.0000000000001966
