0.0000000382780224
0.0000000000000000
0.0000000000000000
0.0000001701991000
0.0000002466890492
0.0000002845715798
0.0000005266763308
0.0000010975714715
0.0000015718181585
0.0000043419467340
0.0000040242161919
0.0000052827928291
0.0000157366386368
0.0000212385982117
0.0000269222725702
0.0000452808761275
0.0000676097117585
0.0000944477555163
0.0001748499398531
0.0002014691381910
0.0002618620800155
0.0004788750718153
0.0005929016660074
0.0007787353821661
0.0011776035772420
0.0013720146156396
0.0018446333619945
0.0029096406444316
0.0030443461245271
0.0038605853215085
0.0056500453202251
0.0062103779165775
0.0079660199887233
0.0101635565247753
0.0106639815488961
0.0135253120694608
0.0177033978950169
0.0174353152831936
0.0209238664767550
0.0255579852487875
0.0255829759980384
0.0313597440902836
0.0348359895898407
0.0324317267411954
0.0391091360916478
0.0451749083571418
0.0394539560801412
0.0454412535560682
0.0473498103391464
0.0422142532542010
0.0515246929017798
0.0460509527192493
0.0381080895339621
0.0456355884891346
0.0437991225419632
0.0324905921466761
0.0354291034700203
0.0305387452482034
0.0232823614084324
0.0302435169498599
0.0146616439333682
0.0136589190142104
0.0196548280213937
0.0065271667183757
0.0092968659832510
0.0069091118126517
0.0030629457439995
0.0059058847049588
0.0014361622602456
0.0015010099890426
0.0021427681470715
0.0004533306390419
0.0008171329022095
0.0003740343171921
0.0001824108755774
0.0003257869900941
0.0000511150091582
0.0000673470223643
0.0000696530507393
0.0000167542786194
0.0000227815463517
0.0000057172524836
0.0000058578507682
0.0000053337910747
0.0000005945891972
0.0000012024368533
0.0000004281359517
0.0000003060672579
0.0000000867536332
0.0000000091379419
0.0000000869329128
0.0000000014634615
0.0000000006257733
0.0000000064372721
0.0000000000158651
0.0000000001672974
0.0000000000546465
0.0000000000000854
0.0000000000124246
0.0000000000000000
0.0000000000000000
0.0000000000001055
