0.0000000000030208
0.0000000000000000
0.0000000000002749
0.0000000000155962
0.0000000000729333
0.0000000000108839
0.0000000000373333
0.0000000003813554
0.0000000008189771
0.0000000002929206
0.0000000009029920
0.0000000041765419
0.0000000063510826
0.0000000038883008
0.0000000105774376
0.0000000300636605
0.0000000400249765
0.0000000356396724
0.0000000806686392
0.0000001715291492
0.0000002143202735
0.0000002483543522
0.0000004737081793
0.0000008156665722
0.0000010110421391
0.0000013708966260
0.0000022906611537
0.0000033135242964
0.0000042802776012
0.0000062841577071
0.0000092780345720
0.0000120469519249
0.0000162428874131
0.0000244379472478
0.0000325162316895
0.0000397915565294
0.0000553655656103
0.0000812991642817
0.0001012966560253
0.0001192345727679
0.0001677497711905
0.0002371010679232
0.0002804945437762
0.0003250876604058
0.0004511709284775
0.0006125692356754
0.0006960778463006
0.0008001862332145
0.0010868732720395
0.0014049564906323
0.0015603507535732
0.0017773873631608
0.0023383907065916
0.0029019847798248
0.0031468777241449
0.0035684843391207
0.0045259248468462
0.0053934037154169
0.0057585143395748
0.0064593520749436
0.0079151653917865
0.0090649706625680
0.0095569695029292
0.0106004140130642
0.0125008952413404
0.0138601257392774
0.0144045079561271
0.0157713984246509
0.0179472547017249
0.0192467184782504
0.0198181476702117
0.0213056094431595
0.0234302618315359
0.0244135555687566
0.0248395751715007
0.0262515275655523
0.0278396908038258
0.0283194892290910
0.0284706857215932
0.0294419282514224
0.0302517843937403
0.0300228981203109
0.0298597392772105
0.0301530113160359
0.0299988314434423
0.0291972544468253
0.0286079446161536
0.0282165934481546
0.0271951864270066
0.0259780256337847
0.0250968321208322
0.0240616233045542
0.0225546863182973
0.0211343789352354
0.0200914782538441
0.0187309930256959
0.0170383477089215
0.0157186218187097
0.0146430610141984
0.0132588937188090
0.0117241503108945
0.0106225987332627
0.0097055423441089
0.0084913894359361
0.0073166063605713
0.0065080157544427
0.0058013914576124
0.0049125383732666
0.0041062430386514
0.0035952451696697
0.0031120965061397
0.0025395001454481
0.0020658770594905
0.0017699365659316
0.0014887077620695
0.0011610191370766
0.0009204374598773
0.0007722971174259
0.0006234771515442
0.0004666881948681
0.0003570151403483
0.0002943647956896
0.0002265512937379
0.0001606142776736
0.0001198025144087
0.0000954863844134
0.0000704562581792
0.0000461345249907
0.0000338437055967
0.0000261821622000
0.0000177660228098
0.0000110446833352
0.0000076907454377
0.0000058606135172
0.0000035346053054
0.0000020681442079
0.0000013947518338
0.0000009674046779
0.0000005678958317
0.0000002628145444
0.0000001868309036
0.0000001217631995
0.0000000582761884
0.0000000221916446
0.0000000156696822
0.0000000121792414
0.0000000013920681
0.0000000013464335
0.0000000013085373
0.0000000000312186
0.0000000001162574
0.0000000000384302
0.0000000000000000
0.0000000000034970
