0.0000000004104504
0.0000000000000000
0.0000000045523977
0.0000000000000000
0.0000000846026923
0.0000000000000000
0.0000008167994005
0.0000000000000000
0.0000029775165422
0.0000000000000000
0.0000106199497237
0.0000000000000000
0.0000458347276242
0.0000000000000000
0.0001291311652022
0.0000000000000000
0.0003406412986312
0.0000000000000000
0.0009492203475739
0.0000000000000000
0.0020474563548394
0.0000000000000000
0.0042950672256061
0.0000000000000000
0.0087790357096945
0.0000000000000000
0.0145430783007883
0.0000000000000000
0.0238614492219667
0.0000000000000000
0.0370964379280881
0.0000000000000000
0.0491964028712581
0.0000000000000000
0.0658090079363156
0.0000000000000000
0.0816162224886371
0.0000000000000000
0.0888819955737674
0.0000000000000000
0.0987214584661333
0.0000000000000000
0.1003769672316255
0.0000000000000000
0.0913630741303668
0.0000000000000000
0.0847849453527992
0.0000000000000000
0.0713413039861564
0.0000000000000000
0.0549604489984991
0.0000000000000000
0.0428913768550027
0.0000000000000000
0.0299151432691976
0.0000000000000000
0.0195805265202235
0.0000000000000000
0.0128551602451284
0.0000000000000000
0.0074049561129966
0.0000000000000000
0.0041060706016026
0.0000000000000000
0.0022367326011360
0.0000000000000000
0.0010450331306943
0.0000000000000000
0.0004847327625835
0.0000000000000000
0.0002107111229072
0.0000000000000000
0.0000759039901354
0.0000000000000000
0.0000283659542817
0.0000000000000000
0.0000088424323485
0.0000000000000000
0.0000021245578768
0.0000000000000000
0.0000005626904675
0.0000000000000000
0.0000000717910376
0.0000000000000000
0.0000000022155966
