0.0000000000000002
0.0000000000000000
0.0000000000000170
0.0000000000000058
0.0000000000000388
0.0000000000001486
0.0000000000008074
0.0000000000008333
0.0000000000021384
0.0000000000076321
0.0000000000150534
0.0000000000325666
0.0000000000550003
0.0000000001424094
0.0000000002397974
0.0000000005275286
0.0000000008701138
0.0000000016028464
0.0000000032315745
0.0000000049606952
0.0000000095039434
0.0000000155401684
0.0000000261300745
0.0000000413350167
0.0000000733428434
0.0000001128155446
0.0000001762743078
0.0000002867344960
0.0000004299547562
0.0000006525102625
0.0000010027452395
0.0000015421139735
0.0000021341114485
0.0000032848164833
0.0000046668828711
0.0000066332013964
0.0000095640034403
0.0000135422667518
0.0000183174699330
0.0000256133966145
0.0000358562125349
0.0000469960429717
0.0000648287396500
0.0000858809047785
0.0001126342286508
0.0001495428695706
0.0001976727478208
0.0002484862321591
0.0003233205228628
0.0004141952862341
0.0005174273430811
0.0006598735992164
0.0008185323865590
0.0010006758795212
0.0012448545830962
0.0015288224375391
0.0018208202316309
0.0022281712377958
0.0026413879154117
0.0031272506288439
0.0037405335120898
0.0043564258175213
0.0050220230009031
0.0058903889504320
0.0067316817340888
0.0076749686047965
0.0088094814323127
0.0098017431456168
0.0110187596424762
0.0123701764284042
0.0135989877112244
0.0149521090476442
0.0164939739927872
0.0177314432360636
0.0193056661279359
0.0207748982403702
0.0219566622130048
0.0234346251948497
0.0248497230748814
0.0258812310555617
0.0271147921307498
0.0280933308246160
0.0286788437342521
0.0297378315638705
0.0302316917239213
0.0304521146397575
0.0308003678112144
0.0307796399029128
0.0304750780073433
0.0304593370690347
0.0297417832356556
0.0289973796638992
0.0284371135979256
0.0273227020393547
0.0262376292594938
0.0251491501239697
0.0237071986360814
0.0223993422352380
0.0212054433078548
0.0195679953529672
0.0182024975713918
0.0167701804167792
0.0152528708334725
0.0139370739913785
0.0126327340842360
0.0112707385960746
0.0101292609556571
0.0089708880734293
0.0078400835193040
0.0068990729215391
0.0059733213037069
0.0051772542076285
0.0044628803876925
0.0038025974494538
0.0031827394130333
0.0026732249775175
0.0022285237134019
0.0018550503635996
0.0015352547770639
0.0012562305794384
0.0010026222837536
0.0007982741078783
0.0006425758299451
0.0005055106371228
0.0004067057970454
0.0003147037990421
0.0002377973441601
0.0001812871945622
0.0001377011031187
0.0001032666832992
0.0000792266829706
0.0000580937946633
0.0000410908686643
0.0000299645957441
0.0000211930956901
0.0000152566629548
0.0000106005642332
0.0000075700117490
0.0000049254775091
0.0000033036535250
0.0000023021019733
0.0000014374569346
0.0000009442176486
0.0000006165082393
0.0000003530348856
0.0000002332018397
0.0000001620208081
0.0000000661005075
0.0000000502129875
0.0000000249401292
0.0000000101290176
0.0000000110089915
0.0000000048667846
0.0000000010126995
0.0000000000993828
0.0000000006898005
0.0000000001814850
