0.0003130576791027
0.0029730079297628
0.0014638043695325
0.0002491052859459
0.0008173805347155
0.0055884445711720
0.0027129493930562
0.0004594446420729
0.0018987205507718
0.0140284046627089
0.0082434763367082
0.0145254948780493
0.0103802910456227
0.0270951686879983
0.0162846963145047
0.0272604793644452
0.0142590532039951
0.0030407351076492
0.0086861298631871
0.0630763486219828
0.0322413401781808
0.0195277355004799
0.0241294850461273
0.1179809777108083
0.0606283392400000
0.0365112859903143
0.0223341183597573
0.0065964406958120
0.0098160844990680
0.0675801278022609
0.0333209647520705
0.0094113141199842
0.0201798987998318
0.1254005321620577
0.0617736092193062
0.0174812769520436
0.0134234056616298
0.0052873534754930
0.0031665170710455
0.0180994766547598
0.0088049523269972
0.0014930939410206
0.0048934721100999
0.0334567517654268
0.0162418134848943
0.0027505909997003
0.0026558591132979
0.0012559894300140
0.0001928332204234
0.0000081666741109
