0.0023519755077469
0.0015476020832754
0.0048551984983869
0.0076811422958008
0.0077732813859815
0.0180919990378916
0.0232389711430354
0.0297085526568827
0.0331722392679229
0.0460168424277357
0.0547149226849674
0.0621895191764956
0.0657669722575137
0.0585173150124987
0.0795905557426381
0.0757947945780060
0.0544318049694144
0.0623322392661645
0.0629560234527231
0.0431960398234324
0.0442444619956686
0.0412943162116625
0.0247314033254619
0.0243801358290376
0.0231435366029309
0.0133437394015506
0.0090112153897776
0.0093141209268238
0.0057041759631728
0.0038127063999771
0.0031246352940109
0.0015010045500774
0.0007482110558876
0.0008586740062121
0.0005306110648397
0.0001729611893087
0.0000765443523778
0.0000128282803755
0.0000402453888432
0.0000264815034897
