0.0000000000000144
0.0000000000000000
0.0000000000000621
0.0000000000002666
0.0000000000007677
0.0000000000013375
0.0000000000047135
0.0000000000165745
0.0000000000248445
0.0000000000767558
0.0000000001808034
0.0000000004219747
0.0000000008081263
0.0000000018743067
0.0000000043810014
0.0000000075856770
0.0000000174079425
0.0000000326747219
0.0000000668051954
0.0000001227234060
0.0000002309554661
0.0000004401457743
0.0000007472840878
0.0000014202091767
0.0000022842818118
0.0000040903219457
0.0000067269816430
0.0000107650226417
0.0000179394248499
0.0000270018396397
0.0000435322895669
0.0000634086864716
0.0000979182830908
0.0001407987138011
0.0002003627326380
0.0002962768783403
0.0003932869518818
0.0005661940904040
0.0007491281261358
0.0010156102396836
0.0013623310290299
0.0017447753768460
0.0023523738380691
0.0029133287252120
0.0038184266570730
0.0048030850118762
0.0058859494396161
0.0075549786360328
0.0088470888025257
0.0111475490350570
0.0130451287243743
0.0154236010074298
0.0184301501455019
0.0203228913775387
0.0244701643274305
0.0260805445650892
0.0297994763696221
0.0326645851158657
0.0338162721801498
0.0384281361935101
0.0376811185414933
0.0409161430776678
0.0414498230990726
0.0407103283759036
0.0429595393516467
0.0399440064400853
0.0408016727684309
0.0387418544694817
0.0366868949760313
0.0359985475900058
0.0323442487319745
0.0314210080011203
0.0283143224524757
0.0260064907029222
0.0242308415553383
0.0210094247026532
0.0196044809853324
0.0169179924750182
0.0150299401867879
0.0133207544215978
0.0112010648271489
0.0099670546897712
0.0082406341349806
0.0071089848214270
0.0059612037666961
0.0048898379113862
0.0041851123951037
0.0033439884748588
0.0028039330470987
0.0023145940244802
0.0018353551892554
0.0015526568732716
0.0012315044625196
0.0010014793305227
0.0008235510414032
0.0006425850828800
0.0005291470083536
0.0004090758566248
0.0003281017688877
0.0002534159023247
0.0001937929556487
0.0001513326020230
0.0001096743419366
0.0000838612558376
0.0000609426840892
0.0000428627883383
0.0000313647861353
0.0000216677738446
0.0000144008219388
0.0000103402465211
0.0000064452886563
0.0000042684318814
0.0000028464724191
0.0000016212770103
0.0000011173506851
0.0000006129505763
0.0000003820403351
0.0000002245630285
0.0000001192504629
0.0000000749703678
0.0000000349495809
0.0000000223974798
0.0000000101863274
0.0000000055669006
0.0000000030240149
0.0000000012128567
0.0000000007538108
0.0000000002675424
0.0000000001554682
0.0000000000522313
0.0000000000259174
0.0000000000104597
0.0000000000021726
0.0000000000019533
0.0000000000000625
0.0000000000001747
0.0000000000000000
0.0000000000000052
