0.0000000438324892
0.0000000000000000
0.0000001875594805
0.0000000035945395
0.0000004829949374
0.0000000436928094
0.0000023613477025
0.0000001607547807
0.0000022585753580
0.0000007618817702
0.0000064613774777
0.0000028068046158
0.0000168879235483
0.0000048102154064
0.0000081763355026
0.0000203063097157
0.0000233607734255
0.0000289271621215
0.0000127034419461
0.0000556894858179
0.0000271427793808
0.0001665216193315
0.0000299537204369
0.0001096251167502
0.0000777997356245
0.0002892041923908
0.0001502346490798
0.0004529074251047
0.0001853981769805
0.0003363146715633
0.0006072782082682
0.0006203258975488
0.0006900556170664
0.0004753682187562
0.0012511500472335
0.0007210143395467
0.0028898774039949
0.0007190403949394
0.0019368358054356
0.0015690288717224
0.0039129756533458
0.0023619280286995
0.0035002331904068
0.0024087756946680
0.0042548027499082
0.0055470350743945
0.0043493937224337
0.0051942201828172
0.0055094040439600
0.0084212144076185
0.0053868504206963
0.0131281315648721
0.0050069155331304
0.0145700309015038
0.0083180725011276
0.0157291890369240
0.0113845605900616
0.0171259908471936
0.0127610933585518
0.0165616467807195
0.0182572050553912
0.0152987838546096
0.0213702169515661
0.0201169311636280
0.0218026828085290
0.0189904878323315
0.0260762243998426
0.0165928714382122
0.0380656348304222
0.0163791301619950
0.0255379498554363
0.0228094291622737
0.0402781315819935
0.0258616963955612
0.0236693920511624
0.0226890803238438
0.0276709066293358
0.0404999479153332
0.0223819967941261
0.0216922818588428
0.0304498384505242
0.0353416351688349
0.0250406012645802
0.0213901855559892
0.0134514318256366
0.0287693670031953
0.0226599558799211
0.0193738380031479
0.0119155134963609
0.0196211826211842
0.0155230357153430
0.0135282229398770
0.0109406631330573
0.0062290253783662
0.0114491098657716
0.0093489867539809
0.0069335395782622
0.0048219359972184
0.0031226545240184
0.0049441712863137
0.0045312615504067
0.0027153386037287
0.0021794412626636
0.0011662132784785
0.0025705057053970
0.0016360143219096
0.0010594140285264
0.0007831184083078
0.0004226581261986
0.0008473492648865
0.0006609987828562
0.0003465242962375
0.0002381227030269
0.0001442867087714
0.0002491189173182
0.0002052038243895
0.0000922768544556
0.0000720716098183
0.0000362881226524
0.0000859931968312
0.0000486353495143
0.0000229116996226
0.0000167755857667
0.0000082315184145
0.0000156938631673
0.0000130853651942
0.0000038928307688
0.0000026057058294
0.0000017410247955
0.0000010275823420
0.0000021897017961
0.0000004452198193
0.0000002532594859
0.0000002210849340
0.0000000451465105
0.0000001155409908
0.0000000494550933
0.0000000102610924
0.0000000115255000
0.0000000043546582
0.0000000007521047
0.0000000024554537
0.0000000000530256
0.0000000001614365
0.0000000001788748
0.0000000000000154
0.0000000000132698
0.0000000000000011
0.0000000000000033
0.0000000000000037
0.0000000000000000
0.0000000000000003
