0.0000000000005507
0.0000000000182352
0.0000000002554438
0.0000000023531905
0.0000000165254358
0.0000000848781511
0.0000003018781432
0.0000007468336500
0.0000013710187050
0.0000022020655628
0.0000038210163283
0.0000069635356606
0.0000110648210223
0.0000144486238590
0.0000172333874321
0.0000226445900888
0.0000338959600310
0.0000502055953039
0.0000670137436994
0.0000852830815084
0.0001241662561285
0.0002070043943213
0.0003184496573719
0.0004088465356592
0.0004731481529137
0.0005768495805638
0.0007589086386769
0.0009573656678990
0.0010752030098875
0.0011229958044357
0.0013062020238391
0.0018609444690903
0.0026769847776588
0.0033271367370897
0.0037124020077803
0.0042890164840621
0.0053181941864978
0.0063259388821374
0.0066538635391952
0.0063441981539699
0.0064109697728027
0.0079730911615022
0.0106747284504439
0.0127719007238377
0.0136431588489208
0.0148093318951368
0.0173073039271203
0.0197116894574850
0.0199617784685087
0.0180999306651163
0.0167449937628483
0.0187224187261955
0.0234248505391692
0.0269332782914586
0.0273995122751409
0.0275785056891778
0.0299120639138460
0.0324498377192540
0.0318285117944503
0.0279138894239657
0.0243887933814951
0.0252102257776711
0.0297733537803531
0.0329790696502846
0.0319268051460510
0.0294834957000014
0.0290193829797447
0.0294688253361570
0.0278451248665017
0.0237399591834810
0.0199408610524233
0.0195036338844690
0.0220311941099243
0.0236598408926014
0.0219124036646765
0.0185417578802401
0.0162178597354834
0.0150031779596161
0.0134386012672615
0.0110873663221351
0.0090139594098589
0.0084658787028349
0.0092508712825963
0.0097003176287506
0.0086651833060603
0.0067660585994266
0.0051811713237609
0.0042042067245790
0.0034548844344433
0.0027088713236759
0.0021212569209518
0.0019241727202049
0.0020498751181095
0.0021122428617657
0.0018369280083080
0.0013429247859415
0.0008998506867110
0.0006136527188000
0.0004353995846361
0.0003092646010164
0.0002267193415634
0.0001967453979369
0.0002047567086567
0.0002084535727162
0.0001783729110415
0.0001250542470410
0.0000757833760552
0.0000433986473780
0.0000249978959814
0.0000146786554677
0.0000092302506680
0.0000072214216959
0.0000071844352553
0.0000072098794959
0.0000061047816445
0.0000041742426108
0.0000023659924578
0.0000011681763737
0.0000005175889653
0.0000002028485273
0.0000000677903538
0.0000000187861637
0.0000000042352905
0.0000000007506491
0.0000000000970149
0.0000000000079325
0.0000000000003000
