0.0004960299217225
0.0000235578789588
0.0000000000000000
0.0008812881788206
0.0000418548949072
0.0000000000000000
0.0005573286026137
0.0002148264459733
0.0000089456274524
0.0048001290863112
0.0024237705533419
0.0001042847573385
0.0067690443126514
0.0038397853303249
0.0001670943176767
0.0042807586649456
0.0041172026160595
0.0008926151840591
0.0132254142325397
0.0212074275154522
0.0045455193861195
0.0100945382278127
0.0274949442165580
0.0061859571693825
0.0065094779768098
0.0213692118212046
0.0104380501251419
0.0124779124647746
0.0538371387157129
0.0345517668890596
0.0041577725608140
0.0397484278788413
0.0395374303939174
0.0046882090267515
0.0279228278001269
0.0400714502944362
0.0115478141470000
0.0427117443262176
0.0776464808279446
0.0259960736069962
0.0019280631329206
0.0552534043889584
0.0248954080576952
0.0017616266474606
0.0451829619898518
0.0347904803034171
0.0056620798038695
0.0522349642467603
0.0486801330928449
0.0091057534799220
0.0004210233062939
0.0326624062532881
0.0069568670437294
0.0003154208466021
0.0333701814768495
0.0136466446696994
0.0010782669918746
0.0242334620797685
0.0129895424852165
0.0012750251668863
0.0000338491496190
0.0079262959197926
0.0008271686881515
0.0000214062774359
0.0109334348592061
0.0019082457969225
0.0000659669024956
0.0030921101466488
0.0011918768034645
0.0000496311606545
0.0000000000000000
0.0006608752805380
0.0000313868562843
0.0000000000000000
0.0011741662083416
0.0000557645097651
