0.0000000000000009
0.0000000000000000
0.0000000000000303
0.0000000000000424
0.0000000000002152
0.0000000000013877
0.0000000000012645
0.0000000000101319
0.0000000000247318
0.0000000000328450
0.0000000001851791
0.0000000002356646
0.0000000005611482
0.0000000017188746
0.0000000016575948
0.0000000056484296
0.0000000095427715
0.0000000118420738
0.0000000348780635
0.0000000415319441
0.0000000748364065
0.0000001512968558
0.0000001811234544
0.0000003490434866
0.0000005639610491
0.0000007428463982
0.0000012952910013
0.0000020006431871
0.0000025707405185
0.0000044264413433
0.0000063164778937
0.0000079449085998
0.0000139175403588
0.0000172790187506
0.0000233553613566
0.0000379040134665
0.0000433178064177
0.0000629753926839
0.0000908245430590
0.0001016567517772
0.0001515966036138
0.0001964925187253
0.0002215065204115
0.0003306591073117
0.0003831116739831
0.0004573273741114
0.0006481380638774
0.0006947838610559
0.0008907892488712
0.0011365202452231
0.0012223909884504
0.0015834277016256
0.0018609460680136
0.0020560422493296
0.0025843825110854
0.0029184683408228
0.0032390780875193
0.0039814897045132
0.0043095993096656
0.0048528820148631
0.0057807209910092
0.0060353404685924
0.0069686148249823
0.0078651752154858
0.0081821476469930
0.0094899973743470
0.0101639936021055
0.0107390962738307
0.0122215579184969
0.0126280419862509
0.0135998730489046
0.0149499930409250
0.0151777365621179
0.0165347740221742
0.0174430126091149
0.0177195772818731
0.0192309813708970
0.0195366729028572
0.0201406918129142
0.0213899927735201
0.0212303016037697
0.0222328142059455
0.0227462749874226
0.0225748814109831
0.0235846017551510
0.0233696588181723
0.0234312941232536
0.0240187478705942
0.0234347135554250
0.0236136503248197
0.0236501236866236
0.0229135416323002
0.0230455676560883
0.0225762342239881
0.0218066974312688
0.0218067096090220
0.0209542566493170
0.0202207627573511
0.0200714930472162
0.0188769946512666
0.0183042545735618
0.0178545394043446
0.0165438527020679
0.0161466070351044
0.0153289775107710
0.0141858581496295
0.0138234599422590
0.0127551564113585
0.0118774492910944
0.0114203051569927
0.0102935707248679
0.0096827984117516
0.0090786877061926
0.0081139380045951
0.0076443749652269
0.0069741233577705
0.0062333183728324
0.0058047446644285
0.0051705573164059
0.0046390575579844
0.0042438961401505
0.0037196822016587
0.0033333739931000
0.0029964270420944
0.0025744073133771
0.0023063292367462
0.0020159015356723
0.0017096069182364
0.0015344054892079
0.0012835878640718
0.0011066924536344
0.0009620621251628
0.0007743259480607
0.0006875822035376
0.0005502073440376
0.0004478956168802
0.0003973947647356
0.0002866997419562
0.0002590619810968
0.0002004771083406
0.0001471035916149
0.0001355402338058
0.0000860263156066
0.0000738274648933
0.0000587632964125
0.0000349688516044
0.0000347747995866
0.0000210124395867
0.0000144374369753
0.0000131376595350
0.0000057171105418
0.0000058900775113
0.0000031320575039
0.0000019543522396
0.0000016046765956
0.0000006259023547
0.0000005171907135
0.0000001714577817
0.0000001641879059
0.0000000361077326
0.0000000317657943
0.0000000108368851
0.0000000017497660
0.0000000022014686
0.0000000000000000
0.0000000001235322
