0.0000008317856861
0.0000011523007569
0.0000049115565708
0.0000068041449243
0.0000000000000000
0.0000000000000000
0.0002152135859712
0.0002986977875306
0.0012738190139437
0.0017684168146764
0.0000199566050046
0.0000274923281177
0.0017194358126543
0.0025081816275361
0.0108595999019181
0.0160165511999403
0.0051674220450448
0.0071288466822468
0.0032885895308006
0.0011799557134516
0.0062330909157851
0.0166761313830719
0.0419639029692510
0.0604436201701826
0.0335428424288089
0.0105594130291676
0.0101506554044336
0.0049361543846211
0.0080613043164445
0.0321069943216116
0.0619304917643653
0.0860260171450137
0.0870242175051167
0.0243203320808360
0.0079773097818227
0.0062514625923802
0.0075476430335338
0.0186658518597469
0.0535992559194362
0.0793174262394849
0.0655127172180428
0.0455802868491770
0.0071866163238501
0.0025426791071659
0.0028528600523815
0.0060136255017943
0.0183719401646538
0.0390462293462479
0.0385713641548359
0.0211102323308254
0.0079811301822534
0.0007439479172845
0.0002883434151817
0.0011401919037096
0.0020982526631008
0.0077273045312158
0.0127998770061685
0.0059317209483555
0.0024212353976864
0.0001920884738039
0.0000000000000000
0.0000000000000000
0.0001862354982660
0.0002579983151937
0.0010996897404225
0.0015234372764940
