0.0000000000953288
0.0000000000000000
0.0000000014236866
0.0000000000000000
0.0000000021095319
0.0000000000000000
0.0000000319294262
0.0000000000000000
0.0000000381424727
0.0000000000000000
0.0000002030934945
0.0000000000000000
0.0000006755784509
0.0000000000000000
0.0000021619223068
0.0000000000000000
0.0000036420683934
0.0000000000000000
0.0000111084663741
0.0000000000000000
0.0000346718098610
0.0000000000000000
0.0000413987044688
0.0000000000000000
0.0001247224965005
0.0000000000000000
0.0002621064684885
0.0000000000000000
0.0003632929954039
0.0000000000000000
0.0007582053572017
0.0000000000000000
0.0014426551076321
0.0000000000000000
0.0019884341277488
0.0000000000000000
0.0029248685572166
0.0000000000000000
0.0059585392118389
0.0000000000000000
0.0073446785603365
0.0000000000000000
0.0085638363583918
0.0000000000000000
0.0163166909025136
0.0000000000000000
0.0211470259099008
0.0000000000000000
0.0201962173001100
0.0000000000000000
0.0301315786838130
0.0000000000000000
0.0456204787303913
0.0000000000000000
0.0399354910094176
0.0000000000000000
0.0416419140179727
0.0000000000000000
0.0678235249738949
0.0000000000000000
0.0657123183559198
0.0000000000000000
0.0492168279080108
0.0000000000000000
0.0685854596526172
0.0000000000000000
0.0820383747720270
0.0000000000000000
0.0540735868528336
0.0000000000000000
0.0503364341885023
0.0000000000000000
0.0709318285537120
0.0000000000000000
0.0524360213455847
0.0000000000000000
0.0308318980703253
0.0000000000000000
0.0408559408194308
0.0000000000000000
0.0391062337320033
0.0000000000000000
0.0181142409161378
0.0000000000000000
0.0158420669910317
0.0000000000000000
0.0199937933866636
0.0000000000000000
0.0099468034134450
0.0000000000000000
0.0043862002980826
0.0000000000000000
0.0065181661051636
0.0000000000000000
0.0043310094015776
0.0000000000000000
0.0009566686870337
0.0000000000000000
0.0012684362120315
0.0000000000000000
0.0012893966680042
0.0000000000000000
0.0001706233354299
0.0000000000000000
0.0001327700458551
0.0000000000000000
0.0002339492574522
0.0000000000000000
0.0000219046110238
0.0000000000000000
0.0000060149008998
0.0000000000000000
0.0000223132691381
0.0000000000000000
0.0000016069249995
0.0000000000000000
0.0000000708610245
0.0000000000000000
0.0000007969038729
0.0000000000000000
0.0000000474475965
