0.0000000144182273
0.0000000015956033
0.0000000745539192
0.0000000082505623
0.0000011168481405
0.0000002436445198
0.0000057343576526
0.0000013395018755
0.0000050787686675
0.0000102955653038
0.0000218933444110
0.0000565728839023
0.0000342004034248
0.0000787638038198
0.0000645776666709
0.0002074675154508
0.0002453168737547
0.0003673522235603
0.0005017634506815
0.0005039858136655
0.0007575466100703
0.0010275512002525
0.0016926383048585
0.0020115314099059
0.0023895646135663
0.0023738040205878
0.0034593401940514
0.0041646645221594
0.0061167927090777
0.0066996132608353
0.0078944363759397
0.0083239948310132
0.0088242875435626
0.0120785549430374
0.0132739935443888
0.0164925744682570
0.0190416682110401
0.0186323834992369
0.0187382088323184
0.0207585648483335
0.0218348344001598
0.0313858887816029
0.0285730501568214
0.0319803572847344
0.0309641631855479
0.0284325294420568
0.0297280158949826
0.0329731726148292
0.0361706940367980
0.0421495750952812
0.0351618120653212
0.0340469420032822
0.0308136202788599
0.0284034973517852
0.0328910399177103
0.0326612358955901
0.0354466582981345
0.0313076157973487
0.0252469166815010
0.0222185511870470
0.0206456736827078
0.0200708959560206
0.0233838198964240
0.0194765226717312
0.0189367829869387
0.0136420834470525
0.0108145836153821
0.0101898821755579
0.0095620440467524
0.0094586877924811
0.0094681870932008
0.0066836268405810
0.0052269210277658
0.0038331713743891
0.0029959986806100
0.0034091045954552
0.0028424962262354
0.0025648645583412
0.0018987236434365
0.0012526205301797
0.0008176757761400
0.0007609876994535
0.0006239893404535
0.0006509958397649
0.0004602786461007
0.0003410363414222
0.0001856909721567
0.0001244595428985
0.0001031943557352
0.0000913250005436
0.0000828404939850
0.0000564332601056
0.0000345381744965
0.0000181530030295
0.0000128041931931
0.0000068043056719
0.0000101464114448
0.0000047010598327
0.0000041224422520
0.0000022771906864
0.0000012734576997
0.0000005218643823
0.0000006014373111
0.0000001905979206
0.0000001941032749
0.0000002265146498
0.0000000715281684
0.0000000575657716
0.0000000136155572
0.0000000037881504
0.0000000003231907
0.0000000103731286
0.0000000011479496
0.0000000026979631
0.0000000002985720
