0.0006157900884110
0.0003232556310951
0.0000210884286395
0.0000000000000000
0.0000000000000000
0.0000000000000000
0.0000000000000000
0.0000000000000000
0.0003719679568334
0.0001952625397782
0.0089647698288978
0.0046993197893031
0.0003065724476178
0.0000000000000000
0.0000000000000000
0.0000000000000000
0.0000529257592411
0.0000277830871699
0.0054092863788993
0.0028386237671421
0.0442255644168012
0.0231187557079356
0.0015082126437515
0.0000000000000000
0.0000000000000000
0.0000000000000000
0.0007694067599783
0.0004038958606940
0.0266289370585347
0.0139648826557152
0.1040673514921716
0.0541513424447914
0.0035327048039752
0.0000000000000000
0.0000000000000000
0.0000000000000000
0.0037851705611656
0.0019870045354408
0.0624411922661638
0.0327101143523651
0.1281702651043009
0.0661620831324796
0.0043162569637385
0.0000000000000000
0.0000000000000000
0.0000000000000000
0.0088660510046077
0.0046541848703854
0.0764358666991887
0.0399652013661621
0.0802529378010703
0.0407596861843176
0.0026590649961941
0.0000000000000000
0.0000000000000000
0.0000000000000000
0.0108325366858948
0.0056864807483269
0.0472728536324506
0.0246208853901420
0.0206621842790572
0.0100033302748231
0.0006525934782438
0.0000000000000000
0.0000000000000000
0.0000000000000000
0.0066734717982365
0.0035032024359158
0.0117393016343752
0.0060425109040932
0.0003941990417084
0.0000000000000000
0.0000000000000000
0.0000000000000000
0.0000000000000000
0.0000000000000000
0.0016378178716980
0.0008597635130840
0.0000560889269929
