0.0000000000001684
0.0000000000000000
0.0000000000063956
0.0000000000000000
0.0000000000694509
0.0000000000000000
0.0000000007535895
0.0000000000000000
0.0000000055432495
0.0000000000000000
0.0000000172335889
0.0000000000000000
0.0000000575929431
0.0000000000000000
0.0000002276412811
0.0000000000000000
0.0000006041303229
0.0000000000000000
0.0000015226545543
0.0000000000000000
0.0000041284549797
0.0000000000000000
0.0000095450819260
0.0000000000000000
0.0000203974483863
0.0000000000000000
0.0000439325140194
0.0000000000000000
0.0000888829395132
0.0000000000000000
0.0001659008189692
0.0000000000000000
0.0003082584482567
0.0000000000000000
0.0005555174700585
0.0000000000000000
0.0009251331452667
0.0000000000000000
0.0015121371872903
0.0000000000000000
0.0024567609535835
0.0000000000000000
0.0037482457515304
0.0000000000000000
0.0054560447759603
0.0000000000000000
0.0079608239068865
0.0000000000000000
0.0112527130955988
0.0000000000000000
0.0149384728528905
0.0000000000000000
0.0195312080377233
0.0000000000000000
0.0253733942336199
0.0000000000000000
0.0313171903015518
0.0000000000000000
0.0371569133243825
0.0000000000000000
0.0438905986528941
0.0000000000000000
0.0504764689865459
0.0000000000000000
0.0553528417709141
0.0000000000000000
0.0595302851831061
0.0000000000000000
0.0632669501813812
0.0000000000000000
0.0647098649508233
0.0000000000000000
0.0640391002895132
0.0000000000000000
0.0625818595711572
0.0000000000000000
0.0596093778762494
0.0000000000000000
0.0547215240409758
0.0000000000000000
0.0492580647366060
0.0000000000000000
0.0435354528874977
0.0000000000000000
0.0371380373635080
0.0000000000000000
0.0308385821896897
0.0000000000000000
0.0252333472362550
0.0000000000000000
0.0200152123527734
0.0000000000000000
0.0153144849290402
0.0000000000000000
0.0115360690645692
0.0000000000000000
0.0085091138680381
0.0000000000000000
0.0060115847488823
0.0000000000000000
0.0041311569559248
0.0000000000000000
0.0028099242549880
0.0000000000000000
0.0018423187629214
0.0000000000000000
0.0011519995880594
0.0000000000000000
0.0007093131511413
0.0000000000000000
0.0004293633908357
0.0000000000000000
0.0002460499665175
0.0000000000000000
0.0001352184388246
0.0000000000000000
0.0000737212464693
0.0000000000000000
0.0000386908143713
0.0000000000000000
0.0000190035193420
0.0000000000000000
0.0000090584763048
0.0000000000000000
0.0000042380443182
0.0000000000000000
0.0000018539655130
0.0000000000000000
0.0000007596690185
0.0000000000000000
0.0000003031547799
0.0000000000000000
0.0000001132432951
0.0000000000000000
0.0000000385172103
0.0000000000000000
0.0000000125613662
0.0000000000000000
0.0000000037652884
0.0000000000000000
0.0000000009638102
0.0000000000000000
0.0000000002316138
0.0000000000000000
0.0000000000512862
0.0000000000000000
0.0000000000075795
0.0000000000000000
0.0000000000005150
0.0000000000000000
0.0000000000000070
