0.0000000000000940
0.0000000000000579
0.0000000000000594
0.0000000000271750
0.0000000000196378
0.0000000000201270
0.0000000003386078
0.0000000010501107
0.0000000010730627
0.0000000019543098
0.0000000116881911
0.0000000138739470
0.0000000261421519
0.0000000543896406
0.0000000881876356
0.0000002125378427
0.0000003300420043
0.0000005183287001
0.0000009771800193
0.0000015333416318
0.0000022745082743
0.0000042833820997
0.0000064182940652
0.0000096989159843
0.0000148977060371
0.0000232294036531
0.0000329796496683
0.0000453741307485
0.0000749730829418
0.0001019083938120
0.0001365670619364
0.0002003981316354
0.0002788594139276
0.0003740541909245
0.0004821768891473
0.0006355957605765
0.0009304763498004
0.0011315720770590
0.0013654446661175
0.0018897624008564
0.0024449733570210
0.0028946861569049
0.0034661471648434
0.0044224470085289
0.0054426551338394
0.0064781015783414
0.0072785594250245
0.0087497322252655
0.0106875842274666
0.0120126580807348
0.0132186202702279
0.0152749505348736
0.0176841831226979
0.0195151332742633
0.0210306884403010
0.0229112406362619
0.0256985778396458
0.0277184633765195
0.0287911898924393
0.0302878695870098
0.0327968107961472
0.0340853057849412
0.0345648396723561
0.0352873759939332
0.0364186670375894
0.0369126110084764
0.0363887186802353
0.0359070449829616
0.0357149669415416
0.0349754422890550
0.0333945785408407
0.0321856092913746
0.0306833380554970
0.0288709469868177
0.0269413998438973
0.0252022082308705
0.0229485972015635
0.0208862878546282
0.0189744524042213
0.0170983179121930
0.0149961597148085
0.0131286251940442
0.0115677520493085
0.0100595782532924
0.0084585957387915
0.0071250605749595
0.0061128189662789
0.0050600490664664
0.0040849019092301
0.0033501459774779
0.0027556447799039
0.0021557396073422
0.0016978174353003
0.0013511923189628
0.0010440674143405
0.0007871961184630
0.0006062994630252
0.0004601438937613
0.0003362929345578
0.0002480244585002
0.0001841563071751
0.0001325057257098
0.0000930634116172
0.0000668409790531
0.0000473687406753
0.0000324626069634
0.0000220056629996
0.0000153224964602
0.0000103231196961
0.0000067239234787
0.0000044387021910
0.0000029747933214
0.0000018843692180
0.0000011734085920
0.0000007630544661
0.0000004786281535
0.0000002836943090
0.0000001737079462
0.0000001092406968
0.0000000619733606
0.0000000355425315
0.0000000215822065
0.0000000124950422
0.0000000064041931
0.0000000036703116
0.0000000021626266
0.0000000011185412
0.0000000005234338
0.0000000002936708
0.0000000001702818
0.0000000000779557
0.0000000000308607
0.0000000000187337
0.0000000000103598
0.0000000000033251
0.0000000000011476
0.0000000000007906
0.0000000000003443
0.0000000000000500
0.0000000000000214
0.0000000000000119
0.0000000000000012
0.0000000000000000
0.0000000000000000
0.0000000000000000
