0.0000029264685533
0.0000000095411456
0.0000011586119065
0.0000000037774146
0.0000478438673715
0.0000051508225940
0.0001232353227329
0.0000061227783884
0.0000644309742900
0.0000833510537714
0.0017142223825822
0.0002770978618906
0.0014531203103806
0.0002722947554473
0.0011327210684739
0.0030114242862141
0.0098664973378459
0.0046923708118516
0.0110590811239058
0.0038130382355120
0.0076115730870099
0.0181143205947756
0.0075796861107739
0.0308899380894526
0.0427714984327409
0.0266526061582628
0.0228756361365628
0.0160646533367334
0.0339245743042979
0.0723859497879418
0.0291097091888303
0.0853285834543967
0.0444053526474685
0.0476134322938725
0.0192477267382789
0.0252846022606448
0.0926728372257917
0.0546661343703117
0.0470516093238870
0.0542762956320340
0.0276430435167046
0.0247444829604734
0.0117591625535007
0.0123904907990313
0.0608302359861408
0.0033982251947876
0.0236843114919461
0.0000771837855782
0.0137955085482631
0.0000449774030911
0.0054617502866732
0.0000178069074705
