0.0000560636203848
0.0000000000000000
0.0002690394593043
0.0000000000000000
0.0004122627184981
0.0000000000000000
0.0018213536697592
0.0000000000000000
0.0074425811491727
0.0000000000000000
0.0115301712192233
0.0000000000000000
0.0166597988132033
0.0000000000000000
0.0417381094619916
0.0000000000000000
0.0665536442529238
0.0000000000000000
0.0708054201410947
0.0000000000000000
0.0820464842455288
0.0000000000000000
0.1218538819343270
0.0000000000000000
0.1408867042435646
0.0000000000000000
0.1242508813249677
0.0000000000000000
0.1191890801493966
0.0000000000000000
0.0673896824527331
0.0000000000000000
0.0423192425675401
0.0000000000000000
0.0338695129815985
0.0000000000000000
0.0301178670451872
0.0000000000000000
0.0121738673213801
0.0000000000000000
0.0036876961170007
0.0000000000000000
0.0023917586822044
0.0000000000000000
0.0017867792928034
0.0000000000000000
0.0006312170545049
0.0000000000000000
0.0000885809195476
0.0000000000000000
0.0000283191621593
