0.0000471159774822
0.0000000000000000
0.0000712115862699
0.0000000000000000
0.0002633755222427
0.0000000000000000
0.0010637163702547
0.0000000000000000
0.0016957487937505
0.0000000000000000
0.0047633240048355
0.0000000000000000
0.0078644988059181
0.0000000000000000
0.0131302555918397
0.0000000000000000
0.0213136747049415
0.0000000000000000
0.0310170830100864
0.0000000000000000
0.0455491920388896
0.0000000000000000
0.0545707811003541
0.0000000000000000
0.0773165784844719
0.0000000000000000
0.0782671847698486
0.0000000000000000
0.0976065339947668
0.0000000000000000
0.0961830782615979
0.0000000000000000
0.0980515488535172
0.0000000000000000
0.0915011951361522
0.0000000000000000
0.0790403733512308
0.0000000000000000
0.0698493665036919
0.0000000000000000
0.0448078857135122
0.0000000000000000
0.0424734432058593
0.0000000000000000
0.0181517293422614
0.0000000000000000
0.0146604658386213
0.0000000000000000
0.0073085602254563
0.0000000000000000
0.0013665940792039
0.0000000000000000
0.0020654847329430
