0.0000048193811211
0.0000000000000000
0.0000237519938997
0.0000381645799162
0.0011051490045892
0.0001932144379858
0.0053044200101373
0.0087769000262344
0.0084771759872317
0.0430860111647358
0.0099548133645114
0.0719829037502870
0.0292954456913881
0.0645857273066156
0.0716531227288868
0.0651014048454017
0.0915274728354191
0.0718965126967746
0.0785339261209962
0.0576801309056350
0.0751053340108391
0.0407851803833027
0.0630677402765551
0.0294999332609471
0.0365529408772719
0.0197541898308971
0.0223863567535714
0.0106310522301688
0.0099719618940377
0.0062331758158690
0.0021275862441814
0.0029407574480024
0.0008674301776915
0.0005845561685528
0.0000000000000000
0.0002707377963455
