0.0000000007346569
0.0000000000000000
0.0000000465609089
0.0000000015290495
0.0000007789053910
0.0000000978781889
0.0000040722051920
0.0000016830335952
0.0000073162333091
0.0000095340118242
0.0000098550052116
0.0000213420236149
0.0000212100475704
0.0000375967753999
0.0000596361959752
0.0000853113565551
0.0001364314370056
0.0001796979783421
0.0002636671843816
0.0003442133822137
0.0004370630638781
0.0006113045557604
0.0006896133420005
0.0010935053707775
0.0011932014680242
0.0018429677548706
0.0021300833675024
0.0027964447108725
0.0036827319577121
0.0040395020627756
0.0055383162679175
0.0060973546123259
0.0072337473868071
0.0097632312622485
0.0092972728726188
0.0130310598326973
0.0140744759113068
0.0149801828923374
0.0201662498622742
0.0182737909342566
0.0243655010738395
0.0234751618225453
0.0267625646421883
0.0286088428691186
0.0275869618192809
0.0318338170509785
0.0276066896975904
0.0318520857825879
0.0281319579746843
0.0282478846415828
0.0281531231598716
0.0251388072020247
0.0254210258516830
0.0237182335066876
0.0227218863492702
0.0221537496048178
0.0217301393553284
0.0205438171146795
0.0226621986516164
0.0200053784198678
0.0234430921248049
0.0217152219740368
0.0234360965584407
0.0241212615548509
0.0226975671759970
0.0253581021577410
0.0215002439066146
0.0242978083811392
0.0205746991775095
0.0203578727712190
0.0192204907306876
0.0163996161869664
0.0158533878154548
0.0128230629401322
0.0123262097233495
0.0094451457676504
0.0084491923937859
0.0069247853955682
0.0053058841149386
0.0044348726735552
0.0032974191729672
0.0025737234663676
0.0018665406743870
0.0014308646620168
0.0009990626064317
0.0007253204321246
0.0005103043641490
0.0003573604631828
0.0002345711366609
0.0001703427548412
0.0000996421120315
0.0000717974982621
0.0000431606575789
0.0000240128662175
0.0000175172335386
0.0000081598864474
0.0000052254590308
0.0000030087203398
0.0000015516572761
0.0000006282969130
0.0000005760340411
0.0000000452378720
0.0000001235333670
0.0000000000000000
0.0000000089919198
