0.0000000000006288
0.0000000000054105
0.0000000000078152
0.0000000000075093
0.0000000000859047
0.0000000007897232
0.0000000028711431
0.0000000037854033
0.0000000066150032
0.0000000465374180
0.0000002294935743
0.0000003195700948
0.0000003551822426
0.0000015659521181
0.0000053085987436
0.0000071741893918
0.0000076582522780
0.0000241310869645
0.0000513124214413
0.0000644486309962
0.0000740870977891
0.0001614354993782
0.0002566011332022
0.0002987493098360
0.0003808861991058
0.0005454111665432
0.0008142181065603
0.0009548978943201
0.0012469616045822
0.0015415582177461
0.0019706972876636
0.0024068941591014
0.0030258162218875
0.0037165173919902
0.0042584336402630
0.0050568052250306
0.0060612317011484
0.0072587624748825
0.0081789472407548
0.0094024702622645
0.0106860400473919
0.0121788479592256
0.0135882886969082
0.0153897128781677
0.0169076180341768
0.0184371849105453
0.0199947822626394
0.0220655323518172
0.0237242541274096
0.0251607075368808
0.0266183798817318
0.0282850359586726
0.0296934972309233
0.0305351300698662
0.0319754730844433
0.0326278495408443
0.0334948914612361
0.0334847611560128
0.0342141048632646
0.0338969016081047
0.0337049084102990
0.0331276174195818
0.0327313494199762
0.0315831562513295
0.0302865247328350
0.0289295612685129
0.0277698507496509
0.0263190152095720
0.0243734562121092
0.0226198513511019
0.0203791331628285
0.0191131843651722
0.0172078414240404
0.0158472542038017
0.0131889529152214
0.0118028862829145
0.0103375901113259
0.0093889387411402
0.0077895213102171
0.0062296756146535
0.0052677107997347
0.0045056510152345
0.0039991158461199
0.0028782368118020
0.0023305010783812
0.0017460851022672
0.0016124116754512
0.0011798360034904
0.0008809340783708
0.0005598614196255
0.0004652103581211
0.0003913639675169
0.0002600197051422
0.0001676427329877
0.0000847435752330
0.0000828015158590
0.0000518229210739
0.0000461504137071
0.0000071961472347
0.0000075088075280
0.0000051460445976
0.0000068412461227
