0.0000000044544956
0.0000000000000000
0.0000000935340086
0.0000000000000000
0.0000005349661980
0.0000000000000000
0.0000025440832901
0.0000000000000000
0.0000272207463356
0.0000000000000000
0.0001470993055461
0.0000000000000000
0.0003720313412604
0.0000000000000000
0.0006420199776737
0.0000000000000000
0.0013135305179945
0.0000000000000000
0.0028327382874649
0.0000000000000000
0.0046891054115620
0.0000000000000000
0.0067335731636013
0.0000000000000000
0.0107103770424037
0.0000000000000000
0.0168099896542968
0.0000000000000000
0.0222859918390691
0.0000000000000000
0.0279843992780195
0.0000000000000000
0.0372458923969417
0.0000000000000000
0.0470932509377903
0.0000000000000000
0.0534117801872910
0.0000000000000000
0.0596759940058739
0.0000000000000000
0.0677790308451020
0.0000000000000000
0.0722496849761609
0.0000000000000000
0.0723670187871098
0.0000000000000000
0.0722308045448016
0.0000000000000000
0.0704029509073770
0.0000000000000000
0.0647965836614566
0.0000000000000000
0.0582704765832305
0.0000000000000000
0.0517252302226269
0.0000000000000000
0.0433255207031041
0.0000000000000000
0.0349045729012219
0.0000000000000000
0.0283470121053992
0.0000000000000000
0.0221122025505928
0.0000000000000000
0.0158685615643671
0.0000000000000000
0.0112923660098559
0.0000000000000000
0.0082551343946955
0.0000000000000000
0.0055562208952563
0.0000000000000000
0.0033847457729337
0.0000000000000000
0.0021374409288451
0.0000000000000000
0.0013865798693177
0.0000000000000000
0.0007848820490036
0.0000000000000000
0.0003999302318885
0.0000000000000000
0.0002231417223867
0.0000000000000000
0.0001241065728545
0.0000000000000000
0.0000560425997061
0.0000000000000000
0.0000231985577055
0.0000000000000000
0.0000112170838091
0.0000000000000000
0.0000049339638593
0.0000000000000000
0.0000015338351388
0.0000000000000000
0.0000004662064988
0.0000000000000000
0.0000001840851721
0.0000000000000000
0.0000000487832508
0.0000000000000000
0.0000000049541577
