0.0001335770236663
0.0000000000000000
0.0003985008842430
0.0000000000000000
0.0004342374461967
0.0000000000000000
0.0010463182874603
0.0000000000000000
0.0027376518431979
0.0013852409522891
0.0034047814932873
0.0041325950318802
0.0037202203915821
0.0045031958115177
0.0066931897962757
0.0108506904940450
0.0094030147177767
0.0283904173204273
0.0083961897051196
0.0353087876091579
0.0087113322643942
0.0385800004859661
0.0114132803061866
0.0694107440992668
0.0098378930544358
0.0975125864054239
0.0069131289745561
0.0870714551311895
0.0061302833032913
0.0903395948676076
0.0040573947049228
0.1183597511468636
0.0021157949318488
0.1020224284775789
0.0014155179338696
0.0716915911222395
0.0006409327924483
0.0635732047905661
0.0001987377347335
0.0420766172998450
0.0001126306583255
0.0219415413354635
0.0000334051290268
0.0146794213321755
0.0000000000000000
0.0066466996149148
0.0000000000000000
0.0020609805590950
0.0000000000000000
0.0011680197395734
0.0000000000000000
0.0003464229960685
