0.0000006145458091
0.0000000000000000
0.0000007146179002
0.0000027125137555
0.0000010642370982
0.0000052987504265
0.0000600102105514
0.0000307725052877
0.0000778395478937
0.0002832268178322
0.0002181106158883
0.0005371759162237
0.0006174193364246
0.0029738838190392
0.0014838790495153
0.0039129527708186
0.0114193528250624
0.0058589287186194
0.0212301627252372
0.0176537033098467
0.0279377979707995
0.0487416988198927
0.0366473259064386
0.0643260501675252
0.0580254210905648
0.0849870370550418
0.0691161138747261
0.0840262482165906
0.0928387734400979
0.0429028433490748
0.1072361714277912
0.0424655080173122
0.0444854634093481
0.0547721537106363
0.0090323974014834
0.0425357814455594
0.0099255365840357
0.0015740954493367
0.0102881833462372
0.0012149783539260
0.0002554966425492
0.0000000000000000
0.0002971014878023
