0.0000000000002911
0.0000000000013227
0.0000000000066937
0.0000000000348524
0.0000000000306007
0.0000000001324382
0.0000000006271249
0.0000000005258024
0.0000000010821077
0.0000000048510920
0.0000000064839997
0.0000000059245468
0.0000000221639593
0.0000000471874874
0.0000000343080188
0.0000000780828436
0.0000002141164748
0.0000002154675797
0.0000002682800547
0.0000007017564552
0.0000010604922262
0.0000009925997049
0.0000019796919200
0.0000036834831486
0.0000037598889785
0.0000054850915138
0.0000100474632467
0.0000127214217537
0.0000153620054168
0.0000251978417342
0.0000352556662815
0.0000413610338077
0.0000608439038525
0.0000841049434632
0.0001020251007506
0.0001389864893343
0.0001900704430407
0.0002294558351556
0.0002965439521398
0.0004043687912489
0.0004814642710270
0.0005863820550905
0.0007840849456926
0.0009567790703480
0.0011099015160542
0.0014100707928648
0.0017620096046033
0.0020316179270026
0.0023917432299630
0.0029558214423252
0.0034806942898626
0.0039246705242157
0.0046257450781919
0.0055085085886285
0.0062341649359654
0.0069153640040166
0.0080623675552653
0.0092661948428702
0.0099550035096243
0.0110909848841700
0.0128240017600885
0.0137569867105924
0.0146803525942059
0.0165225166474614
0.0179314088591486
0.0187690697166764
0.0200521415568262
0.0218422450651346
0.0229998531981793
0.0235224284086043
0.0248762293188155
0.0265485835286928
0.0267411126502107
0.0270557472959474
0.0285604325815353
0.0291082243285211
0.0285190634242306
0.0289776578074098
0.0297648124476681
0.0290691058037942
0.0283163831456655
0.0285361406112619
0.0282263562542202
0.0268482866208998
0.0260058191268954
0.0257130866024167
0.0245578704347886
0.0228811929544704
0.0220960856440892
0.0212812264880917
0.0195421387423133
0.0181246101805898
0.0173223725050757
0.0160257629412621
0.0143785514423661
0.0133200083114514
0.0123990070661748
0.0110449999367475
0.0098047126361375
0.0090016002243904
0.0080873786447248
0.0070039826287396
0.0061689147992911
0.0055521996049178
0.0048159161015784
0.0040646942175442
0.0035645036386512
0.0031235127154514
0.0025965210554939
0.0021701296645052
0.0018822082386457
0.0015784358038570
0.0012758575726599
0.0010593029565968
0.0008938645711239
0.0007189630358396
0.0005698912885790
0.0004674635537372
0.0003789227599921
0.0002949854543811
0.0002291349090573
0.0001840790511561
0.0001437607548778
0.0001070831209079
0.0000825567955989
0.0000644955991341
0.0000473343800375
0.0000347485069811
0.0000264118783223
0.0000194519113831
0.0000136808137061
0.0000099342940533
0.0000072595814109
0.0000049849460074
0.0000034873618701
0.0000024048021290
0.0000016747155036
0.0000011397848019
0.0000007053230243
0.0000004903149926
0.0000003442413113
0.0000001917055450
0.0000001221203830
0.0000000895631341
0.0000000496796457
0.0000000279319863
0.0000000173589217
0.0000000116316569
0.0000000057858742
0.0000000028170674
0.0000000022515189
0.0000000009167569
0.0000000005430485
0.0000000002395927
0.0000000000807497
0.0000000001092469
0.0000000000153166
0.0000000000022557
0.0000000000099616
0.0000000000014189
