0.0000000000098192
0.0000000000000000
0.0000000000833157
0.0000000000346874
0.0000000003222063
0.0000000005587522
0.0000000010027253
0.0000000034232109
0.0000000038241894
0.0000000124690775
0.0000000168559626
0.0000000377146539
0.0000000633686090
0.0000001097771013
0.0000001966381884
0.0000003077278990
0.0000005428935955
0.0000008198034226
0.0000013743133286
0.0000020555127808
0.0000032453282904
0.0000048405707675
0.0000072727826873
0.0000107097934520
0.0000155096562604
0.0000224559767101
0.0000315394473532
0.0000448270856016
0.0000614435852046
0.0000853329271287
0.0001148840119618
0.0001557256888900
0.0002063283803455
0.0002731658777857
0.0003566187538345
0.0004615720159596
0.0005938691851335
0.0007531808672977
0.0009536780540073
0.0011885213837994
0.0014799955309520
0.0018138445962208
0.0022229657465793
0.0026815638501723
0.0032325670545684
0.0038439020129749
0.0045571843285233
0.0053447948504091
0.0062333221229069
0.0072164865200716
0.0082745369173138
0.0094646967911010
0.0106770630082452
0.0120564941025890
0.0134021148194877
0.0149200549105075
0.0163714926652279
0.0179606294977495
0.0194671577343779
0.0210218648129024
0.0225440018773814
0.0239665547460004
0.0254071095127605
0.0266282379948958
0.0278730340263120
0.0288286041551095
0.0298032224013317
0.0304320797544531
0.0310217782431000
0.0313287012246926
0.0314988259059544
0.0314327385421651
0.0312018675038278
0.0307639470334509
0.0301369133824247
0.0293896489245474
0.0284377876090592
0.0273834925558810
0.0261938915146609
0.0249355720393897
0.0235635944338862
0.0221810774626697
0.0207199580001339
0.0192720342686647
0.0178038992334120
0.0163828672793146
0.0149502770984591
0.0136060197088692
0.0122809086825672
0.0110442909757184
0.0098626762616732
0.0087687738557073
0.0077407161204391
0.0068004607013367
0.0059456980764422
0.0051553812551273
0.0044587954397751
0.0038235301495341
0.0032674223161770
0.0027684229505122
0.0023409670432503
0.0019590784786001
0.0016351287641462
0.0013543767876925
0.0011154022753743
0.0009115723780733
0.0007422163921848
0.0005983082873245
0.0004799442540695
0.0003818585374940
0.0003020711199903
0.0002361572833926
0.0001844757988070
0.0001417970445808
0.0001085959260751
0.0000824121912257
0.0000619377151727
0.0000461934650537
0.0000339273304113
0.0000250936953212
0.0000178506915463
0.0000131146847066
0.0000091229266416
0.0000065590103949
0.0000044672884004
0.0000031752778366
0.0000021306193123
0.0000014603834179
0.0000009766921585
0.0000006490527783
0.0000004258494090
0.0000002795017849
0.0000001764238103
0.0000001130725162
0.0000000683601601
0.0000000436821694
0.0000000251239780
0.0000000151415468
0.0000000086376981
0.0000000045701126
0.0000000028482506
0.0000000012219048
0.0000000008029026
0.0000000002716715
0.0000000001948251
0.0000000000544901
0.0000000000342438
0.0000000000136475
0.0000000000000000
0.0000000000027677
