0.0000032514629276
0.0000000000000000
0.0000011242007388
0.0000048570597587
0.0000047779959297
0.0000581120263812
0.0000229644590890
0.0000270661183034
0.0000927107339722
0.0001173759866875
0.0000614485136231
0.0004655569997056
0.0001436901376512
0.0002148557358616
0.0006865474235615
0.0006592422982352
0.0011971280591049
0.0006133450580946
0.0013319924076594
0.0016829820203248
0.0022910975878287
0.0011701385920643
0.0071022499336118
0.0025924472899299
0.0033761903139827
0.0102642562214269
0.0102712994761747
0.0045208596184705
0.0042990220363149
0.0154298737056927
0.0039104382213543
0.0070480065217320
0.0055399862028220
0.0084096519351305
0.0058488540890374
0.0072118517357202
0.0114171034260047
0.0163480301176767
0.0062440831492590
0.0115623808735366
0.0174606820902347
0.0155832473857452
0.0098444067289186
0.0447625660110690
0.0184370840963982
0.0221316924108073
0.0637385864825152
0.0621617851816516
0.0290067740937943
0.0256990698651263
0.0920107345599206
0.0197759087598613
0.0411453564657219
0.0165235454153147
0.0462899056242789
0.0280719538235902
0.0183958218640107
0.0453420469814333
0.0552488703194262
0.0152132883942857
0.0207680637145150
0.0437545672070084
0.0092831411245664
0.0170754069557661
0.0070071900681596
0.0157037530672062
0.0096951502303908
0.0053818218482010
0.0077887982281650
0.0129359625522509
0.0019390478366257
0.0045360879113868
0.0011425357739971
0.0010741247110611
0.0003666166188282
0.0003606487874465
0.0015581671956863
0.0000000000000000
0.0005387398692546
