0.0000000148083636
0.0000003267997020
0.0000025722829569
0.0000088979713831
0.0000136983205672
0.0000114215986200
0.0000167985793528
0.0000490060542325
0.0000802646838448
0.0000698894683164
0.0000476302490071
0.0000678014872089
0.0002298625248897
0.0006500725149908
0.0009833090270452
0.0008707210055987
0.0011550852487356
0.0030372405705303
0.0049145319365092
0.0043426155019179
0.0029918745259002
0.0030836945702848
0.0049944121548610
0.0083406852472842
0.0117675627175097
0.0128928953861254
0.0113365818273495
0.0128996636322084
0.0174912496372461
0.0190776425486816
0.0179416924624679
0.0157485919413892
0.0167917699029969
0.0232229907038574
0.0317547755485568
0.0356177855595851
0.0287538997677866
0.0226252868639152
0.0263167662127360
0.0348080808925828
0.0388722447360029
0.0313231141388379
0.0244977269623015
0.0282858923377243
0.0373598254707152
0.0416588268852792
0.0321384912603981
0.0205788348742666
0.0214516462960505
0.0332852523492718
0.0406193432068583
0.0308276339621930
0.0188967063483036
0.0178345651573210
0.0224646536862476
0.0244368934554764
0.0181156716754727
0.0102973995533688
0.0103069578727228
0.0178599811521214
0.0223561209526734
0.0160511025897816
0.0080792835426498
0.0060530653476681
0.0071085595473182
0.0073601129709877
0.0051805099019115
0.0027865424265575
0.0029713637736659
0.0053739933959147
0.0064671719759551
0.0043292966983038
0.0018498213774001
0.0010747072546194
0.0011372195231901
0.0010761030839517
0.0006927330623531
0.0003776138619440
0.0004940579077102
0.0008625415266587
0.0009189881412625
0.0005466059510462
0.0002009030930123
0.0000919492226980
0.0000855379408447
0.0000708820719578
0.0000390574360390
0.0000233258532414
0.0000416486693065
0.0000672391322861
0.0000590400360749
0.0000283077633687
0.0000084149675399
0.0000030935526967
0.0000025550191630
0.0000019068430964
0.0000009051088545
0.0000005993340429
0.0000013347151187
0.0000020505852402
0.0000015601721429
0.0000005954605883
0.0000001288943202
0.0000000326270813
0.0000000215772451
0.0000000148877944
0.0000000065155048
0.0000000045780255
0.0000000112430989
0.0000000169346525
0.0000000120790979
0.0000000040243114
0.0000000006453919
0.0000000000763157
0.0000000000082935
