0.0000000000000000
0.0000000000000000
0.0000000000000000
0.0000000000000003
0.0000000000000007
0.0000000000000022
0.0000000000000058
0.0000000000000206
0.0000000000000451
0.0000000000001226
0.0000000000002906
0.0000000000006315
0.0000000000018347
0.0000000000030579
0.0000000000074617
0.0000000000170800
0.0000000000289897
0.0000000000645717
0.0000000001222918
0.0000000002289544
0.0000000004220189
0.0000000007998556
0.0000000014427525
0.0000000024958561
0.0000000045199913
0.0000000077576766
0.0000000129499600
0.0000000220558965
0.0000000368724755
0.0000000590003478
0.0000000976570078
0.0000001545690195
0.0000002449908438
0.0000003841067934
0.0000005899819143
0.0000009060727988
0.0000013723446135
0.0000020517060076
0.0000030490233086
0.0000045002161238
0.0000064942962323
0.0000094062757305
0.0000134328117023
0.0000190092944963
0.0000265182669334
0.0000372133765816
0.0000508164628881
0.0000695705410891
0.0000941273892873
0.0001261494499199
0.0001679875160010
0.0002217707660268
0.0002901175449221
0.0003757013685254
0.0004844478286973
0.0006169380026953
0.0007835866066503
0.0009838224519545
0.0012284012708504
0.0015164475905549
0.0018657564097893
0.0022699622940078
0.0027487469928124
0.0033046659961875
0.0039362330899992
0.0046577559907294
0.0054721989224637
0.0063839160451227
0.0073915709653311
0.0085165586989000
0.0097148934074481
0.0110298254369860
0.0124144869221205
0.0138947652534594
0.0154316732292079
0.0170520983675698
0.0186782646873027
0.0203473619362055
0.0220053456187372
0.0236220865427123
0.0252174531375380
0.0267379206885033
0.0281513538582786
0.0294395503208978
0.0306028624465165
0.0315333117800938
0.0323564234486891
0.0329214364429369
0.0333090821255899
0.0334471405006918
0.0333773209728890
0.0330315629427802
0.0325147922582565
0.0317572297672921
0.0308045877846239
0.0296895366280880
0.0283902605872958
0.0269430008862755
0.0253885817283648
0.0237714984064965
0.0220332552449097
0.0203467475878155
0.0185865801783052
0.0168616699752594
0.0151732388303076
0.0135520678781829
0.0119739581551023
0.0105398245655565
0.0091633087735101
0.0079003847877265
0.0067669727842305
0.0057222842646736
0.0047983668415419
0.0039959703714319
0.0032892427911725
0.0026644150497513
0.0021698415284832
0.0017174486837888
0.0013510384717031
0.0010620929615957
0.0008110614288357
0.0006131007142661
0.0004729615734896
0.0003431433536459
0.0002505378418896
0.0001852562429803
0.0001250977992840
0.0000901298193421
0.0000638408194585
0.0000410207176897
0.0000285291625195
0.0000186428369508
0.0000107549643212
0.0000077604401916
0.0000045146060123
0.0000025414126244
0.0000018463946951
0.0000008424406787
0.0000005232985187
0.0000003362556409
0.0000001274281525
0.0000000912183204
0.0000000489795513
0.0000000223216904
0.0000000169976051
0.0000000049244378
0.0000000024958535
0.0000000016944520
