0.0000000000000040
0.0000000000000166
0.0000000000001517
0.0000000000008980
0.0000000000022143
0.0000000000139177
0.0000000000505808
0.0000000000792875
0.0000000001852298
0.0000000004809239
0.0000000007641337
0.0000000025971619
0.0000000078943996
0.0000000121862678
0.0000000253489080
0.0000000557497056
0.0000000778405065
0.0000001536218677
0.0000003340291434
0.0000005112683686
0.0000009287832632
0.0000018219595435
0.0000026769418579
0.0000041267456864
0.0000068964501253
0.0000102155661848
0.0000155504715379
0.0000265535537007
0.0000415622358286
0.0000573986248736
0.0000836542926665
0.0001164528267800
0.0001506897488350
0.0002227422957968
0.0003329596995371
0.0004417840488456
0.0006058015496911
0.0007839780426423
0.0009425197575710
0.0012283295297886
0.0015659422266122
0.0020281003149525
0.0026247603566251
0.0031977773499016
0.0038675617503664
0.0045441119529334
0.0052501921653160
0.0063115097697858
0.0075077215667620
0.0088841463544636
0.0103798169280551
0.0116980533309142
0.0131093299734354
0.0143607141098325
0.0159341143173750
0.0179079024975676
0.0197413343612812
0.0218317928412324
0.0235953356734191
0.0248822863699870
0.0262792400731379
0.0273296598120866
0.0288716860265077
0.0304449396407796
0.0315010552023547
0.0327923261492893
0.0331324946045867
0.0330945568321231
0.0330605311707924
0.0328324571039585
0.0329614911186256
0.0325923600827268
0.0320623405758071
0.0314066245443400
0.0298421918685868
0.0283942480374273
0.0268864396571245
0.0254912870002873
0.0242503933539566
0.0225773690005974
0.0211861061007430
0.0194681875446992
0.0174988627463610
0.0158443438483167
0.0142590990694649
0.0128759964350435
0.0115246286904147
0.0102039241221908
0.0090497197354119
0.0077886402354195
0.0066648378584273
0.0057281718078676
0.0048941842723177
0.0041888933267522
0.0035155202367866
0.0029657132003928
0.0024546059698036
0.0019876663954535
0.0016245261127486
0.0013230613604527
0.0010664047337204
0.0008569233147809
0.0006804706514274
0.0005346769617675
0.0004140339319882
0.0003195526578034
0.0002477463808173
0.0001893209480513
0.0001439364602854
0.0001075024399502
0.0000802655532763
0.0000583781746591
0.0000426997611532
0.0000315029589356
0.0000228408951595
0.0000162261992145
0.0000115740625755
0.0000080030501608
0.0000054838071354
0.0000038145500432
0.0000026362978569
0.0000018143310553
0.0000012139153641
0.0000008112474024
0.0000005225269693
0.0000003357373902
0.0000002182483829
0.0000001420081371
0.0000000913011919
0.0000000580707176
0.0000000353959775
0.0000000216864558
0.0000000127288657
0.0000000075291493
0.0000000047183811
0.0000000027404296
0.0000000016114783
0.0000000009338580
0.0000000005066745
0.0000000002698886
0.0000000001498545
0.0000000000812021
0.0000000000440189
0.0000000000222124
0.0000000000123376
0.0000000000057291
0.0000000000025368
0.0000000000013995
0.0000000000004712
0.0000000000002872
0.0000000000001070
0.0000000000000368
0.0000000000000274
0.0000000000000035
