0.0000000003768919
0.0000000123345671
0.0000000704781778
0.0000001533931126
0.0000003851599574
0.0000009111964001
0.0000014702516659
0.0000027138360299
0.0000045095731862
0.0000058500117061
0.0000086232236087
0.0000121267889942
0.0000154751243609
0.0000206273819225
0.0000279415083182
0.0000403463956300
0.0000540736461357
0.0000743063352337
0.0001053385283904
0.0001318928962159
0.0001717633084821
0.0002209378519541
0.0002650635623493
0.0003272502020118
0.0003989065885569
0.0005040575465019
0.0006231362716896
0.0007558258163404
0.0009657729754123
0.0011617779239780
0.0013877458399592
0.0016636425818344
0.0019156711958178
0.0022355003138549
0.0025544717773051
0.0029778010807160
0.0034684233164814
0.0039197023347738
0.0046299850386175
0.0053203717157318
0.0059776787436466
0.0067676625468372
0.0074892525448653
0.0083324655908283
0.0090529041682015
0.0099225147937830
0.0109802379548588
0.0118014048989722
0.0130633979968853
0.0142900588559693
0.0153124788483137
0.0165158150531174
0.0175252799653898
0.0186769301177704
0.0194334992201108
0.0202236594650952
0.0213645886985470
0.0219971556880780
0.0230173898424690
0.0239566086184941
0.0246277693175555
0.0254349961518808
0.0258214417352249
0.0264089949916428
0.0264171657882537
0.0262456802346940
0.0265434428230507
0.0262086828995411
0.0260707842310324
0.0258497639634784
0.0255041722227585
0.0252750062469800
0.0245101035049022
0.0240497766993137
0.0231671818015398
0.0220435050610128
0.0213712784525608
0.0202020883878683
0.0191727934188384
0.0181462706481722
0.0171217175431016
0.0162744144773896
0.0150593341312054
0.0141412221956734
0.0131195120120106
0.0119770561499994
0.0111342666540701
0.0100555311053929
0.0091288868956731
0.0082657513203000
0.0074158491755351
0.0067434270149474
0.0059469196517420
0.0053169157735584
0.0047419130781856
0.0041553215306471
0.0036996540963660
0.0031892063049037
0.0027772810501785
0.0024108998744420
0.0020461395496360
0.0017737114122297
0.0014871833729204
0.0012551645605930
0.0010703409908473
0.0008976454095119
0.0007613656144841
0.0006251919306589
0.0005233394745360
0.0004359617606432
0.0003486059217300
0.0002870421660338
0.0002279773424982
0.0001793546266161
0.0001446639622699
0.0001150368496182
0.0000916158699552
0.0000710792912178
0.0000571378626493
0.0000455376167822
0.0000341420803572
0.0000266153009364
0.0000199375101166
0.0000143780639352
0.0000107658602874
0.0000079518604806
0.0000057393309545
0.0000040942636784
0.0000031256123014
0.0000023432973834
0.0000016236393277
0.0000011933771160
0.0000008407541260
0.0000005464771297
0.0000003701382246
0.0000002445491654
0.0000001467251983
0.0000000873913019
0.0000000598026556
0.0000000383587760
0.0000000222926449
0.0000000150816631
0.0000000100619757
0.0000000060452281
0.0000000038347428
0.0000000023650267
0.0000000012300898
0.0000000006034504
0.0000000003530108
0.0000000001638025
0.0000000000494953
0.0000000000193895
0.0000000000080819
0.0000000000016244
0.0000000000001259
0.0000000000000034
0.0000000000000000
