0.0000000000000001
0.0000000000000001
0.0000000000000021
0.0000000000000044
0.0000000000000203
0.0000000000000669
0.0000000000001404
0.0000000000004938
0.0000000000013610
0.0000000000029207
0.0000000000064879
0.0000000000176515
0.0000000000391496
0.0000000000729994
0.0000000001586441
0.0000000003442222
0.0000000006834767
0.0000000012303269
0.0000000022812564
0.0000000045840175
0.0000000084443412
0.0000000137983441
0.0000000237838484
0.0000000453948840
0.0000000764782839
0.0000001163132802
0.0000001979168622
0.0000003438535917
0.0000005416631627
0.0000008203495840
0.0000012816843369
0.0000021002470930
0.0000032066357053
0.0000045211327514
0.0000068141777204
0.0000105171737647
0.0000149018887544
0.0000207226784928
0.0000300222671877
0.0000418401377705
0.0000586668025115
0.0000819643845796
0.0001064104124985
0.0001447690688057
0.0002042331017895
0.0002623272278394
0.0003317582025157
0.0004501821317478
0.0005782778908456
0.0007268250633575
0.0009438552772585
0.0011507708922658
0.0014189964688204
0.0018419971354914
0.0022203659118275
0.0025859634132559
0.0032208176424700
0.0038695371744847
0.0045300499827862
0.0054296445644591
0.0061787055805105
0.0070961327309385
0.0085544335554638
0.0097016465060446
0.0105646831548597
0.0121447823497822
0.0136876028508719
0.0151750221834013
0.0169607462699965
0.0180128355622116
0.0194215174746052
0.0218907636372773
0.0234137971376730
0.0241088877775219
0.0257789936107567
0.0271545445235030
0.0286229837365207
0.0302224248639894
0.0301006892581389
0.0304148761968452
0.0321636047709657
0.0326252720463324
0.0320541343403965
0.0320946373675792
0.0314738340320687
0.0315275026557871
0.0316405365365350
0.0297339529756433
0.0282707216848117
0.0280347343399845
0.0269096118358430
0.0252990566304116
0.0238250019636063
0.0217457069571957
0.0206588801852505
0.0196636335648303
0.0174965519937142
0.0157555190789941
0.0145988442147981
0.0131354877115076
0.0117788892515956
0.0104466166737963
0.0089219595170134
0.0080226108244719
0.0071699196668932
0.0060257301754746
0.0051266360921276
0.0044085385257412
0.0036897008841603
0.0031408512456858
0.0026128297734406
0.0021006901792537
0.0017794540495433
0.0014667934911926
0.0011462988872846
0.0009029055657444
0.0007168665294273
0.0005609690160066
0.0004544931621401
0.0003500572868259
0.0002595577261840
0.0002011790272833
0.0001479556276694
0.0001011914403020
0.0000745648398116
0.0000580417452189
0.0000403745807436
0.0000299993345955
0.0000207925492883
0.0000131276077300
0.0000084142448235
0.0000050009972201
0.0000021350109832
0.0000020908833136
0.0000023804313056
0.0000009862495014
0.0000003365050296
0.0000001508686791
0.0000000471954211
0.0000000155700282
0.0000000052077846
0.0000000034440320
0.0000000037623824
0.0000000015244763
0.0000000004928801
0.0000000002112942
0.0000000000550900
0.0000000000125235
0.0000000000031405
0.0000000000003220
