0.0000000000000012
0.0000000000000000
0.0000000000000777
0.0000000000000000
0.0000000000015230
0.0000000000000000
0.0000000000136162
0.0000000000000000
0.0000000000964742
0.0000000000000000
0.0000000006054451
0.0000000000000000
0.0000000029516951
0.0000000000000000
0.0000000136517288
0.0000000000000000
0.0000000552413085
0.0000000000000000
0.0000001960885834
0.0000000000000000
0.0000006599944293
0.0000000000000000
0.0000019091326334
0.0000000000000000
0.0000051126361915
0.0000000000000000
0.0000124255917323
0.0000000000000000
0.0000274428099812
0.0000000000000000
0.0000571568514294
0.0000000000000000
0.0001131854440635
0.0000000000000000
0.0002126671573928
0.0000000000000000
0.0003801325836117
0.0000000000000000
0.0006536432316477
0.0000000000000000
0.0010803399133552
0.0000000000000000
0.0017193019979617
0.0000000000000000
0.0026493811526338
0.0000000000000000
0.0039532647338508
0.0000000000000000
0.0057105036476015
0.0000000000000000
0.0080090999114912
0.0000000000000000
0.0109369972706707
0.0000000000000000
0.0145135809388055
0.0000000000000000
0.0187370318406381
0.0000000000000000
0.0235922736575700
0.0000000000000000
0.0289556802918438
0.0000000000000000
0.0346312559152129
0.0000000000000000
0.0404307155282940
0.0000000000000000
0.0460970059449394
0.0000000000000000
0.0512415615042860
0.0000000000000000
0.0556284585377304
0.0000000000000000
0.0590515202937503
0.0000000000000000
0.0611739519581114
0.0000000000000000
0.0618237328296352
0.0000000000000000
0.0611002752511031
0.0000000000000000
0.0590349522203049
0.0000000000000000
0.0555972116648129
0.0000000000000000
0.0511250427895093
0.0000000000000000
0.0459761848880716
0.0000000000000000
0.0403419135735539
0.0000000000000000
0.0344933635968671
0.0000000000000000
0.0288023211750531
0.0000000000000000
0.0234800720022406
0.0000000000000000
0.0186286422251065
0.0000000000000000
0.0144114983388751
0.0000000000000000
0.0108710467832406
0.0000000000000000
0.0079763217252055
0.0000000000000000
0.0056890964061680
0.0000000000000000
0.0039541905682948
0.0000000000000000
0.0026699907016814
0.0000000000000000
0.0017449605646431
0.0000000000000000
0.0011092192883477
0.0000000000000000
0.0006838641112241
0.0000000000000000
0.0004072491428067
0.0000000000000000
0.0002339406032518
0.0000000000000000
0.0001303027317351
0.0000000000000000
0.0000697838318557
0.0000000000000000
0.0000358003961223
0.0000000000000000
0.0000177410902884
0.0000000000000000
0.0000083574413448
0.0000000000000000
0.0000037576758140
0.0000000000000000
0.0000016029749454
0.0000000000000000
0.0000006605202847
0.0000000000000000
0.0000002463284595
0.0000000000000000
0.0000000865432676
0.0000000000000000
0.0000000286249354
0.0000000000000000
0.0000000088673183
0.0000000000000000
0.0000000025525476
0.0000000000000000
0.0000000006839570
0.0000000000000000
0.0000000001478826
0.0000000000000000
0.0000000000151554
