0.0000000000000071
0.0000000000000226
0.0000000000000114
0.0000000000000283
0.0000000000003302
0.0000000000009457
0.0000000000009979
0.0000000000018125
0.0000000000062935
0.0000000000155832
0.0000000000282905
0.0000000000460719
0.0000000000831240
0.0000000001708178
0.0000000003659148
0.0000000006215091
0.0000000010088191
0.0000000017308569
0.0000000029636315
0.0000000053893973
0.0000000091042717
0.0000000139221931
0.0000000224823077
0.0000000366291632
0.0000000572996820
0.0000000913986794
0.0000001381942695
0.0000002087668276
0.0000003188523819
0.0000004693559688
0.0000006982853579
0.0000010180516559
0.0000014600672728
0.0000020946704322
0.0000029742936943
0.0000042066264573
0.0000058330685288
0.0000079774678469
0.0000109575833753
0.0000148010036818
0.0000200687310778
0.0000270363527550
0.0000351583062080
0.0000462198676948
0.0000602124674494
0.0000780678747367
0.0001016136267712
0.0001275371548578
0.0001613180788949
0.0002047441501917
0.0002538498931747
0.0003157506496377
0.0003885828528977
0.0004763504874121
0.0005847878060261
0.0007030391037704
0.0008420284298181
0.0010107584244876
0.0012050484197518
0.0014297994778087
0.0016827248548370
0.0019641069805900
0.0022864721354392
0.0026577698525138
0.0030677837618423
0.0035246884463853
0.0040292315668100
0.0045841859666529
0.0051964514049273
0.0058505134642246
0.0065680128106893
0.0073495183731439
0.0081958872752161
0.0090738164912010
0.0099899203057016
0.0109999999558714
0.0120242150166929
0.0130731569496991
0.0141919225124819
0.0153301636000287
0.0164943048804432
0.0176348052035028
0.0187003282961413
0.0198680627785743
0.0210401132915911
0.0220678104734995
0.0230880305355281
0.0239730686830323
0.0248377361911128
0.0257001393659568
0.0263762112569495
0.0268903287780447
0.0273251406502420
0.0277360111107484
0.0279350321194868
0.0280176876466670
0.0278820263573374
0.0276604432489601
0.0275081498551863
0.0269581616130699
0.0263209312523163
0.0257196399268604
0.0248903067368102
0.0239568623238716
0.0229352581958960
0.0219056110462674
0.0208730685647498
0.0196675925731697
0.0182945290301239
0.0170755040425992
0.0159734933497673
0.0147280581857062
0.0134433748985303
0.0122152417302290
0.0110558820310324
0.0099993816299382
0.0089639813109460
0.0079223707925322
0.0069996268111173
0.0061541739091221
0.0053612682422595
0.0046488500518492
0.0039885405836487
0.0034064597706189
0.0029075801211550
0.0024515342337121
0.0020366603464029
0.0016934302868211
0.0014056345217045
0.0011533920374247
0.0009364754554134
0.0007542017901748
0.0006039028082347
0.0004828929509055
0.0003807391034966
0.0002969423750663
0.0002325154329768
0.0001790252266763
0.0001359093105230
0.0001032499887606
0.0000781630417285
0.0000581130258051
0.0000429625680299
0.0000311978743962
0.0000224761436744
0.0000165505534803
0.0000117583765542
0.0000080251146788
0.0000055614616012
0.0000039155006919
0.0000026867477474
0.0000018325606960
0.0000011485967239
0.0000007071197793
0.0000005044507863
0.0000003382923005
0.0000001929590298
0.0000001073560155
0.0000000660746819
0.0000000421240411
0.0000000284313092
0.0000000114601503
0.0000000033333527
0.0000000047162868
0.0000000026967760
0.0000000003703885
0.0000000000511348
0.0000000001621200
0.0000000000816527
