0.0002627211004451
0.0006821071348375
0.0003808878971960
0.0022928116226033
0.0034182467818526
0.0022009951472654
0.0080870530096031
0.0072254063095678
0.0060813845766657
0.0253916973655390
0.0354983483805072
0.0257290575201892
0.0578945260701276
0.0168292627186978
0.0296946653514489
0.0653569605815458
0.0742403490291806
0.0750175524614633
0.0861862593111695
0.0211386553612236
0.0464338327651146
0.0684345569137525
0.0638766023389999
0.0773145353982156
0.0363779055548788
0.0168920901291506
0.0283849777661023
0.0320556503371923
0.0287405336822761
0.0251230744131024
0.0036407551802119
0.0062246184768502
0.0074700857123944
0.0062596806392177
0.0059287904378119
0.0004549255186370
0.0007250848946407
0.0006717382216460
0.0008747995054844
0.0003853466502616
0.0000223220683565
0.0000329586950008
0.0000184041001656
0.0000477828694076
