0.0006955042951161
0.0073505129859455
0.0286877302846481
0.0512174000917532
0.0429977689518416
0.0162436191108752
0.0054161559039516
0.0133638470693852
0.0238590329498456
0.0211756388464399
0.0199654216296211
0.0528509728824993
0.1025867388955942
0.1033580266740910
0.0540679225544677
0.0192391647236465
0.0254530341299857
0.0477888447899037
0.0481481402732356
0.0256659958471210
0.0139964675241491
0.0313104198739125
0.0563420152735922
0.0499053861753938
0.0211239874416807
0.0072265211266258
0.0145022969245547
0.0262462756107331
0.0232478464545335
0.0097924583391162
0.0028455917685716
0.0046265370340469
0.0081008684347674
0.0068007995064841
0.0025691936936655
0.0008566535263699
0.0021137107056879
0.0037736957862217
0.0031680737253320
0.0011729573793457
0.0001467708052479
