0.0000000003300832
0.0000000019034891
0.0000000012049626
0.0000000033873113
0.0000000066936227
0.0000000406487614
0.0000001354007280
0.0000001121759838
0.0000002662144345
0.0000004922671111
0.0000017201673440
0.0000033201683521
0.0000038923798843
0.0000074509232868
0.0000125354672506
0.0000306704804564
0.0000375583611348
0.0000624862603776
0.0000929195022600
0.0001400697685391
0.0002372869641678
0.0002946635611406
0.0004909442987049
0.0005977617020522
0.0008860945351469
0.0011622505745228
0.0015621530571187
0.0022319743027510
0.0025626430360868
0.0036121363400421
0.0041975849370597
0.0055596304555953
0.0068283677382466
0.0080793226688385
0.0102323251745905
0.0113359275212237
0.0140712607432078
0.0157859901798190
0.0183429168647273
0.0212666461007438
0.0230980008804005
0.0264535189723495
0.0285589281492566
0.0309060544795186
0.0338424990185823
0.0351653807830335
0.0377834303351766
0.0394829657322087
0.0400921292358117
0.0420404998278913
0.0406578112812150
0.0416405976430635
0.0411647729276995
0.0397592766026406
0.0401202729807393
0.0366847826325687
0.0352799181280402
0.0332933235312172
0.0294691148824397
0.0285950685107338
0.0254175542429744
0.0222583926828087
0.0212328505830933
0.0164353503941747
0.0150760847210615
0.0128877605024010
0.0101162818001500
0.0099545868097869
0.0070909702610243
0.0059020406290114
0.0047260962247355
0.0033416385670359
0.0031085013588114
0.0023321010726245
0.0016989919184362
0.0013227666629471
0.0008494076268058
0.0006888346689079
0.0005502914698080
0.0003607910106903
0.0002833613718346
0.0001643028025478
0.0001289678961658
0.0000973445630792
0.0000585719226350
0.0000412058694940
0.0000210093201623
0.0000096812781082
0.0000128897854485
0.0000050733167674
0.0000044026005922
0.0000017772227754
0.0000000932301383
0.0000000840896946
0.0000000305275225
