0.0000000000002130
0.0000000000000000
0.0000000000032065
0.0000000000000000
0.0000000000227478
0.0000000000000000
0.0000000001173804
0.0000000000000000
0.0000000005029234
0.0000000000000000
0.0000000017986283
0.0000000000000000
0.0000000057011665
0.0000000000000000
0.0000000167459245
0.0000000000000000
0.0000000456714576
0.0000000000000000
0.0000001170163379
0.0000000000000000
0.0000002848679461
0.0000000000000000
0.0000006600505555
0.0000000000000000
0.0000014584964004
0.0000000000000000
0.0000030975169032
0.0000000000000000
0.0000063412459112
0.0000000000000000
0.0000124925993015
0.0000000000000000
0.0000237975504037
0.0000000000000000
0.0000439468073391
0.0000000000000000
0.0000786016677634
0.0000000000000000
0.0001364528509949
0.0000000000000000
0.0002305467658652
0.0000000000000000
0.0003787838192787
0.0000000000000000
0.0006052734963937
0.0000000000000000
0.0009438698242722
0.0000000000000000
0.0014360001846509
0.0000000000000000
0.0021282816854918
0.0000000000000000
0.0030803197677456
0.0000000000000000
0.0043609000276701
0.0000000000000000
0.0060273560401892
0.0000000000000000
0.0081339101050329
0.0000000000000000
0.0107481699748677
0.0000000000000000
0.0138965254989008
0.0000000000000000
0.0175522947560017
0.0000000000000000
0.0217018754661611
0.0000000000000000
0.0262926526459873
0.0000000000000000
0.0311564818051665
0.0000000000000000
0.0361241593225492
0.0000000000000000
0.0410656432466642
0.0000000000000000
0.0457127639935114
0.0000000000000000
0.0497835423287120
0.0000000000000000
0.0531549033548461
0.0000000000000000
0.0556372533294464
0.0000000000000000
0.0569799052912324
0.0000000000000000
0.0571707735382425
0.0000000000000000
0.0562936821547306
0.0000000000000000
0.0542687119062744
0.0000000000000000
0.0511947500120823
0.0000000000000000
0.0473951091125805
0.0000000000000000
0.0430223786946017
0.0000000000000000
0.0381892884282125
0.0000000000000000
0.0332142081444445
0.0000000000000000
0.0283594419529756
0.0000000000000000
0.0236879586175872
0.0000000000000000
0.0193479978422022
0.0000000000000000
0.0155091377726606
0.0000000000000000
0.0121753235560072
0.0000000000000000
0.0093266528780991
0.0000000000000000
0.0069998477454795
0.0000000000000000
0.0051570410685969
0.0000000000000000
0.0036983767351909
0.0000000000000000
0.0025845053206072
0.0000000000000000
0.0017774520295276
0.0000000000000000
0.0011953257747552
0.0000000000000000
0.0007744401170963
0.0000000000000000
0.0004896344466754
0.0000000000000000
0.0003069539894758
0.0000000000000000
0.0001859301962421
0.0000000000000000
0.0001067801543379
0.0000000000000000
0.0000602399041807
0.0000000000000000
0.0000340821456435
0.0000000000000000
0.0000181565281065
0.0000000000000000
0.0000089219649576
0.0000000000000000
0.0000043719639514
0.0000000000000000
0.0000021857493424
0.0000000000000000
0.0000009813363259
0.0000000000000000
0.0000003819936232
0.0000000000000000
0.0000001512093233
0.0000000000000000
0.0000000626796263
0.0000000000000000
0.0000000217298277
0.0000000000000000
0.0000000053678355
0.0000000000000000
0.0000000011169379
0.0000000000000000
0.0000000001574566
