0.0002947117659818
0.0000000000000000
0.0012105934173031
0.0000000000000000
0.0016570540685854
0.0000000000000000
0.0020828203327095
0.0013211288278919
0.0017926093514580
0.0056372551441075
0.0004660797675105
0.0082925920273326
0.0000067546385543
0.0105199880993927
0.0021970152616742
0.0095230376621618
0.0099680257809463
0.0033692794829823
0.0162278168274557
0.0003630662651173
0.0208308305761742
0.0082286888058776
0.0200301442334815
0.0353500344583149
0.0092122442496352
0.0526834867809918
0.0015421648647633
0.0669408261706859
0.0035591380841113
0.0611088282980310
0.0204030752769906
0.0225475778813539
0.0440104328696496
0.0026693426067238
0.0580164792342075
0.0057792222151924
0.0630161030677014
0.0261175704826600
0.0413110847156775
0.0426676598903808
0.0093674161394922
0.0547912828571698
0.0017103290356813
0.0527847603865803
0.0105734928018767
0.0244464291831363
0.0257046294079990
0.0041261760560439
0.0341933639533882
0.0000578907270737
0.0385660023461266
0.0011251029063443
0.0274352551196334
0.0046216077178717
0.0065213782954689
0.0063260329709755
0.0000939873612576
0.0079514545403979
0.0000000000000000
0.0068435340019310
0.0000000000000000
0.0017793239413684
0.0000000000000000
0.0000257867664139
