0.0000000010336911
0.0000000646799924
0.0000010358599778
0.0000073031214597
0.0000277236930748
0.0000671246494972
0.0001293268371220
0.0002192229519866
0.0003018763668170
0.0003922507520639
0.0005525805370665
0.0006822440080092
0.0008800663706775
0.0012799894837949
0.0016860223932026
0.0022343555612133
0.0029741689045511
0.0033057599148951
0.0033814948232341
0.0036955636985403
0.0042908563271235
0.0051653805720185
0.0065513801122997
0.0088908342725522
0.0108176842572226
0.0131220166868248
0.0159720389759310
0.0156630332035565
0.0139093923777422
0.0135543235300395
0.0131876744233501
0.0153954107649079
0.0191690951417436
0.0242412325335597
0.0277380490176019
0.0316221330030568
0.0360011025375583
0.0332240489658974
0.0272377581566035
0.0246666892825223
0.0207972662410030
0.0234329241078008
0.0284693529887146
0.0332103137532573
0.0354314881315266
0.0377179484682471
0.0396604813531824
0.0352242279437385
0.0274769864961082
0.0239045842228025
0.0184602222597567
0.0200377218816216
0.0235452514501334
0.0252948334405787
0.0249022034047691
0.0244723874361326
0.0231665232633090
0.0198985228035006
0.0149364358934692
0.0127755706768102
0.0095725853748773
0.0099914816198103
0.0112035907444790
0.0111275253032168
0.0100078944181673
0.0090027330894912
0.0074411690388095
0.0061529957662463
0.0044409180217199
0.0038004146645185
0.0029171519752232
0.0029156275033958
0.0030554923391451
0.0028093679754242
0.0022673881827594
0.0018552849522808
0.0012950970775728
0.0010180748654585
0.0006983907403958
0.0006087948654342
0.0005066020706799
0.0004813507988972
0.0004561216466422
0.0003848153649349
0.0002661802197854
0.0001960445212760
0.0001122725062811
0.0000821676840889
0.0000521997808379
0.0000475091414060
0.0000456586537607
0.0000408741759230
0.0000332859675803
0.0000249597818760
0.0000127499438505
0.0000080095629136
0.0000037679681696
0.0000025156006297
0.0000014241534053
0.0000013977067735
0.0000016309266667
0.0000013716849279
0.0000009072896300
0.0000005604699428
0.0000000878612525
