0.0000000876278180
0.0000000247694457
0.0000009808547207
0.0000002886844593
0.0000028905068133
0.0000017096652493
0.0000026938192073
0.0000097564162397
0.0000120542523750
0.0000299564789615
0.0000236347578943
0.0000353165413775
0.0000469621518997
0.0001108054110481
0.0001145176503929
0.0001716571941125
0.0002019072028359
0.0002990543377529
0.0004138232679297
0.0004828692680720
0.0006056912101354
0.0007997905548497
0.0011556052942748
0.0012560776011438
0.0016537344451937
0.0017724036836267
0.0024531959514926
0.0029481451650940
0.0035374656943777
0.0038324017851123
0.0048622481080756
0.0057139214868804
0.0065793239775247
0.0074107434063044
0.0081445214508401
0.0100454487169557
0.0112758033085126
0.0124881543021607
0.0127697418209991
0.0155510704470365
0.0164665830021368
0.0187754321152811
0.0190399233649925
0.0212244872067934
0.0231759030956804
0.0246527084095602
0.0248520669533058
0.0258386632993053
0.0292184370124963
0.0292641828656660
0.0307925652425995
0.0300214462874486
0.0324127925997448
0.0316066374613820
0.0322420404796354
0.0302169042586522
0.0328902941058202
0.0327548748976202
0.0315995081897158
0.0296478897406235
0.0292962395712270
0.0288502798003030
0.0259839668192118
0.0254995572897816
0.0229181410024012
0.0251721686906287
0.0212782525938006
0.0196454614656777
0.0166461857736999
0.0170226657496565
0.0143473325872846
0.0129084070324162
0.0117667266728307
0.0102319328313951
0.0100980592884238
0.0076714442471808
0.0065541723894982
0.0052110547878563
0.0053111082911108
0.0037575611883569
0.0036194963414513
0.0027900495570316
0.0022930231726232
0.0016086650614004
0.0015045440598950
0.0011377300564020
0.0008082957563609
0.0007103260218388
0.0005320563592199
0.0003629135494198
0.0002372695037244
0.0002414217086053
0.0001571414066952
0.0000991567594551
0.0000573319547100
0.0000683997467363
0.0000333391318023
0.0000170959670451
0.0000111991303587
0.0000169587243437
0.0000058934674130
0.0000015531165162
0.0000021145989601
0.0000023590116792
0.0000006358812460
0.0000000666642277
0.0000002437112330
0.0000001425886507
0.0000000252428907
0.0000000010266589
0.0000000099722005
0.0000000028188067
