0.0000000000012634
0.0000000000000000
0.0000000000047959
0.0000000000194843
0.0000000000258252
0.0000000000948737
0.0000000001764622
0.0000000004798803
0.0000000008410025
0.0000000019630747
0.0000000036921176
0.0000000064293782
0.0000000143257621
0.0000000220146458
0.0000000437167931
0.0000000704634193
0.0000001202550861
0.0000002121298498
0.0000003218201603
0.0000005440963276
0.0000008062671779
0.0000013410463641
0.0000019818769989
0.0000029439620118
0.0000045238772695
0.0000063255540083
0.0000097922789112
0.0000132602137443
0.0000190030672098
0.0000270728876558
0.0000366623908837
0.0000516633680170
0.0000677134026660
0.0000932632150740
0.0001234128776340
0.0001633403878718
0.0002131986161166
0.0002733640606743
0.0003602448747999
0.0004496043414765
0.0005763824761603
0.0007171002216559
0.0008935589271128
0.0011181754139543
0.0013462281770527
0.0016592270114183
0.0019918038514241
0.0024007924696128
0.0028577154570676
0.0033544304230235
0.0039811973326439
0.0046089459662000
0.0053666150705100
0.0061532655385565
0.0070274429310108
0.0080451865959612
0.0090046548945969
0.0101443975772969
0.0112972205052035
0.0125199772795113
0.0138290265468681
0.0150545989222255
0.0164716310419688
0.0177919478566370
0.0191609650647305
0.0205070052617858
0.0217507412243750
0.0231513573410406
0.0242540605850599
0.0254176774683326
0.0264801506324098
0.0273468662263175
0.0282746558951028
0.0288509331256588
0.0294224708851489
0.0298250898099963
0.0300313752058504
0.0301347543771376
0.0299671817470401
0.0297659118849922
0.0293086997191497
0.0287433040797587
0.0280400438349087
0.0270975414758715
0.0261878250386689
0.0250875315899161
0.0238354352579054
0.0226223197658936
0.0212504892132724
0.0198870579556254
0.0185345214927465
0.0170322926211465
0.0156884493418412
0.0143136170021992
0.0129563563613677
0.0116750561299263
0.0104094551744910
0.0092913182007004
0.0081691407666915
0.0071838898624404
0.0062278385745988
0.0053730471533683
0.0046607344576458
0.0039203773001530
0.0033401919518235
0.0028021925457147
0.0023154613647580
0.0019529306331708
0.0015755073205924
0.0012837123474057
0.0010505194843014
0.0008300823376213
0.0006723178937177
0.0005217264029350
0.0004079255265791
0.0003201464868089
0.0002466905380725
0.0001874068309751
0.0001382200884029
0.0001077030747858
0.0000773903077988
0.0000593638258405
0.0000413965960471
0.0000288917573403
0.0000228741081314
0.0000147160740451
0.0000110084419120
0.0000069181294963
0.0000049076791540
0.0000036167566807
0.0000021933625413
0.0000014912591777
0.0000008425951897
0.0000006882627333
0.0000004009474104
0.0000002475986974
0.0000001427037285
0.0000000828473136
0.0000000712558145
0.0000000320538264
0.0000000200910323
0.0000000093751842
0.0000000075989881
0.0000000045694512
0.0000000019447490
0.0000000010655677
0.0000000004395912
0.0000000005214431
0.0000000001520506
0.0000000000751895
0.0000000000275869
0.0000000000191154
0.0000000000161241
0.0000000000020094
0.0000000000009989
0.0000000000000000
0.0000000000006468
