0.0000000000023220
0.0000000000000000
0.0000000000689196
0.0000000000253723
0.0000000004326815
0.0000000007686030
0.0000000009712058
0.0000000051889880
0.0000000039227400
0.0000000129417307
0.0000000248548374
0.0000000306663896
0.0000000726622766
0.0000001358412412
0.0000001403322666
0.0000003565190870
0.0000004357510863
0.0000005486140308
0.0000012873175882
0.0000011090590954
0.0000021600933228
0.0000030151650311
0.0000030382559627
0.0000054187701388
0.0000063639941038
0.0000071296143136
0.0000113666493133
0.0000127634571921
0.0000153552819444
0.0000225467804989
0.0000237529397880
0.0000310607638245
0.0000417351527761
0.0000445083841349
0.0000612153848412
0.0000736255462436
0.0000847706189800
0.0001113111975924
0.0001312854674923
0.0001516924768794
0.0001921510765652
0.0002247953030767
0.0002619912550655
0.0003199318190200
0.0003652414988754
0.0004333671498541
0.0005033236705964
0.0005892427774228
0.0006716323393474
0.0007768397227501
0.0009133138439041
0.0010144999278622
0.0011924882804318
0.0013614753274157
0.0014948008623081
0.0017852190730595
0.0019721693281617
0.0021675114757016
0.0025712169722855
0.0027809070334099
0.0031081895553629
0.0036160785695898
0.0038006437021499
0.0043448425907754
0.0048497174491552
0.0051524700309618
0.0058413502062185
0.0063351383563605
0.0067926538462421
0.0076320762837852
0.0080688482560468
0.0087042115594597
0.0095398425083690
0.0100312580949826
0.0108354998225877
0.0115876570499144
0.0121172129545854
0.0130064448559775
0.0137033820196035
0.0142555394245637
0.0151599123720171
0.0156606023465741
0.0163869297029187
0.0171356814159645
0.0175054035229994
0.0182167388838890
0.0187657591317473
0.0190786713644168
0.0197599657531414
0.0199488521625741
0.0202954066160198
0.0207555614260772
0.0207746643379751
0.0210323141394852
0.0211799676431999
0.0210763695017083
0.0212443987220789
0.0211085669467490
0.0208710372124622
0.0208457264780079
0.0205106464279188
0.0202176324106737
0.0199565766375578
0.0194577611969864
0.0190710021974011
0.0186753521822488
0.0180415218841815
0.0175941716016303
0.0169949071028091
0.0163783319692823
0.0158407121815831
0.0151528960388049
0.0145106288572802
0.0139188519181496
0.0132061098266535
0.0126050824821364
0.0119307706887097
0.0112678547085820
0.0106744086829432
0.0100224094723017
0.0094115956917745
0.0088267865594706
0.0082324404879432
0.0076807466619348
0.0071558571370513
0.0066106703681562
0.0061295240393658
0.0056628310348781
0.0052001784926779
0.0047824688816407
0.0043846390880387
0.0039864395294648
0.0036585786191451
0.0033113650779953
0.0029982039387979
0.0027232574996474
0.0024448723392366
0.0022015892546017
0.0019808952502132
0.0017610605486620
0.0015764993072611
0.0014031571305406
0.0012384528581258
0.0010996543500919
0.0009659287954450
0.0008479392968750
0.0007456079488939
0.0006479640825792
0.0005627839865556
0.0004908212976952
0.0004200663097804
0.0003641723920048
0.0003113341682419
0.0002640834453326
0.0002272252406814
0.0001907806397029
0.0001601629656004
0.0001366822238237
0.0001119495055666
0.0000941820618216
0.0000786307346687
0.0000632735531311
0.0000530141002310
0.0000430018812611
0.0000344571396610
0.0000283455137768
0.0000224937754093
0.0000178366754082
0.0000143937255397
0.0000112750470275
0.0000086413723363
0.0000068873656114
0.0000053502557296
0.0000038572958314
0.0000031882395390
0.0000022515780836
0.0000016445594501
0.0000013705113508
0.0000008413238635
0.0000006789310363
0.0000005163498828
0.0000002852423441
0.0000002640671852
0.0000001512500662
0.0000000946245911
0.0000000817032913
0.0000000353034633
0.0000000321864981
0.0000000165300199
0.0000000096994241
0.0000000075638298
0.0000000026188519
0.0000000026332977
0.0000000008530896
0.0000000006686127
0.0000000003989791
0.0000000000736792
0.0000000001432335
0.0000000000226305
0.0000000000122250
0.0000000000101834
0.0000000000001658
0.0000000000009112
0.0000000000000000
0.0000000000000125
