0.0000013431898567
0.0000000000000000
0.0000006100108379
0.0001682218395845
0.0000025573230401
0.0000763980942829
0.0019265035485141
0.0003202805501109
0.0008755450708090
0.0073528765738631
0.0036662150566210
0.0034171916141140
0.0175373023213898
0.0137877049985646
0.0088558957980298
0.0520155949252083
0.0309641973748742
0.0269595191832006
0.0307592090957153
0.0894752788808929
0.0213166909085244
0.0583256361054634
0.0329541442470350
0.0476045647026798
0.0584242525905875
0.0326636652502145
0.0335155467247430
0.0857777113483892
0.0471873969483387
0.0443474754629992
0.0414944598062660
0.0207004230887349
0.0328019631383822
0.0194163931158252
0.0125538486970039
0.0239976571360015
0.0342982493101196
0.0096812708290951
0.0195273438049918
0.0084480109210629
0.0054285392736835
0.0058890902264931
0.0015515200593841
0.0018571500993639
0.0065043729531755
0.0003686790088606
0.0029539666154830
0.0015455976602640
0.0000000000000000
0.0007019345173249
