0.0000000020289603
0.0000000000000000
0.0000000122694361
0.0000000142045095
0.0000000292738170
0.0000000878738936
0.0000001151562444
0.0000002301471951
0.0000002200889777
0.0000008654350128
0.0000006360794271
0.0000014528541670
0.0000016845743528
0.0000034840772465
0.0000037548496500
0.0000056120648967
0.0000092068595527
0.0000112028625030
0.0000158043522698
0.0000187967200175
0.0000303042429648
0.0000347284174498
0.0000472994430148
0.0000550699127354
0.0000811345443034
0.0000913960025432
0.0001217971344549
0.0001406520681725
0.0001937995624787
0.0002148091119333
0.0002765040229653
0.0003178386244986
0.0004014549434737
0.0004595823586825
0.0005531518713781
0.0006432598242768
0.0007688952746556
0.0008804860869151
0.0010250923405219
0.0011896899672846
0.0013614851509119
0.0015513856841520
0.0017572645593567
0.0020014784532517
0.0022342632357069
0.0025235796003164
0.0027890390708605
0.0031413167666549
0.0034282064408368
0.0038262679790030
0.0041570218397705
0.0046086590142798
0.0049423811541960
0.0054328945502800
0.0058324794601364
0.0063190160813786
0.0067518420880350
0.0072602344655201
0.0077319222636086
0.0082346181553649
0.0087162879295700
0.0092289914525226
0.0097419384598981
0.0102062205312354
0.0107263335718737
0.0112006806809708
0.0117288905523268
0.0121344167744211
0.0126507222578556
0.0130658355783998
0.0135560035726410
0.0139292962938158
0.0143652880145018
0.0147567930956120
0.0151417899057672
0.0155222974000202
0.0158272736100257
0.0162264996198883
0.0164539981523344
0.0168338216750681
0.0170201734850021
0.0173565439290883
0.0174960334140442
0.0178067913683401
0.0179066617258173
0.0181462459872576
0.0182113245140977
0.0183941958952273
0.0184287639013241
0.0185010107106734
0.0185089709152950
0.0184928051933709
0.0184920739100477
0.0183352414306525
0.0182912226504817
0.0180597626852510
0.0179696446498732
0.0176165214653957
0.0174509463808470
0.0170316088648461
0.0167964760965604
0.0163179130295423
0.0159583647033291
0.0154475788064102
0.0150198681297906
0.0144645807242581
0.0139438186835559
0.0133787078279607
0.0127766203423917
0.0122192743542232
0.0115686319151541
0.0109957643553937
0.0103256039339200
0.0097605217304089
0.0090917429671340
0.0085421196630722
0.0078874465874439
0.0073481558629793
0.0067519521594881
0.0062287339249623
0.0056855732933405
0.0051941721178258
0.0047147376429672
0.0042595295601749
0.0038487861532301
0.0034358982104078
0.0030856401460707
0.0027268422907498
0.0024296778538759
0.0021283992268924
0.0018803185630272
0.0016297187160568
0.0014260849452535
0.0012285569635736
0.0010617421627403
0.0009079318525178
0.0007736188353530
0.0006579801064754
0.0005537108255641
0.0004677479614764
0.0003868444543134
0.0003250244290078
0.0002653832807394
0.0002207434685297
0.0001780751865057
0.0001460568061871
0.0001168735650000
0.0000942217073981
0.0000750556099841
0.0000590363000727
0.0000470186926905
0.0000359851870538
0.0000285655404011
0.0000214089500418
0.0000167977257408
0.0000124009943883
0.0000094879929187
0.0000070036522516
0.0000051342609334
0.0000038465820862
0.0000026800341207
0.0000020132477635
0.0000013500067208
0.0000009983355979
0.0000006651291145
0.0000004653154030
0.0000003144211565
0.0000002011393743
0.0000001426431017
0.0000000835489884
0.0000000583460051
0.0000000335362608
0.0000000215726612
0.0000000129127568
0.0000000071295203
0.0000000045359395
0.0000000021299385
0.0000000014213196
0.0000000006018985
0.0000000003364389
0.0000000001840667
0.0000000000525356
0.0000000000435208
0.0000000000103894
0.0000000000044487
0.0000000000026591
0.0000000000000806
0.0000000000002776
0.0000000000000209
0.0000000000000000
0.0000000000000022
