0.0000000000000366
0.0000000000016929
0.0000000000036988
0.0000000000001954
0.0000000000198166
0.0000000005185167
0.0000000010944342
0.0000000000876494
0.0000000028216523
0.0000000108994701
0.0000000125553093
0.0000000096868001
0.0000000416387672
0.0000000850818961
0.0000000937097063
0.0000001629032698
0.0000002637899873
0.0000004066030648
0.0000006981955742
0.0000011298659901
0.0000013364552508
0.0000020323485397
0.0000030270772197
0.0000047417045107
0.0000063857992817
0.0000085832572632
0.0000118593651730
0.0000174246529860
0.0000223648636054
0.0000293745040658
0.0000399174329797
0.0000542124804816
0.0000706233355757
0.0000900040877953
0.0001147423586000
0.0001477659142461
0.0001908124761029
0.0002377660498376
0.0002972544891692
0.0003682652636675
0.0004591082743608
0.0005604470630370
0.0006831329770094
0.0008207517669451
0.0009978834980234
0.0011978109579882
0.0014214191610958
0.0016718200849965
0.0019726843097282
0.0023161890645283
0.0026919838247406
0.0031101742185342
0.0035742514913270
0.0041172338424657
0.0046839620986340
0.0052979325608503
0.0059607956769256
0.0067264369959828
0.0075055398572838
0.0083375010931925
0.0091955350500147
0.0101457440176729
0.0111334196053286
0.0121270282849554
0.0131283579267768
0.0141986195844414
0.0153168782001220
0.0163732988315507
0.0174248590222503
0.0184504471581950
0.0195511377286384
0.0205692254984400
0.0215102126681830
0.0223328478259106
0.0232361232525363
0.0240459625129188
0.0247171362806560
0.0252155487407060
0.0257056111251758
0.0261904705651762
0.0264934494069146
0.0265566170358907
0.0265197536286523
0.0265807374135897
0.0264515628650142
0.0260935628186927
0.0255544940750107
0.0251319024769669
0.0246196043903424
0.0239067003651989
0.0229683904520269
0.0221427154567083
0.0213546896753922
0.0203929641074650
0.0192659022764616
0.0181837545110668
0.0172307621376253
0.0161817886086814
0.0150481207322484
0.0139061704292793
0.0129350602908089
0.0119396689768551
0.0109109648747806
0.0098938955260076
0.0090162289048529
0.0081733076820333
0.0073376807567615
0.0065379867556660
0.0058233409179372
0.0051842784481247
0.0045626606265612
0.0039953268907453
0.0034806917708382
0.0030413720584317
0.0026190691007089
0.0022506066839675
0.0019186636811946
0.0016392221664018
0.0013874374162965
0.0011652578474712
0.0009721596601761
0.0008086486125791
0.0006743666365715
0.0005519247596637
0.0004509508155062
0.0003644647936923
0.0002977862146688
0.0002388869960783
0.0001903183904956
0.0001492559745442
0.0001184797065280
0.0000939287109014
0.0000723649397778
0.0000553116721589
0.0000424193889439
0.0000331142206627
0.0000245891884720
0.0000182110988619
0.0000135628916349
0.0000104122603904
0.0000075076357102
0.0000051889338732
0.0000037833074652
0.0000028893490483
0.0000020227233128
0.0000012773971448
0.0000009077301783
0.0000006955861577
0.0000004668860292
0.0000002620258326
0.0000001805260235
0.0000001417614119
0.0000000959334270
0.0000000423300015
0.0000000267273102
0.0000000236208831
0.0000000153664778
0.0000000062710864
0.0000000025528528
0.0000000031081796
0.0000000015945998
0.0000000008408116
0.0000000001424017
0.0000000001120635
0.0000000002127946
0.0000000000370657
0.0000000000169415
0.0000000000000500
0.0000000000023137
0.0000000000050552
