0.0000002892597617
0.0000030074337036
0.0000127378693554
0.0000284407539332
0.0000371802162911
0.0000427904390357
0.0001170203409403
0.0003662660431020
0.0007252547412810
0.0008961104516517
0.0008770498252279
0.0012861836546833
0.0023801267798336
0.0032436832659618
0.0031618298466554
0.0029327426235834
0.0035449842779187
0.0050364418479288
0.0070161703928890
0.0086563829548074
0.0092813118240388
0.0101059702181473
0.0127607504749912
0.0155478888683458
0.0158702260264132
0.0151259732563765
0.0158893767879283
0.0184455106333194
0.0223832970817633
0.0265865547084958
0.0284050498734268
0.0274009303799306
0.0275286732214757
0.0302859414364042
0.0320335359371403
0.0310812134149978
0.0295717860797900
0.0300729908150173
0.0332691533629494
0.0370407491369628
0.0376811702359409
0.0338799909032289
0.0301028954263492
0.0304494150161694
0.0321941900415686
0.0309705487949361
0.0271956372469927
0.0249117681904340
0.0253898415543998
0.0257174334311397
0.0237808652683599
0.0202479057621669
0.0174688221422224
0.0167665745786580
0.0166285602786543
0.0150944003232058
0.0124248216827750
0.0105665097106243
0.0098826154460900
0.0087855279541189
0.0069654594436327
0.0055850485609043
0.0051014860086422
0.0048167763990092
0.0041078997328904
0.0031939504779825
0.0024862604834350
0.0020629348293279
0.0017277506340716
0.0012643633713627
0.0007898173034349
0.0005744434102945
0.0005935386884943
0.0005641881813654
0.0003730789066130
0.0001927585451391
0.0001390249263406
0.0001281612868346
0.0000850229407015
0.0000360196277524
0.0000127675652710
0.0000056968864156
0.0000020733870091
0.0000003814718041
0.0000000263154294
0.0000000000713480
