0.0000000000000117
0.0000000000008999
0.0000000000143350
0.0000000000860118
0.0000000002333269
0.0000000003234255
0.0000000003705425
0.0000000007731122
0.0000000026211228
0.0000000066134379
0.0000000119635167
0.0000000196336793
0.0000000269604316
0.0000000363428862
0.0000000612973856
0.0000001487647807
0.0000003132335582
0.0000004335613747
0.0000005291784381
0.0000007431350598
0.0000011251228377
0.0000015004608025
0.0000019181361466
0.0000026721568786
0.0000038411493724
0.0000059360835176
0.0000091005222182
0.0000120692833482
0.0000151203510780
0.0000195118848137
0.0000256577675382
0.0000314018052307
0.0000380846635406
0.0000496302477572
0.0000657191606530
0.0000887446015080
0.0001185319262151
0.0001513266624279
0.0001867840947440
0.0002250876829461
0.0002674729654701
0.0003070994855672
0.0003563910122779
0.0004376689086006
0.0005493673807769
0.0007005626042909
0.0008798157314892
0.0010721657680471
0.0012498335957217
0.0013994861458351
0.0015451772712777
0.0016858508361759
0.0018921147959521
0.0022467178276325
0.0027461909362126
0.0033698751079345
0.0040187615180421
0.0046059084452913
0.0049835814135147
0.0052012149407652
0.0054498779127597
0.0057488349264845
0.0063355947331587
0.0073989272592153
0.0088818071666894
0.0104501889876567
0.0117054784407705
0.0124785313120426
0.0125141447523910
0.0122996132740673
0.0124546064093342
0.0129621808595870
0.0142398633280317
0.0163945243316329
0.0191213070288658
0.0213143030871229
0.0221799732430673
0.0219127343124485
0.0205437771623427
0.0193258175798787
0.0192247879105514
0.0200536203406359
0.0220844105110721
0.0248393902176014
0.0276430724447105
0.0288170097129766
0.0276687450301906
0.0254023404188443
0.0226337368673174
0.0208220106649141
0.0206299929991081
0.0216637940135838
0.0237035477384481
0.0256574278481218
0.0268245943977195
0.0258892074580120
0.0228890838679850
0.0197049240980181
0.0170741980434984
0.0157186534119224
0.0156201101542580
0.0163596246387627
0.0174151201952308
0.0178507719260083
0.0173846520218408
0.0154610783882997
0.0126497101005156
0.0103858704366267
0.0089748938310325
0.0083937458315746
0.0083258819774478
0.0085345012699756
0.0086261469646969
0.0082638998562164
0.0074963593491179
0.0061616652398544
0.0047304477999811
0.0037915972630258
0.0033257449843944
0.0031549429883054
0.0030746799537548
0.0030241925279068
0.0028488630770676
0.0025350389064279
0.0021597731736447
0.0016591818957618
0.0012167297891499
0.0009684652671203
0.0008640102484566
0.0008219699415852
0.0007749133412829
0.0007207748109978
0.0006246227433863
0.0005148821845966
0.0004178755026903
0.0003059863047646
0.0002182767475236
0.0001725397959569
0.0001542609988677
0.0001453996833340
0.0001315058016356
0.0001147839697707
0.0000905951136053
0.0000689348541333
0.0000542285118197
0.0000388865121356
0.0000274488436673
0.0000211403428764
0.0000183952183370
0.0000170065436755
0.0000147395519369
0.0000120524691291
0.0000085948777782
0.0000059961070022
0.0000046603593393
0.0000033795423979
0.0000023954275300
0.0000017379690373
0.0000014082749809
0.0000012640367196
0.0000010536185949
0.0000008096661637
0.0000005190452312
0.0000003285058102
0.0000002574643153
0.0000001951799693
0.0000001404350527
0.0000000922164576
0.0000000650998913
0.0000000557893256
0.0000000450098501
0.0000000327459380
0.0000000188826710
0.0000000107110413
0.0000000086398230
0.0000000070395288
0.0000000051712087
0.0000000029670349
0.0000000016382208
0.0000000012869344
0.0000000010131031
0.0000000007057356
0.0000000003700547
0.0000000001869752
0.0000000001576754
0.0000000001398492
0.0000000001048992
0.0000000000517960
0.0000000000185629
0.0000000000115863
0.0000000000089677
0.0000000000060542
0.0000000000029410
0.0000000000013307
0.0000000000011812
0.0000000000011358
0.0000000000008669
0.0000000000003716
0.0000000000000555
