0.0000000000000594
0.0000000000000000
0.0000000000000888
0.0000000000000000
0.0000000000009486
0.0000000000000000
0.0000000000054066
0.0000000000000000
0.0000000000140092
0.0000000000000000
0.0000000000755981
0.0000000000000000
0.0000000002052886
0.0000000000000000
0.0000000007032690
0.0000000000000000
0.0000000019637802
0.0000000000000000
0.0000000057409536
0.0000000000000000
0.0000000144815067
0.0000000000000000
0.0000000367826711
0.0000000000000000
0.0000000913395374
0.0000000000000000
0.0000002002136012
0.0000000000000000
0.0000004636230824
0.0000000000000000
0.0000009768886785
0.0000000000000000
0.0000020169279376
0.0000000000000000
0.0000040002837821
0.0000000000000000
0.0000078784610251
0.0000000000000000
0.0000145921246150
0.0000000000000000
0.0000263974095434
0.0000000000000000
0.0000476663738487
0.0000000000000000
0.0000810012117597
0.0000000000000000
0.0001359360668352
0.0000000000000000
0.0002234814106587
0.0000000000000000
0.0003603973309013
0.0000000000000000
0.0005481508670172
0.0000000000000000
0.0008480606220383
0.0000000000000000
0.0012779595553961
0.0000000000000000
0.0018368362900688
0.0000000000000000
0.0025760627846787
0.0000000000000000
0.0037029923571341
0.0000000000000000
0.0050957011199717
0.0000000000000000
0.0066069732691393
0.0000000000000000
0.0087004065760177
0.0000000000000000
0.0116244846096940
0.0000000000000000
0.0145393539707103
0.0000000000000000
0.0173043410072595
0.0000000000000000
0.0215687308995405
0.0000000000000000
0.0266608005375858
0.0000000000000000
0.0302756353635585
0.0000000000000000
0.0336412755791367
0.0000000000000000
0.0396954304628147
0.0000000000000000
0.0450571304862352
0.0000000000000000
0.0466168156418318
0.0000000000000000
0.0489988887101091
0.0000000000000000
0.0544120227358304
0.0000000000000000
0.0562408451129271
0.0000000000000000
0.0534129738320188
0.0000000000000000
0.0534953017358351
0.0000000000000000
0.0553102369836281
0.0000000000000000
0.0516599529382698
0.0000000000000000
0.0455000664248050
0.0000000000000000
0.0434230171999121
0.0000000000000000
0.0411843326124734
0.0000000000000000
0.0345718826700117
0.0000000000000000
0.0285473030296378
0.0000000000000000
0.0257418831151864
0.0000000000000000
0.0219847806949462
0.0000000000000000
0.0165649445403315
0.0000000000000000
0.0129264066762613
0.0000000000000000
0.0108134099030380
0.0000000000000000
0.0081410597304398
0.0000000000000000
0.0055310852314473
0.0000000000000000
0.0040759844455736
0.0000000000000000
0.0030698084575196
0.0000000000000000
0.0019954651252454
0.0000000000000000
0.0012347559118985
0.0000000000000000
0.0008439750532433
0.0000000000000000
0.0005481154709976
0.0000000000000000
0.0003042729979823
0.0000000000000000
0.0001724677402825
0.0000000000000000
0.0001045287110551
0.0000000000000000
0.0000557317863261
0.0000000000000000
0.0000267969006592
0.0000000000000000
0.0000135499416168
0.0000000000000000
0.0000067704205189
0.0000000000000000
0.0000029791043737
0.0000000000000000
0.0000012409739195
0.0000000000000000
0.0000005305628094
0.0000000000000000
0.0000002120426839
0.0000000000000000
0.0000000779705364
0.0000000000000000
0.0000000278959910
0.0000000000000000
0.0000000091935756
0.0000000000000000
0.0000000026849078
0.0000000000000000
0.0000000007954233
0.0000000000000000
0.0000000002396501
0.0000000000000000
0.0000000000496559
0.0000000000000000
0.0000000000052481
0.0000000000000000
0.0000000000002085
