0.0000000000009775
0.0000000000000000
0.0000000000100812
0.0000000000281918
0.0000000000127015
0.0000000003102244
0.0000000003172111
0.0000000005697576
0.0000000036460780
0.0000000023497723
0.0000000098513918
0.0000000223124291
0.0000000193358241
0.0000000852242270
0.0000000915490237
0.0000001575721283
0.0000004158408259
0.0000003788317767
0.0000008996276472
0.0000013473290624
0.0000017094967163
0.0000033770433021
0.0000040282004630
0.0000061819441523
0.0000093415909162
0.0000125965696659
0.0000167513487919
0.0000238690721121
0.0000327979284638
0.0000398454354387
0.0000590101185436
0.0000718527756563
0.0000922299990759
0.0001240169706768
0.0001526214656810
0.0001907836218171
0.0002411787023732
0.0003033443668622
0.0003561405453183
0.0004602560657167
0.0005419872880242
0.0006484793293354
0.0007953283508230
0.0009360630629658
0.0011012720965096
0.0013021639035432
0.0015480150515621
0.0017402921786823
0.0020867542362516
0.0023656006866889
0.0026966271489505
0.0031199591992324
0.0035138734413984
0.0039665219026778
0.0044564204503953
0.0050624977712594
0.0055080338742131
0.0062308707041077
0.0068666102797563
0.0074758266001499
0.0083151891597706
0.0090097702590052
0.0097926352168608
0.0106070142132857
0.0115238443674464
0.0122549626062396
0.0131882680825719
0.0141496860605036
0.0148422523247868
0.0158939451382575
0.0167228520465604
0.0174876077778447
0.0184069481697473
0.0192266404077000
0.0198994737445217
0.0206612181680357
0.0214280428297048
0.0218889766199261
0.0225123034192806
0.0230667991178288
0.0233530238757276
0.0237633136745598
0.0241286053208433
0.0240563751091415
0.0243810223734150
0.0243126801179647
0.0242103201173187
0.0240490988553194
0.0238449063633807
0.0235306676950917
0.0229611176002268
0.0227812306422085
0.0218554063538076
0.0215353897228296
0.0207040192048938
0.0199535935903237
0.0192614814271858
0.0183626423114522
0.0175537511349946
0.0165193949179390
0.0158505505778605
0.0147247775740820
0.0139081165943584
0.0129536872578652
0.0120393581297530
0.0111753301212944
0.0102792997786352
0.0093836661805636
0.0086407866598428
0.0078531559358712
0.0070610531078214
0.0063826173947375
0.0057371668734687
0.0051319277610717
0.0044965076556952
0.0040301713070931
0.0035021380440956
0.0031351661067215
0.0026692103694190
0.0023128429007852
0.0020294228397708
0.0017384663470122
0.0014715547190395
0.0012368914813575
0.0010751843785225
0.0008974167144591
0.0007537591744689
0.0006127634315789
0.0005185116538730
0.0004358359885492
0.0003544374023538
0.0002828490558926
0.0002358482461652
0.0001913354705995
0.0001557391216097
0.0001228858083491
0.0000970978528871
0.0000789415335282
0.0000636704942442
0.0000492765728394
0.0000375738358791
0.0000301236521762
0.0000234078028601
0.0000185658570972
0.0000138276749907
0.0000102556720579
0.0000082162145819
0.0000062979936849
0.0000045937635674
0.0000033491912268
0.0000025108122386
0.0000019456558196
0.0000014338919359
0.0000009973656356
0.0000006726274481
0.0000005545161895
0.0000003791275085
0.0000002687653044
0.0000001747102141
0.0000001277609763
0.0000000914355592
0.0000000642009624
0.0000000373612165
0.0000000252885246
0.0000000193627374
0.0000000113941251
0.0000000082165063
0.0000000041394278
0.0000000028685236
0.0000000016700736
0.0000000015362143
0.0000000004272167
0.0000000004289354
0.0000000001740375
0.0000000001859111
0.0000000000435714
0.0000000000306239
0.0000000000004836
0.0000000000321305
0.0000000000000761
0.0000000000000133
0.0000000000000807
0.0000000000000000
0.0000000000000000
