0.0000000003334006
0.0000000062609954
0.0000000301801342
0.0000000404659147
0.0000000383227657
0.0000001407056398
0.0000005120265134
0.0000011131517054
0.0000012859764983
0.0000017785048885
0.0000046058754219
0.0000106829451506
0.0000149470634765
0.0000165658903881
0.0000303163845626
0.0000575488080010
0.0000886087176087
0.0001033399659353
0.0001409099191223
0.0002514329606884
0.0003699369980731
0.0004380490693107
0.0005334018863415
0.0008438555189955
0.0012493498200657
0.0014877378379761
0.0016903706659496
0.0021915321439525
0.0032226075137058
0.0040387121368266
0.0041743994396891
0.0052060172987318
0.0066038897707061
0.0082064118449010
0.0091980666165678
0.0092954156492025
0.0119235841696852
0.0146098946324478
0.0163077308807707
0.0166161859293137
0.0188063864611388
0.0215399733428725
0.0238505384703881
0.0256765028807787
0.0244198753740777
0.0296853946585840
0.0316432342616125
0.0317857696253062
0.0324276558956174
0.0322681113932654
0.0347855690159830
0.0355223125199084
0.0362427569328346
0.0343022135064373
0.0374686969047615
0.0362530774602839
0.0332774816483824
0.0326119328399182
0.0293393529286319
0.0296067350101022
0.0287826690373871
0.0273108725922893
0.0261097496977547
0.0249119305180902
0.0221420469384601
0.0190089457144962
0.0166391839157912
0.0145156595865412
0.0131778257732346
0.0126637040286255
0.0110323209787594
0.0101119073500271
0.0087252692583572
0.0066731037218422
0.0055342137716829
0.0040666433115589
0.0036995339112319
0.0028968750877447
0.0027715504482421
0.0022195853190983
0.0017029469500474
0.0015309844363624
0.0007945530204627
0.0006743358950443
0.0004601120560566
0.0004029533543239
0.0003028853704577
0.0002228538724228
0.0001642784007191
0.0001022620833360
0.0001029766945710
0.0000273211449658
0.0000258782963821
0.0000194371662771
0.0000134013048173
0.0000121567278490
0.0000014475480608
0.0000004209366242
0.0000002711291394
0.0000002850208364
0.0000000222171208
