0.0000000000048460
0.0000000000490360
0.0000000001741272
0.0000000003321704
0.0000000006464840
0.0000000011659524
0.0000000016196077
0.0000000021254641
0.0000000023769028
0.0000000022484513
0.0000000048250633
0.0000000283226707
0.0000000941985323
0.0000001783046307
0.0000003450977216
0.0000006184382747
0.0000008578234247
0.0000011227639630
0.0000012526678724
0.0000011846089445
0.0000012526899315
0.0000018823428474
0.0000033340320115
0.0000056263648983
0.0000099342965998
0.0000158440509156
0.0000213546854397
0.0000264591069224
0.0000280641428500
0.0000263563086852
0.0000266075052547
0.0000331032011487
0.0000473863563321
0.0000737284254402
0.0001203308845318
0.0001764816053767
0.0002302917078026
0.0002712661907670
0.0002753628171302
0.0002562021283699
0.0002508490701367
0.0002837943606977
0.0003647597570690
0.0005315180855042
0.0008078443539418
0.0011137362240425
0.0014032638765907
0.0015781203937148
0.0015453099532481
0.0014210778354970
0.0013550448096417
0.0014370551945179
0.0017236003480978
0.0023709639033225
0.0033743311461818
0.0044321786817773
0.0053842667560741
0.0058032769234638
0.0055214537866058
0.0050088583754864
0.0046602440511408
0.0047043333279898
0.0053454275931765
0.0069692450041827
0.0093324296020741
0.0117632043739248
0.0137757145572457
0.0142805845475960
0.0132760714485050
0.0118655829410776
0.0107855657393450
0.0104614961568848
0.0113254953730533
0.0140169582726779
0.0177285503036141
0.0215017245502938
0.0242838947248272
0.0242900768870790
0.0221498458528991
0.0194916357205535
0.0173272890140797
0.0162514655953744
0.0167951807183716
0.0197327954631234
0.0236326407683533
0.0275621569652695
0.0300267543716380
0.0290578543108091
0.0260489340920266
0.0225646605982300
0.0196336446005002
0.0178836161468897
0.0176577097721298
0.0196787500672800
0.0223423371532173
0.0249790985255660
0.0262337932386262
0.0246088115967262
0.0217030842699760
0.0185046213126260
0.0157677763127967
0.0139870911844995
0.0132050771530675
0.0139438362757826
0.0150074295545023
0.0160038598087927
0.0161727723949821
0.0147185315988851
0.0127614468340821
0.0107067594218334
0.0089343955296982
0.0077287704074281
0.0069844494065098
0.0069802323360665
0.0071148027288386
0.0071912202591301
0.0069685064888086
0.0061499485773146
0.0052309123256639
0.0043151572523689
0.0035233521665000
0.0029715810652408
0.0025734941847399
0.0024313297135629
0.0023427436632898
0.0022286697413257
0.0020601980483451
0.0017595143782558
0.0014627140470381
0.0011845225537780
0.0009444184154740
0.0007748704185382
0.0006434383761374
0.0005734962799915
0.0005207847055286
0.0004629367542331
0.0004053521318462
0.0003336589146904
0.0002696443008683
0.0002137718170857
0.0001658253954061
0.0001317331366337
0.0001047413288577
0.0000876448761167
0.0000745278703403
0.0000613856671027
0.0000504007454683
0.0000397030074146
0.0000309591310948
0.0000239267571828
0.0000179583044518
0.0000137034908836
0.0000103809464452
0.0000080616873413
0.0000063232840561
0.0000047563139112
0.0000035955954865
0.0000026725646053
0.0000019876030227
0.0000014874955658
0.0000010722277319
0.0000007768004416
0.0000005547255452
0.0000003898344114
0.0000002714838296
0.0000001792634800
0.0000001184701093
0.0000000794662825
0.0000000546789904
0.0000000389951442
0.0000000267348546
0.0000000181356179
0.0000000120000364
0.0000000072485999
0.0000000040161432
0.0000000019562531
0.0000000007931528
0.0000000002690763
0.0000000000729158
0.0000000000140161
0.0000000000018606
0.0000000000001968
0.0000000000000132
