0.0002512452248753
0.0000000000000000
0.0009307871255156
0.0000000000000000
0.0018109055046484
0.0000000000000000
0.0070021465204181
0.0000000000000000
0.0097871911652992
0.0000000000000000
0.0173337699132189
0.0000000000000000
0.0441944066783713
0.0000000000000000
0.0476690916520796
0.0000000000000000
0.0470475635475139
0.0000000000000000
0.0664773988327816
0.0000000000000000
0.1684744401605889
0.0000000000000000
0.1011265275212270
0.0000000000000000
0.0675630748866586
0.0000000000000000
0.0708892545425667
0.0000000000000000
0.1457656077449342
0.0000000000000000
0.0723049290927791
0.0000000000000000
0.0377769203218181
0.0000000000000000
0.0285161304878525
0.0000000000000000
0.0362485051374651
0.0000000000000000
0.0164985443896117
0.0000000000000000
0.0073505083745392
0.0000000000000000
0.0038863751257020
0.0000000000000000
0.0006962798457873
0.0000000000000000
0.0002942009096745
0.0000000000000000
0.0000969584604248
0.0000000000000000
0.0000051565846842
0.0000000000000000
0.0000020802489644
