0.0000467868796971
0.0000000000000000
0.0000337544676665
0.0009909067317817
0.0000325150041902
0.0007366074296657
0.0051274036290977
0.0007043076187133
0.0041461441815802
0.0077357700458374
0.0039054524413246
0.0076754994684413
0.0026475565536493
0.0072945546450040
0.0038528564119482
0.0058920951643065
0.0051980266601050
0.0022107664627331
0.0147973278187519
0.0046399851277094
0.0112368001145906
0.0562286002584618
0.0088661034148502
0.0458061694218410
0.0807411718276738
0.0424033081321182
0.0793234704496894
0.0277453218274420
0.0754518807437590
0.0392833279992706
0.0559286463923770
0.0528434906988953
0.0191425297335300
0.0481059938974027
0.0438434005898897
0.0381629245307423
0.0420621456133149
0.0174109222734489
0.0374371004922284
0.0218857874198931
0.0277069333827843
0.0136867099743336
0.0086194115237661
0.0136693324714588
0.0014389679805602
0.0091314533590893
0.0003661397297274
0.0016944212642530
0.0004821953360131
0.0006194828563372
0.0003103548384089
0.0001763768884401
0.0002963806644429
0.0000137913976244
0.0001909853510358
0.0000000000000000
0.0000196504081033
