0.0000000000000000
0.0000000000000000
0.0000000000000001
0.0000000000000000
0.0000000000000199
0.0000000000000000
0.0000000000009739
0.0000000000000000
0.0000000000202335
0.0000000000000000
0.0000000002015491
0.0000000000000000
0.0000000010498471
0.0000000000000000
0.0000000037327735
0.0000000000000000
0.0000000120256912
0.0000000000000000
0.0000000387260541
0.0000000000000000
0.0000001140986282
0.0000000000000000
0.0000002999136361
0.0000000000000000
0.0000007492867035
0.0000000000000000
0.0000018221463953
0.0000000000000000
0.0000041820812809
0.0000000000000000
0.0000090421146802
0.0000000000000000
0.0000188175228379
0.0000000000000000
0.0000377768123524
0.0000000000000000
0.0000726730757796
0.0000000000000000
0.0001345870181758
0.0000000000000000
0.0002412780281415
0.0000000000000000
0.0004180025346553
0.0000000000000000
0.0007004134706393
0.0000000000000000
0.0011394137139531
0.0000000000000000
0.0017990985273887
0.0000000000000000
0.0027551402444901
0.0000000000000000
0.0041024585974144
0.0000000000000000
0.0059475717885518
0.0000000000000000
0.0083836044744401
0.0000000000000000
0.0114961067497514
0.0000000000000000
0.0153633475913487
0.0000000000000000
0.0200008387562655
0.0000000000000000
0.0253496620057831
0.0000000000000000
0.0313107639996582
0.0000000000000000
0.0376971869042997
0.0000000000000000
0.0442014781575393
0.0000000000000000
0.0504965236892323
0.0000000000000000
0.0562318145331110
0.0000000000000000
0.0609704679563021
0.0000000000000000
0.0643520478633351
0.0000000000000000
0.0661665041145334
0.0000000000000000
0.0662249433935478
0.0000000000000000
0.0644434175180774
0.0000000000000000
0.0609975826400296
0.0000000000000000
0.0561506491075275
0.0000000000000000
0.0501859835410600
0.0000000000000000
0.0435524381889440
0.0000000000000000
0.0367030533061678
0.0000000000000000
0.0299701260276437
0.0000000000000000
0.0236890113812084
0.0000000000000000
0.0181444152555558
0.0000000000000000
0.0134379394276862
0.0000000000000000
0.0095877546155558
0.0000000000000000
0.0065983678609410
0.0000000000000000
0.0043779102507592
0.0000000000000000
0.0027827032368036
0.0000000000000000
0.0016920967026625
0.0000000000000000
0.0009851185737799
0.0000000000000000
0.0005441856605574
0.0000000000000000
0.0002831538044171
0.0000000000000000
0.0001395234589008
0.0000000000000000
0.0000641704147106
0.0000000000000000
0.0000266321717610
0.0000000000000000
0.0000101568563875
0.0000000000000000
0.0000035799707479
0.0000000000000000
0.0000010091676555
0.0000000000000000
0.0000001992204878
0.0000000000000000
0.0000000310822050
0.0000000000000000
0.0000000036327252
