0.0000000046428730
0.0000000144041501
0.0000000488240627
0.0000001107365672
0.0000001138268862
0.0000000560827280
0.0000000493729234
0.0000001105843318
0.0000003246823767
0.0000007266885415
0.0000013855181358
0.0000024615275929
0.0000068516113384
0.0000145040259941
0.0000146658758823
0.0000076836975255
0.0000072890260245
0.0000160550183887
0.0000444453643843
0.0000939592895314
0.0001129887436684
0.0001178091283939
0.0002123385265523
0.0003528274275581
0.0003336243424417
0.0002226986857438
0.0002611417322642
0.0005466739740146
0.0012665777835577
0.0021522524545606
0.0021411343472143
0.0017923647504348
0.0023860097462411
0.0029802286567674
0.0026342374709619
0.0025458579670533
0.0034561650113937
0.0065429020019941
0.0124357055869412
0.0152846234688299
0.0116876335035962
0.0083109308896137
0.0098759900537636
0.0119796354934740
0.0123763674105687
0.0137205542059476
0.0169607418603334
0.0251773265374506
0.0391571134332340
0.0403894543737829
0.0264421590516225
0.0174581178218172
0.0201095053661246
0.0251993719871481
0.0291100967084822
0.0318572112145710
0.0353386688534914
0.0401256107029138
0.0469322994515394
0.0424786511362934
0.0273842222163265
0.0199450951190503
0.0240652916261661
0.0282818440818869
0.0296641705443713
0.0299369567319733
0.0316145590790036
0.0307957108972843
0.0274998429253850
0.0215874276546804
0.0145545980993794
0.0124428680978421
0.0159150291754230
0.0170958079988756
0.0148435025015592
0.0131211503661414
0.0135541419110684
0.0122184803655310
0.0086770246386091
0.0057222385409071
0.0041098175245388
0.0041118100455329
0.0055032432013951
0.0054809350476781
0.0038400404616713
0.0027933765926819
0.0028662672178821
0.0025236418437647
0.0015059795098146
0.0008007273271698
0.0005919491003809
0.0006661168102846
0.0009178248463123
0.0008683570520880
0.0005027229921772
0.0002831192613645
0.0002918290231714
0.0002620342285296
0.0001393207954051
0.0000569993594442
0.0000380845666370
0.0000450392909204
0.0000629546076497
0.0000579788535866
0.0000297140515523
0.0000131323047852
0.0000136730230647
0.0000127686193162
0.0000063058493815
0.0000018974046172
0.0000008690710868
0.0000009853704852
0.0000013844165844
0.0000012581087528
0.0000006025404547
0.0000002218802175
0.0000002334643637
0.0000002266488660
0.0000001069341550
0.0000000232675984
0.0000000021822255
0.0000000000683534
