0.0000000279756311
0.0000000000000000
0.0000001135750838
0.0000003813777820
0.0000002532469446
0.0000016175641856
0.0000016836622254
0.0000040824722352
0.0000062787158149
0.0000103532103952
0.0000197203893077
0.0000206117412013
0.0000522451708136
0.0000534273052098
0.0001003366139825
0.0001336221395210
0.0001892647306353
0.0002924559256030
0.0003204405376025
0.0005887629328973
0.0005867238752434
0.0009630475307251
0.0010912868456576
0.0014643777583868
0.0019299126657497
0.0020796481038160
0.0031036141625717
0.0030074197303957
0.0043991200734919
0.0043558516515421
0.0056579763341333
0.0064044117334033
0.0067150275612095
0.0084604980335778
0.0080899025446876
0.0103397079383068
0.0094511351769742
0.0117460984462560
0.0115831446550740
0.0120172833008015
0.0132871978731647
0.0131751925460717
0.0143571453273964
0.0137586214920540
0.0155270852473933
0.0150487504449705
0.0155885281762788
0.0162781064413079
0.0171876086777116
0.0168001304802961
0.0184429029399201
0.0182598974223521
0.0198043953003692
0.0201595013323742
0.0207866728906776
0.0224210354777153
0.0215279380780804
0.0243688458409747
0.0222798117224352
0.0252812643210649
0.0241932415554144
0.0241755908853270
0.0254837314759905
0.0242793576640739
0.0256374882659342
0.0233859425199606
0.0254923258755223
0.0234521162410600
0.0226925131150928
0.0231666172300676
0.0216382402416454
0.0209535194126930
0.0197135813388961
0.0193124392614985
0.0181983732266425
0.0166535838621720
0.0167530163236584
0.0147103342532425
0.0142581368297827
0.0128533524197282
0.0119482006088027
0.0108201437207210
0.0096672448557287
0.0088812899937180
0.0077235853293940
0.0071776857972479
0.0062179250724526
0.0057530514652005
0.0050217784117297
0.0045758685581944
0.0039231110070336
0.0034957809030892
0.0030331418472612
0.0025160452536855
0.0021667697599211
0.0017917414513168
0.0015043312511826
0.0012571742594705
0.0010291748739012
0.0009296762725412
0.0007334472199928
0.0006514963713554
0.0005413213351786
0.0004520067237669
0.0003654533253331
0.0002857407553189
0.0002377788035356
0.0001622257855896
0.0001346604165699
0.0000973045011184
0.0000754626600629
0.0000515483919620
0.0000526417559886
0.0000317117111968
0.0000295678386410
0.0000236282757752
0.0000178558788710
0.0000137604178209
0.0000071111849890
0.0000087497949547
0.0000023519379606
0.0000024496184634
0.0000013914846636
0.0000001852352470
0.0000003963241289
0.0000000000000000
0.0000000301188358
