0.0000001406350474
0.0000459001388140
0.0000786106200392
0.0000010098961218
0.0003304529057441
0.0008404655258879
0.0004917652381567
0.0002602888691978
0.0023880127940142
0.0037801622553815
0.0022938103800925
0.0044461410729728
0.0043197791734359
0.0052763125496899
0.0137566698292526
0.0195405234372785
0.0161108251396955
0.0226888055051684
0.0137775524731739
0.0253477022189125
0.0310988294852826
0.0325746005590808
0.0630780201090058
0.0855504839863199
0.0273709880341064
0.0360065194253636
0.0327074714649383
0.0339506459385408
0.0936070281232871
0.1177076511641399
0.0512624854868381
0.0143079987947657
0.0166512062241853
0.0319518111297059
0.0455923369802254
0.0441742896163832
0.0503145751548753
0.0084668116617429
0.0033614680150216
0.0015086856764464
0.0118178919194943
0.0194512262484424
0.0039532389025743
0.0043907676267795
0.0004228744487676
0.0002377675905532
0.0000030545563371
0.0009969389738119
0.0017074020449076
