0.0008293851583980
0.0170930189926311
0.0467668358082213
0.0516453153354620
0.0462313207704918
0.0324406564530757
0.0095521312021237
0.0124072644777798
0.0141556587863669
0.0219882668522819
0.0422357547008237
0.0621461147742774
0.0808657583252687
0.0743721268764331
0.0519822460949043
0.0338051098347135
0.0196639533206521
0.0216529040125922
0.0241234053145438
0.0311779025845873
0.0423496502794303
0.0476143800229832
0.0449586395811604
0.0328364361711297
0.0200538525340831
0.0133924441478420
0.0127510632519554
0.0120536522240484
0.0113211807094863
0.0126614191888403
0.0121859024315337
0.0114806227149247
0.0089928728852614
0.0043991482808772
0.0035209644352713
0.0031190391276878
0.0030199569923602
0.0023905354635916
0.0012620701483993
0.0011502579910953
0.0009509025280652
0.0008129524171927
0.0005704511495523
0.0001679689877055
0.0002181749402755
0.0002409338454077
0.0002156766750122
0.0001503144644785
0.0000234067347204
