0.0001807565605468
0.0017089771230637
0.0001587752784154
0.0013320617886618
0.0126821018199209
0.0022242237130590
0.0022153235748054
0.0013679213092292
0.0093499396728247
0.0180526348364594
0.0106162438779305
0.0124415308362748
0.0141415809712479
0.0419363385664841
0.0102044156711922
0.0163271917919870
0.0233360743903578
0.0373836435117572
0.0478416363467627
0.0277592581713794
0.0382466940374756
0.0363758167133332
0.0499297835598177
0.0214422500458364
0.0386263411223991
0.0536682457298932
0.0506823038476431
0.0380784011139783
0.0366734243008865
0.0393976867970659
0.0366029535232418
0.0282557946685969
0.0229797249027552
0.0371761310457450
0.0364057159259989
0.0252359166954446
0.0108482451538135
0.0236146869630736
0.0152503681236406
0.0156665486218216
0.0078907659651533
0.0094811190799650
0.0127892760007427
0.0061240584753332
0.0027437409712332
0.0025520508856522
0.0058033492930494
0.0017582593146005
0.0025851812672092
0.0003937441178429
0.0000152040472557
0.0001275559431197
0.0012059876999373
0.0001120442340854
