0.0000000000009557
0.0000000000252712
0.0000000001635298
0.0000000005396861
0.0000000018546738
0.0000000061459493
0.0000000152469207
0.0000000388632073
0.0000000928193740
0.0000001888203063
0.0000003954966788
0.0000007771933120
0.0000014099174852
0.0000025227994464
0.0000044206601213
0.0000073428364821
0.0000118609033323
0.0000193150751818
0.0000293294798272
0.0000439934572957
0.0000663831387169
0.0000977674614398
0.0001375466724940
0.0001938925176522
0.0002696310142544
0.0003660265467248
0.0004951113930493
0.0006577763607417
0.0008532121061892
0.0010992391987157
0.0014154966556344
0.0017788544536512
0.0022175880649313
0.0027293449350310
0.0033259942702326
0.0040287595705659
0.0048329245024438
0.0056950838555487
0.0066724234663651
0.0077857104579784
0.0089664191395323
0.0102745361326840
0.0116441558776166
0.0130449892078147
0.0145258055982305
0.0161614902933300
0.0177299584964049
0.0193172415843107
0.0209239816224969
0.0224566223825787
0.0239302104375428
0.0254108120488502
0.0267535669808685
0.0279167923815481
0.0290378121640748
0.0299342750755840
0.0306657820411923
0.0312350959819059
0.0316413793407948
0.0317753726479198
0.0317959796626677
0.0315834514981324
0.0311677677711050
0.0305817251926155
0.0298194352914458
0.0289067524422536
0.0278812448812799
0.0267330994102593
0.0254297045535158
0.0240852576483195
0.0226454096968838
0.0212025793151761
0.0197349646253031
0.0182543103925308
0.0167645865584315
0.0153488122124116
0.0139394701315656
0.0125702311319778
0.0112944056341575
0.0100879008510489
0.0089575789818423
0.0079104959528996
0.0069368881873122
0.0060245916910652
0.0052264763308930
0.0045074271828904
0.0038602412918223
0.0032820961479542
0.0027759770595990
0.0023281801116147
0.0019440922997307
0.0016142457592611
0.0013285317993677
0.0010894644032771
0.0008872423728907
0.0007169709753265
0.0005738399789071
0.0004577931873314
0.0003616579159497
0.0002843274549609
0.0002224194860757
0.0001729861473632
0.0001332156921041
0.0001010462349545
0.0000758969622721
0.0000569828457159
0.0000429307077837
0.0000319323014980
0.0000234782463180
0.0000169945800766
0.0000120825438386
0.0000085051393482
0.0000060628336089
0.0000043256978378
0.0000030515494699
0.0000020954398504
0.0000013925754811
0.0000009099592929
0.0000005934022066
0.0000003981903942
0.0000002697440442
0.0000001780351358
0.0000001094724338
0.0000000645521913
0.0000000372400467
0.0000000213680980
0.0000000132519358
0.0000000093426419
0.0000000055098732
0.0000000024385467
0.0000000010271894
0.0000000004535656
0.0000000003448768
0.0000000002130311
0.0000000000767146
0.0000000000263883
0.0000000000051403
