0.0000044897388816
0.0000424144017376
0.0000567036621226
0.0004380734728511
0.0040153905294416
0.0053681612505271
0.0014569535240509
0.0021257740986127
0.0029657416795681
0.0009679454248006
0.0015884445673216
0.0135848363710850
0.0302396491244544
0.0305930753875103
0.0225345921911524
0.0185688228753036
0.0162029467078113
0.0091095285824633
0.0073588686017578
0.0441544265816706
0.0819613271403624
0.0772290150563846
0.0688653924915784
0.0522955478196654
0.0394857723818670
0.0254202426688743
0.0095785647462250
0.0158119283377493
0.0884027910810748
0.1165407740673643
0.0371608925608868
0.0487212239109643
0.0608465799585994
0.0153821107249261
0.0020289931953138
0.0072972654099836
0.0099255828232353
0.0069756360257331
0.0094582159187451
0.0065329517984327
0.0034651437100367
0.0030409309359965
0.0006988199593141
0.0000388999295530
0.0003565575603258
0.0004766805283046
0.0001293741642898
0.0001875704798726
0.0002507623042920
0.0000576135369253
