0.0000011538460870
0.0000000000000000
0.0000747885287081
0.0000003031673073
0.0000503661209715
0.0000207907697502
0.0008841346155672
0.0000891880058728
0.0019970085010762
0.0004139136265423
0.0034773026970727
0.0014872808037179
0.0189028933074753
0.0044404063024228
0.0099071320242336
0.0118906673614240
0.0509532126519565
0.0272478809618487
0.0285017060983479
0.0557780900945948
0.0112267005639733
0.0729491344027003
0.0226522411222168
0.1135858618555645
0.0541077194610788
0.0477136140696799
0.0672055398903395
0.0120846264628702
0.1088815403554100
0.0194176191543474
0.0685441953038259
0.0387800290707503
0.0150679409588358
0.0431391037552163
0.0038902302194183
0.0380938225871780
0.0088624887776269
0.0122967046969676
0.0102603373988150
0.0005822297460725
0.0090489545993193
0.0002940109147348
0.0028993125887716
0.0015360426301399
0.0000000000000000
0.0007617799291704
