0.0000000000000002
0.0000000000000000
0.0000000000000059
0.0000000000000421
0.0000000000000221
0.0000000000012544
0.0000000000018654
0.0000000000047382
0.0000000000543711
0.0000000000318607
0.0000000002069376
0.0000000006779400
0.0000000004803356
0.0000000026057541
0.0000000021836728
0.0000000059457092
0.0000000073660993
0.0000000176945867
0.0000000190048070
0.0000000423466306
0.0000000493671963
0.0000000853586153
0.0000001116488038
0.0000001807055660
0.0000002418060769
0.0000003277836789
0.0000004953311831
0.0000005968877833
0.0000009031693668
0.0000011119228568
0.0000016459079251
0.0000019527969816
0.0000028355200304
0.0000034579512476
0.0000047839107388
0.0000058824783022
0.0000081763734013
0.0000099307949673
0.0000131257151230
0.0000166230681308
0.0000210967451561
0.0000271883515149
0.0000332201778130
0.0000436961345788
0.0000515639317412
0.0000672339550613
0.0000803738184920
0.0001026346373432
0.0001215378339407
0.0001542178068598
0.0001820080592159
0.0002262165318853
0.0002675250518088
0.0003317024493050
0.0003909061847822
0.0004698107815779
0.0005661712302039
0.0006599426795688
0.0008033382469931
0.0009253834919877
0.0011193327475644
0.0012818362130292
0.0015263995714525
0.0017557480135055
0.0020557231936455
0.0023592914273551
0.0027423820972004
0.0031048072314836
0.0035990066658901
0.0040229715977013
0.0046172690152317
0.0051859342972957
0.0057879907465298
0.0065297548321445
0.0071852249439868
0.0080691581148839
0.0087483618168429
0.0097513985878974
0.0105621918930048
0.0115226492465864
0.0124591677865055
0.0135049065975025
0.0143616770351903
0.0155316234350905
0.0163319856844325
0.0175211509755823
0.0183017511387944
0.0192983494700440
0.0202787692772043
0.0209939770394220
0.0219510830977358
0.0224491835743127
0.0233950046372246
0.0237767108088904
0.0243497630020146
0.0247975471698792
0.0252561440373551
0.0251408139556723
0.0257473562242270
0.0254400583472488
0.0256065521848788
0.0252975331997507
0.0251814642549433
0.0248689353026546
0.0242925371947234
0.0240020403076924
0.0231595072184890
0.0226290598542484
0.0217938039472129
0.0210164961847559
0.0200917631471024
0.0193707043759544
0.0180069648107654
0.0174181239193479
0.0161335308451670
0.0151670093117709
0.0141509660849984
0.0131476014512640
0.0121312599808633
0.0110744326138987
0.0102753648673000
0.0092452784360286
0.0083557464153270
0.0076052167394620
0.0068390143755093
0.0060051076037497
0.0054918946018093
0.0047395572323801
0.0042310402366006
0.0036933452937491
0.0032320512991413
0.0028041697466800
0.0024148063772150
0.0020895134859468
0.0017856182197114
0.0015001596929044
0.0012836974843256
0.0010788117005967
0.0008946018258392
0.0007585531138748
0.0006101234695017
0.0005132609570825
0.0004136185717722
0.0003357150137479
0.0002729930760398
0.0002180119631635
0.0001702479220328
0.0001394483172077
0.0001064078768480
0.0000832339473421
0.0000648774965295
0.0000498312936183
0.0000376966940251
0.0000286343069675
0.0000215782328221
0.0000158884202631
0.0000118340669664
0.0000087715879822
0.0000062465603471
0.0000044569779152
0.0000032884747899
0.0000022397461862
0.0000016205272116
0.0000011010782659
0.0000007405016389
0.0000005026435683
0.0000003542423711
0.0000002151614098
0.0000001455307588
0.0000000956973153
0.0000000557680748
0.0000000349344039
0.0000000247118297
0.0000000116962690
0.0000000067600239
0.0000000055748398
0.0000000018405345
0.0000000012163806
0.0000000008817614
0.0000000002389233
0.0000000001544894
0.0000000001262142
0.0000000000182169
0.0000000000158940
0.0000000000117501
0.0000000000000000
0.0000000000015650
