0.0000000000000352
0.0000000000000000
0.0000000000017043
0.0000000000000000
0.0000000000244050
0.0000000000000000
0.0000000001732446
0.0000000000000000
0.0000000008667867
0.0000000000000000
0.0000000041208485
0.0000000000000000
0.0000000183540538
0.0000000000000000
0.0000000690592681
0.0000000000000000
0.0000002307492860
0.0000000000000000
0.0000007252592253
0.0000000000000000
0.0000021094438041
0.0000000000000000
0.0000056616820739
0.0000000000000000
0.0000142943067049
0.0000000000000000
0.0000340681936074
0.0000000000000000
0.0000766322317530
0.0000000000000000
0.0001636891174676
0.0000000000000000
0.0003330075488833
0.0000000000000000
0.0006441080190184
0.0000000000000000
0.0011873364043273
0.0000000000000000
0.0020921221850308
0.0000000000000000
0.0035145003464021
0.0000000000000000
0.0056343674633824
0.0000000000000000
0.0086372213110807
0.0000000000000000
0.0126426657687579
0.0000000000000000
0.0177257913560575
0.0000000000000000
0.0238701170925673
0.0000000000000000
0.0308929058432500
0.0000000000000000
0.0385132751909920
0.0000000000000000
0.0463081957886973
0.0000000000000000
0.0537520974999860
0.0000000000000000
0.0602651194605669
0.0000000000000000
0.0654300172342224
0.0000000000000000
0.0688171932644552
0.0000000000000000
0.0701023151809003
0.0000000000000000
0.0693076866298086
0.0000000000000000
0.0664995486983545
0.0000000000000000
0.0619739230364389
0.0000000000000000
0.0561139229034458
0.0000000000000000
0.0494514032210237
0.0000000000000000
0.0422982132688527
0.0000000000000000
0.0351440543425757
0.0000000000000000
0.0284613378617735
0.0000000000000000
0.0224455302984405
0.0000000000000000
0.0171820060322138
0.0000000000000000
0.0127400133676673
0.0000000000000000
0.0092258780087033
0.0000000000000000
0.0064875430832585
0.0000000000000000
0.0044378356044933
0.0000000000000000
0.0029268914638364
0.0000000000000000
0.0018832606499719
0.0000000000000000
0.0011659987350836
0.0000000000000000
0.0007056940003366
0.0000000000000000
0.0004103572299927
0.0000000000000000
0.0002316588582371
0.0000000000000000
0.0001233571025063
0.0000000000000000
0.0000643779967986
0.0000000000000000
0.0000322884390208
0.0000000000000000
0.0000156287753818
0.0000000000000000
0.0000069129989549
0.0000000000000000
0.0000029401956320
0.0000000000000000
0.0000011899290660
0.0000000000000000
0.0000004611304178
0.0000000000000000
0.0000001606257446
0.0000000000000000
0.0000000498070396
0.0000000000000000
0.0000000125918896
0.0000000000000000
0.0000000022030648
0.0000000000000000
0.0000000003073929
0.0000000000000000
0.0000000000368184
0.0000000000000000
0.0000000000025155
0.0000000000000000
0.0000000000001881
0.0000000000000000
0.0000000000000058
