0.0000000272631485
0.0000000000000000
0.0000000575597630
0.0000000074284656
0.0000001384064769
0.0000001283336003
0.0000005405873108
0.0000003734964034
0.0000008965806354
0.0000009306463590
0.0000022377901112
0.0000029767199412
0.0000049083883591
0.0000062526382009
0.0000076811889214
0.0000133584217597
0.0000174719239667
0.0000275681443198
0.0000321150213251
0.0000463315393486
0.0000547827607219
0.0000864083098490
0.0001050904832669
0.0001487916344045
0.0001683475931988
0.0002386248119765
0.0002663549004025
0.0003963368934797
0.0004580077019776
0.0005903507644609
0.0006791594741464
0.0008627295974683
0.0010265022287034
0.0012634469151381
0.0015965966594316
0.0017346572171334
0.0021449769391393
0.0023433952730243
0.0030622108165644
0.0031318835227644
0.0042437924910125
0.0041544108286601
0.0052609844393106
0.0053332158656664
0.0067764146684552
0.0070017124725229
0.0084974211392297
0.0090925486447078
0.0098114356208268
0.0107809957292602
0.0117713980179824
0.0136505716311612
0.0140267054537323
0.0161778889675735
0.0151670033882950
0.0179264513823557
0.0175313176816540
0.0206843246181794
0.0199272864356321
0.0220828442995119
0.0210309037812878
0.0229526170846103
0.0228573470560723
0.0243714464265963
0.0242243313423160
0.0259061924097677
0.0246245256268873
0.0249178501363746
0.0253480955310127
0.0258987524483357
0.0259119454729917
0.0273591952982644
0.0243912320871828
0.0259739055245353
0.0244430544572534
0.0264448495995438
0.0242708323892663
0.0257637829658846
0.0222325239338922
0.0239511149509501
0.0213487731567464
0.0223259991707597
0.0198504797071752
0.0207364596947102
0.0178330953356391
0.0169508509751159
0.0159372705057403
0.0139166650520179
0.0138826575540747
0.0124120607886551
0.0109855844792749
0.0089277482462616
0.0089728855886392
0.0064610323227371
0.0071344534595036
0.0052296221719680
0.0046522719891662
0.0036901536299931
0.0034260267689399
0.0023367080819684
0.0023514834093531
0.0016333326418657
0.0012706604046877
0.0011944317083263
0.0008250524104426
0.0006344759559023
0.0004844590610268
0.0003771767444950
0.0002224412096973
0.0002590056710160
0.0001212472892369
0.0001094691986071
0.0000679679841762
0.0000532873419749
0.0000266320392972
0.0000285138411272
0.0000116176164297
0.0000086459893595
0.0000064581746904
0.0000031044713815
0.0000019541658578
0.0000008810284170
0.0000007286486199
0.0000000487188260
0.0000002334471240
0.0000000000000000
0.0000000132745535
