0.0000006342149323
0.0000027301781470
0.0000043394885441
0.0000035782229117
0.0000021024070357
0.0000009671726377
0.0000002401152131
0.0000046732066494
0.0000200193291927
0.0000325538211074
0.0000407046761274
0.0000691061056864
0.0000885839572583
0.0000679741664344
0.0000387612692147
0.0000175207695970
0.0000096947813136
0.0001064913011328
0.0003936896270492
0.0006106334770652
0.0006187453078485
0.0007034476984366
0.0007281973174076
0.0005086020130839
0.0002777373204248
0.0001222293200053
0.0001256130397540
0.0009797553566148
0.0030830813308472
0.0044867147949041
0.0041527695894577
0.0037932788496304
0.0032569067260842
0.0020446924918328
0.0010567432242006
0.0004484572521282
0.0007590363160383
0.0048126942862038
0.0130427707692194
0.0176279134648837
0.0153149237351867
0.0121509045679210
0.0088727356386911
0.0049643932531237
0.0023992576000607
0.0009704338483721
0.0025303541673051
0.0140411902036827
0.0333781628833072
0.0416184258960570
0.0341665228987547
0.0244440490638526
0.0154591827961222
0.0076565200554116
0.0034173967794724
0.0012983637759864
0.0050175484179292
0.0254532061064280
0.0541327352839388
0.0620660684652511
0.0481399669345373
0.0316361631217314
0.0175135090555309
0.0076274462453521
0.0031063053408918
0.0010897826997341
0.0060763012162237
0.0289818747197100
0.0562625953106654
0.0593892235703411
0.0434414024975641
0.0264575061548428
0.0128649464553651
0.0048858312513376
0.0017979232683625
0.0005732697993700
0.0044714362430828
0.0204541906513481
0.0369987660858262
0.0362283678075615
0.0250059265348327
0.0141909650135204
0.0060517971189330
0.0019778531021634
0.0006535269129680
0.0001882375813596
0.0019521034679290
0.0086928924907590
0.0149579649597322
0.0137884772282599
0.0090409056600213
0.0048176266791129
0.0018017362654796
0.0004957339073037
0.0001454347886766
0.0000380103511003
0.0004939401260500
0.0021628363687725
0.0035995645508656
0.0031744598999763
0.0019978818742990
0.0010103413827582
0.0003334997117907
0.0000749321238796
0.0000189401972811
0.0000045309304498
0.0000698616668404
0.0003026796744592
0.0004928378221866
0.0004213614313096
0.0002571816560773
0.0001248361045729
0.0000368433970296
0.0000065135025134
0.0000013168738258
0.0000002891994901
0.0000050618658245
0.0000217815849379
0.0000349560311881
0.0000292521625391
0.0000174615506203
0.0000082175648589
0.0000022046476759
0.0000002935217561
0.0000000385963278
0.0000000075313600
0.0000001445611730
0.0000006192787798
0.0000009842881902
0.0000008116169724
0.0000004768705794
0.0000002193753009
0.0000000544632313
0.0000000051895394
0.0000000001200752
