0.0000000000001667
0.0000000000000000
0.0000000000011801
0.0000000000000000
0.0000000000250385
0.0000000000000000
0.0000000001620700
0.0000000000000000
0.0000000012606427
0.0000000000000000
0.0000000068304766
0.0000000000000000
0.0000000259160138
0.0000000000000000
0.0000000945467848
0.0000000000000000
0.0000002885845195
0.0000000000000000
0.0000008015775164
0.0000000000000000
0.0000021168792021
0.0000000000000000
0.0000050943836682
0.0000000000000000
0.0000117269452906
0.0000000000000000
0.0000253284248563
0.0000000000000000
0.0000526011118804
0.0000000000000000
0.0001036378420235
0.0000000000000000
0.0001965201197022
0.0000000000000000
0.0003584918887070
0.0000000000000000
0.0006262903980927
0.0000000000000000
0.0010623125846513
0.0000000000000000
0.0017278040579914
0.0000000000000000
0.0027332528987100
0.0000000000000000
0.0041578747613602
0.0000000000000000
0.0061559499612085
0.0000000000000000
0.0087921265973591
0.0000000000000000
0.0121955608215835
0.0000000000000000
0.0164135371353894
0.0000000000000000
0.0213730543428322
0.0000000000000000
0.0271282810798005
0.0000000000000000
0.0332853931370492
0.0000000000000000
0.0398681788064038
0.0000000000000000
0.0462118457183177
0.0000000000000000
0.0523093081542605
0.0000000000000000
0.0573992935354759
0.0000000000000000
0.0614484506997256
0.0000000000000000
0.0639686200550024
0.0000000000000000
0.0648422649438335
0.0000000000000000
0.0640905210767595
0.0000000000000000
0.0616359947094882
0.0000000000000000
0.0578635564693249
0.0000000000000000
0.0528582100969988
0.0000000000000000
0.0471646739163406
0.0000000000000000
0.0409678758545657
0.0000000000000000
0.0347408556345576
0.0000000000000000
0.0287258631592263
0.0000000000000000
0.0231534817572662
0.0000000000000000
0.0182197344412257
0.0000000000000000
0.0139683320826482
0.0000000000000000
0.0104561167035647
0.0000000000000000
0.0076215893230605
0.0000000000000000
0.0054250723416382
0.0000000000000000
0.0037591395688921
0.0000000000000000
0.0025394936331654
0.0000000000000000
0.0016723390637040
0.0000000000000000
0.0010710301259566
0.0000000000000000
0.0006684905564109
0.0000000000000000
0.0004054048327390
0.0000000000000000
0.0002394423159446
0.0000000000000000
0.0001370129864328
0.0000000000000000
0.0000763120415613
0.0000000000000000
0.0000411814264954
0.0000000000000000
0.0000214779676093
0.0000000000000000
0.0000108841157077
0.0000000000000000
0.0000053102307792
0.0000000000000000
0.0000025032672567
0.0000000000000000
0.0000011314395057
0.0000000000000000
0.0000004963890713
0.0000000000000000
0.0000002061690978
0.0000000000000000
0.0000000818131613
0.0000000000000000
0.0000000315800519
0.0000000000000000
0.0000000111798341
0.0000000000000000
0.0000000038281078
0.0000000000000000
0.0000000012234838
0.0000000000000000
0.0000000003652367
0.0000000000000000
0.0000000000934197
0.0000000000000000
0.0000000000243445
0.0000000000000000
0.0000000000054502
0.0000000000000000
0.0000000000003970
