0.0003177613759372
0.0000000000000000
0.0010846570377726
0.0000000000000000
0.0011916864619336
0.0000000000000000
0.0037622802647309
0.0000000000000000
0.0125413667219290
0.0000000000000000
0.0174017324125095
0.0000000000000000
0.0158746822836188
0.0000000000000000
0.0326963314511849
0.0000000000000000
0.0708583902386931
0.0000000000000000
0.0772314303783098
0.0000000000000000
0.0649129911943957
0.0000000000000000
0.0961066551793578
0.0000000000000000
0.1300121179806438
0.0000000000000000
0.1183334719836945
0.0000000000000000
0.0945448541064830
0.0000000000000000
0.0996474639611796
0.0000000000000000
0.0668608622113630
0.0000000000000000
0.0423992702942365
0.0000000000000000
0.0314146553980492
0.0000000000000000
0.0121686035626674
0.0000000000000000
0.0066620427450668
0.0000000000000000
0.0029089949825968
0.0000000000000000
0.0006865203040967
0.0000000000000000
0.0003339800788431
0.0000000000000000
0.0000471973907067
