0.0000031642056447
0.0000000000000000
0.0000026683321929
0.0000000000000000
0.0000000000000000
0.0000096535812132
0.0000183694015748
0.0001240567468653
0.0000167662025430
0.0000977504180421
0.0000057981971624
0.0000709830994608
0.0003885407544253
0.0007366865392887
0.0008064366493836
0.0006174867613372
0.0004795829608870
0.0003934565221767
0.0026763327303272
0.0029080210634271
0.0051160623295156
0.0024940850859336
0.0029569844429272
0.0031058503359623
0.0077938401836020
0.0136612488766134
0.0119067330714611
0.0106575479769448
0.0071913153487784
0.0124386053105267
0.0198397727056042
0.0379730219282116
0.0198658408511261
0.0285738737450175
0.0108704016384901
0.0243551352880229
0.0550317879070416
0.0494378564933981
0.0487115456496546
0.0382245923127252
0.0147533480950615
0.0354198672048877
0.0789666863509327
0.0390823612168061
0.0800451652481272
0.0255251823147416
0.0198144544250479
0.0421118128776446
0.0329780206593861
0.0380834320337065
0.0535757307372829
0.0124189945591313
0.0236646903311908
0.0162394201493529
0.0013018779977114
0.0243297875390779
0.0119970110810823
0.0111109786663217
0.0091911111198853
0.0000000000000000
0.0000000000000000
0.0053318956425254
0.0000000000000000
0.0044963161025875
