0.0000000043206640
0.0000000000000000
0.0000000114531658
0.0000000000000000
0.0000000204068095
0.0000000000000000
0.0000001569679729
0.0000000000000000
0.0000004389721018
0.0000000000000000
0.0000008206216993
0.0000000000000000
0.0000024350339104
0.0000000000000000
0.0000066850798338
0.0000000000000000
0.0000130011632154
0.0000000000000000
0.0000259413978681
0.0000000000000000
0.0000602833794225
0.0000000000000000
0.0001159281249884
0.0000000000000000
0.0002003324901399
0.0000000000000000
0.0003809693460340
0.0000000000000000
0.0006881917740739
0.0000000000000000
0.0011063553694777
0.0000000000000000
0.0018018661587699
0.0000000000000000
0.0029684080739023
0.0000000000000000
0.0044506330757664
0.0000000000000000
0.0064808036292296
0.0000000000000000
0.0096501242561419
0.0000000000000000
0.0134271908169102
0.0000000000000000
0.0177959645328267
0.0000000000000000
0.0239167348624108
0.0000000000000000
0.0309006697072701
0.0000000000000000
0.0374162784495194
0.0000000000000000
0.0453540581090675
0.0000000000000000
0.0542657974301579
0.0000000000000000
0.0601624684578257
0.0000000000000000
0.0657500613747678
0.0000000000000000
0.0720034008919896
0.0000000000000000
0.0733175894028523
0.0000000000000000
0.0720639414247785
0.0000000000000000
0.0711886404022727
0.0000000000000000
0.0664806745470912
0.0000000000000000
0.0581353357983077
0.0000000000000000
0.0515086855914838
0.0000000000000000
0.0435114485983061
0.0000000000000000
0.0331549025940231
0.0000000000000000
0.0264983062997471
0.0000000000000000
0.0196280942638503
0.0000000000000000
0.0128548680043865
0.0000000000000000
0.0092420416320322
0.0000000000000000
0.0057812126335464
0.0000000000000000
0.0033539551893595
0.0000000000000000
0.0020602270394626
0.0000000000000000
0.0011236925492522
0.0000000000000000
0.0005859647874334
0.0000000000000000
0.0002880922604637
0.0000000000000000
0.0001669961049153
0.0000000000000000
0.0000601486774732
0.0000000000000000
0.0000274898399412
0.0000000000000000
0.0000132298080971
0.0000000000000000
0.0000060061084425
0.0000000000000000
0.0000014341815882
0.0000000000000000
0.0000005800430318
0.0000000000000000
0.0000003103116958
0.0000000000000000
0.0000000763890293
0.0000000000000000
0.0000000124899355
0.0000000000000000
0.0000000043902635
0.0000000000000000
0.0000000029090043
