0.0002523218605839
0.0000000000000000
0.0000000000000000
0.0003634784503956
0.0017061953362298
0.0000000000000000
0.0010247677987993
0.0031461824525820
0.0030740274759827
0.0016134187471639
0.0079210492468982
0.0090828425726865
0.0022014723275413
0.0137055303374563
0.0191898183794275
0.0115389419176482
0.0147860904080131
0.0385601800752215
0.0167608985721384
0.0208401550863979
0.0484378171481206
0.0397017617087207
0.0219667421950989
0.0550065801922837
0.0588081489789061
0.0221393675824623
0.0644085394161519
0.0571479209239034
0.0231053839641391
0.0531233729468736
0.0779826762964119
0.0170126897403983
0.0392470383595119
0.0689318417132641
0.0170685393127623
0.0259030960868041
0.0484282255872102
0.0143090877778679
0.0078243327674428
0.0383847745790122
0.0099717727933953
0.0004103272871144
0.0132731717609564
0.0081490358277054
0.0002855744786191
0.0000000000000000
0.0028868941301160
0.0002345207590498
0.0000000000000000
0.0000000000000000
0.0000833946405316
