0.0000000000000000
0.0000000000000000
0.0000000000000000
0.0000000000000000
0.0000000000000000
0.0000000000000000
0.0000000000000000
0.0000000000000000
0.0000000000000001
0.0000000000000003
0.0000000000000007
0.0000000000000017
0.0000000000000024
0.0000000000000052
0.0000000000000105
0.0000000000000188
0.0000000000000382
0.0000000000000596
0.0000000000001149
0.0000000000002029
0.0000000000003267
0.0000000000005451
0.0000000000008782
0.0000000000016931
0.0000000000028588
0.0000000000049462
0.0000000000085260
0.0000000000127739
0.0000000000203340
0.0000000000308685
0.0000000000466945
0.0000000000726257
0.0000000001202915
0.0000000002067101
0.0000000003251227
0.0000000005254383
0.0000000007875943
0.0000000011038999
0.0000000015791671
0.0000000022333934
0.0000000033428829
0.0000000051382174
0.0000000083245779
0.0000000129759012
0.0000000191957362
0.0000000281664157
0.0000000375368544
0.0000000492727545
0.0000000664407554
0.0000000932916492
0.0000001398512507
0.0000002109929385
0.0000003229013835
0.0000004609844960
0.0000006271622673
0.0000008182132991
0.0000009982778377
0.0000012644293579
0.0000016778585151
0.0000024191075602
0.0000035717966261
0.0000051432701748
0.0000072304926899
0.0000093273336632
0.0000113923429844
0.0000132516538470
0.0000155885488705
0.0000199457474889
0.0000269481374794
0.0000394681965767
0.0000549781623832
0.0000730318944918
0.0000923668599242
0.0001041737640903
0.0001147935436530
0.0001269821927305
0.0001549370451120
0.0002004136023509
0.0002744991490867
0.0003957879301301
0.0004951249977303
0.0005830375091267
0.0006579141777951
0.0006729351077100
0.0007037289193526
0.0007825552582565
0.0009998712254938
0.0013017622142492
0.0017435428561953
0.0023505176052327
0.0026408470086947
0.0027751460168657
0.0028249187921726
0.0027265620883433
0.0028325778229747
0.0032587478176462
0.0042716055824335
0.0054976451686845
0.0070030193186476
0.0085745109004450
0.0087265179754113
0.0083254185950167
0.0077937029200478
0.0073698432737803
0.0078381008145233
0.0093635778723925
0.0122810822239430
0.0152414751630115
0.0181414362652327
0.0199423101618833
0.0185046860457585
0.0162882898740241
0.0143662820201652
0.0138201737658325
0.0152180422028612
0.0186053215126346
0.0239068594480500
0.0278965824669843
0.0306026602111641
0.0301232860046801
0.0256017984122268
0.0210918953201054
0.0180481591519206
0.0183239417684340
0.0207226001112315
0.0252593845781585
0.0312548402156818
0.0335257203071955
0.0334214441287366
0.0294891495394704
0.0230603132434031
0.0180453151779952
0.0155130333424574
0.0171368103836308
0.0194238286982326
0.0228251631832291
0.0267424561218643
0.0258770871521845
0.0230674530624139
0.0182668201081235
0.0132235547105714
0.0100090389671574
0.0089875415167506
0.0109817939280010
0.0120678241222966
0.0131375227256168
0.0142516743671575
0.0122412214315737
0.0095890787235371
0.0068015366390765
0.0045919771530538
0.0034426314372733
0.0033485039624886
0.0045140055456498
0.0046613292805721
0.0044920223783433
0.0043440304640121
0.0032413724027041
0.0021910912736716
0.0013788457546321
0.0008725687140498
0.0006667113805604
0.0007175433191279
0.0010451590292356
0.0009957916991829
0.0008111519398231
0.0006516078381820
0.0003976365110677
0.0002232647281204
0.0001202856592059
0.0000706169281311
0.0000570183076713
0.0000670133221410
0.0001010576988140
0.0000886532269859
0.0000590374211299
0.0000345204920445
0.0000132767662787
0.0000045259613895
0.0000012635681127
0.0000004448102616
0.0000005730974056
0.0000005047383363
0.0000003373904865
0.0000001976190562
0.0000000748533036
0.0000000245685797
0.0000000057130996
0.0000000004789855
