0.0000000000011644
0.0000000000000000
0.0000000000414020
0.0000000000000000
0.0000000004003639
0.0000000000000000
0.0000000020664308
0.0000000000000000
0.0000000097074042
0.0000000000000000
0.0000000487278993
0.0000000000000000
0.0000001995469893
0.0000000000000000
0.0000006365646492
0.0000000000000000
0.0000018223415537
0.0000000000000000
0.0000050541923321
0.0000000000000000
0.0000129919320389
0.0000000000000000
0.0000305985333525
0.0000000000000000
0.0000685553129231
0.0000000000000000
0.0001465863996652
0.0000000000000000
0.0002940417606247
0.0000000000000000
0.0005607453943818
0.0000000000000000
0.0010268801469224
0.0000000000000000
0.0017790673028664
0.0000000000000000
0.0029303580723947
0.0000000000000000
0.0046696909525693
0.0000000000000000
0.0071242058264731
0.0000000000000000
0.0103315020262923
0.0000000000000000
0.0145063546024841
0.0000000000000000
0.0197547369701402
0.0000000000000000
0.0257177452388701
0.0000000000000000
0.0322803998138941
0.0000000000000000
0.0395533686982852
0.0000000000000000
0.0468133244237596
0.0000000000000000
0.0532934706471719
0.0000000000000000
0.0591517873858378
0.0000000000000000
0.0640011946345697
0.0000000000000000
0.0667937240010159
0.0000000000000000
0.0676543652107100
0.0000000000000000
0.0670512517013407
0.0000000000000000
0.0644883598061043
0.0000000000000000
0.0600230190200393
0.0000000000000000
0.0545800738956224
0.0000000000000000
0.0484217904848096
0.0000000000000000
0.0415952600998122
0.0000000000000000
0.0347754297312726
0.0000000000000000
0.0284247870307319
0.0000000000000000
0.0225543528785767
0.0000000000000000
0.0173596875269128
0.0000000000000000
0.0130481619765136
0.0000000000000000
0.0095428640928436
0.0000000000000000
0.0067555655210788
0.0000000000000000
0.0046556524508166
0.0000000000000000
0.0031248831587213
0.0000000000000000
0.0020268642193482
0.0000000000000000
0.0012739132942232
0.0000000000000000
0.0007794190882270
0.0000000000000000
0.0004600852150922
0.0000000000000000
0.0002613177288200
0.0000000000000000
0.0001440880203183
0.0000000000000000
0.0000765864870871
0.0000000000000000
0.0000387671973803
0.0000000000000000
0.0000188910491755
0.0000000000000000
0.0000088751701353
0.0000000000000000
0.0000039240689407
0.0000000000000000
0.0000016376323418
0.0000000000000000
0.0000006562473674
0.0000000000000000
0.0000002452111973
0.0000000000000000
0.0000000837178290
0.0000000000000000
0.0000000268095730
0.0000000000000000
0.0000000079049238
0.0000000000000000
0.0000000020684200
0.0000000000000000
0.0000000004933736
0.0000000000000000
0.0000000001023998
0.0000000000000000
0.0000000000167313
0.0000000000000000
0.0000000000023051
0.0000000000000000
0.0000000000002160
