0.0000238035651116
0.0000000000000000
0.0000857121315925
0.0000030419197918
0.0000942263389501
0.0002396351222650
0.0004116929252347
0.0008354811008481
0.0002899287145060
0.0009578472957452
0.0011426904501999
0.0039884655687536
0.0038540806682483
0.0026371813973173
0.0034874258711328
0.0048492411097276
0.0133171783291959
0.0161479423583639
0.0088289714069903
0.0081595236636826
0.0143968802113449
0.0291453128868836
0.0454268651164540
0.0197526301361353
0.0171229417257166
0.0277432713745732
0.0599392843684624
0.0805797268555632
0.0405617413262707
0.0181639281192955
0.0513111481839250
0.0449459280656774
0.1479024295705245
0.0333890964923876
0.0118571246358444
0.0481590210374783
0.0124580696770438
0.1020822601157383
0.0149259428174246
0.0100130786862715
0.0221831668093344
0.0024486488065475
0.0241990217080480
0.0056467453635623
0.0165778462397932
0.0057748703634204
0.0007619887948917
0.0052101376871359
0.0011975905100173
0.0112168604482765
0.0009267832630467
0.0001068684818848
0.0020124759444214
0.0000676745522815
0.0020962831823288
0.0000743969982206
0.0000000000000000
0.0002678895061170
