0.0000144093210723
0.0000000000000000
0.0000000000000000
0.0000000000000000
0.0012140084726403
0.0000000000000000
0.0000539048757356
0.0000066140063320
0.0054364893464331
0.0000000000000000
0.0045415724676733
0.0005572406697665
0.0122272981514357
0.0000247428166570
0.0203385008136441
0.0024953968879608
0.0293755552027475
0.0020846220934317
0.0456631123380586
0.0056124384342407
0.0446243604250238
0.0093352114566651
0.0982542362542770
0.0134836407033797
0.0451572221972581
0.0209310417521682
0.1141827119035114
0.0204817019317509
0.0713318267939006
0.0449708998911709
0.0498933119377835
0.0206200791944631
0.0820135815319573
0.0521214914834888
0.0080984578687991
0.0322606019185649
0.0389916515084290
0.0222062328608210
0.0023163120340394
0.0365657206594144
0.0099223122032460
0.0026611912623315
0.0036239249977950
0.0155787350779076
0.0024944891782963
0.0000000000000000
0.0041075312077108
0.0018669530274381
0.0002989391693255
0.0000000000000000
0.0017500035376081
0.0000000000000000
0.0000000000000000
0.0000000000000000
0.0002097201336454
