0.0000002665458573
0.0000000000000000
0.0000005223622727
0.0000000000000000
0.0000022007109423
0.0000000000000000
0.0000048043381354
0.0000000000000000
0.0000425080111369
0.0000000000000000
0.0000842309441123
0.0000000000000000
0.0003141987065752
0.0000000000000000
0.0006674704744306
0.0000000000000000
0.0011433769863097
0.0000000000000000
0.0023321390656440
0.0000000000000000
0.0042515238337219
0.0000000000000000
0.0067708263098935
0.0000000000000000
0.0101787704091341
0.0000000000000000
0.0161980671862819
0.0000000000000000
0.0214086955463441
0.0000000000000000
0.0279660207492786
0.0000000000000000
0.0389267096931025
0.0000000000000000
0.0455428469153457
0.0000000000000000
0.0509470785037232
0.0000000000000000
0.0619828327109319
0.0000000000000000
0.0697791574582687
0.0000000000000000
0.0675417856917033
0.0000000000000000
0.0699988136344331
0.0000000000000000
0.0758732528793236
0.0000000000000000
0.0691047470390079
0.0000000000000000
0.0603044723443767
0.0000000000000000
0.0589739876939636
0.0000000000000000
0.0537612581580848
0.0000000000000000
0.0417108417898384
0.0000000000000000
0.0344800083459458
0.0000000000000000
0.0306100907833410
0.0000000000000000
0.0230639910244009
0.0000000000000000
0.0161355322982954
0.0000000000000000
0.0127410149323036
0.0000000000000000
0.0096869766905761
0.0000000000000000
0.0061550370756492
0.0000000000000000
0.0040542396702317
0.0000000000000000
0.0029451256433157
0.0000000000000000
0.0018320415905364
0.0000000000000000
0.0010266864766547
0.0000000000000000
0.0006437687002594
0.0000000000000000
0.0003971044003838
0.0000000000000000
0.0002011881259805
0.0000000000000000
0.0001041466752236
0.0000000000000000
0.0000591396330448
0.0000000000000000
0.0000281198454232
0.0000000000000000
0.0000123885115126
0.0000000000000000
0.0000058611140469
0.0000000000000000
0.0000025836962450
0.0000000000000000
0.0000009698644154
0.0000000000000000
0.0000003760791655
0.0000000000000000
0.0000001441393100
0.0000000000000000
0.0000000403827158
0.0000000000000000
0.0000000129818589
0.0000000000000000
0.0000000039754385
0.0000000000000000
0.0000000006175943
0.0000000000000000
0.0000000000339591
