0.0000000000622059
0.0000000000189394
0.0000000002046640
0.0000000002146371
0.0000000023682725
0.0000000014235834
0.0000000090776886
0.0000000103694335
0.0000000102548472
0.0000000361643278
0.0000000709885176
0.0000001143385946
0.0000002403448774
0.0000004015937336
0.0000004381471991
0.0000008638501701
0.0000013455089031
0.0000024273380405
0.0000033918210452
0.0000062277891271
0.0000084143696795
0.0000102902650427
0.0000186755596304
0.0000243445098794
0.0000369821037053
0.0000535699715840
0.0000744228799219
0.0001015848424769
0.0001340550087683
0.0001842108328445
0.0002498104235878
0.0003279681646798
0.0004425216934773
0.0005711170383419
0.0007284433513414
0.0009457713473814
0.0011397725238411
0.0014925649159973
0.0018388157600153
0.0022343814977884
0.0028449003765901
0.0033401859148964
0.0039906037375150
0.0048227395816008
0.0055942464359580
0.0066904609345381
0.0077713824189207
0.0089014126265481
0.0104050353796790
0.0115257628952777
0.0130946133125441
0.0146673262856305
0.0163034625373002
0.0181871638133589
0.0196771347999884
0.0215927364751884
0.0231801487610578
0.0245468610663707
0.0265272775886198
0.0278974861599983
0.0291408349479835
0.0307671408216735
0.0312417600428534
0.0323514522835374
0.0329371941633482
0.0331148218419962
0.0338128622142138
0.0333280216234163
0.0330950736857349
0.0327410242333117
0.0318380184280680
0.0309559305707674
0.0297666827901217
0.0285947967733922
0.0272862135465219
0.0255724014065410
0.0240700391580596
0.0223134056869397
0.0207473647074008
0.0190804615339600
0.0172428029239905
0.0157671320939382
0.0140969639114131
0.0126388934167402
0.0111918309302019
0.0098262252050005
0.0086191800684029
0.0074932214143849
0.0064706105666817
0.0055216928874070
0.0047006674904043
0.0039621387047929
0.0033296418109789
0.0027657924373391
0.0023012595941999
0.0018743274037409
0.0015367819996093
0.0012320064819510
0.0009848452148710
0.0008050421341470
0.0006244890674161
0.0004949899916040
0.0003785794185126
0.0002948845127773
0.0002327462553149
0.0001735863462404
0.0001297116852590
0.0000960240220354
0.0000745026095303
0.0000547846080491
0.0000393813963558
0.0000275913852360
0.0000199296582081
0.0000155064248913
0.0000103209698212
0.0000070402848482
0.0000048525878237
0.0000033478210540
0.0000025347044143
0.0000015090522323
0.0000009680903474
0.0000007080059869
0.0000004448039841
0.0000003083805472
0.0000001632972618
0.0000001027056130
0.0000000806053798
0.0000000444191111
0.0000000264216049
0.0000000123748082
0.0000000084612979
0.0000000062909219
0.0000000030463012
0.0000000014797555
0.0000000006246886
0.0000000005000218
0.0000000002805920
0.0000000001240510
0.0000000000471133
0.0000000000202206
0.0000000000160236
0.0000000000054326
0.0000000000022965
0.0000000000006116
0.0000000000003676
0.0000000000000975
0.0000000000000409
0.0000000000000105
0.0000000000000018
0.0000000000000004
0.0000000000000000
