0.0000168713789126
0.0000000000000000
0.0000056545213463
0.0000000000000000
0.0000183877861985
0.0005176693503792
0.0000544555442002
0.0001734992976682
0.0000161855544802
0.0005641977093649
0.0039437574479271
0.0016708750563159
0.0013232065380245
0.0004966260029314
0.0042413419932032
0.0021216866576952
0.0125784485480523
0.0007552105924313
0.0037393556213067
0.0006966207301541
0.0121582022670540
0.0022654691813438
0.0044567207389392
0.0008239069545308
0.0041035572378569
0.0025858326573865
0.0057957035166999
0.0024351571995573
0.0058302888755075
0.0308181530039185
0.0172432974411537
0.0124157241967962
0.0168797557379489
0.0333737847814384
0.0201776549151474
0.0971893605508064
0.0184270146157650
0.0305101447752937
0.0089356793086622
0.0939085117043986
0.0171816817044109
0.0359161540984669
0.0059360919731436
0.0017132145501118
0.0168793056673976
0.0343318795202971
0.0180880384135700
0.0117191731894264
0.0050884908849620
0.0339554106939749
0.0176090363580184
0.1003878087956332
0.0071300240839215
0.0299605288010155
0.0048833718830843
0.0970141637967444
0.0137769086624729
0.0353070211895885
0.0041479584666573
0.0009438553135240
0.0129852451204492
0.0053245305241526
0.0056091964494624
0.0017888255815694
0.0004224279020246
0.0026216020625773
0.0016867385615914
0.0077602192986522
0.0005925743671074
0.0023065686655056
0.0003503292753123
0.0074996135731686
0.0010401548481420
0.0027184040076907
0.0003102868573395
0.0000686643204755
0.0009766376693994
0.0002232876608036
0.0003540043401777
0.0000748359011385
0.0000089418156370
0.0000000000000000
0.0000290776502716
0.0000000000000000
0.0000097455101336
