0.0000000071873064
0.0000000000000000
0.0000001444386191
0.0000000000000000
0.0000004528106107
0.0000000000000000
0.0000021668014533
0.0000000000000000
0.0000058158027094
0.0000000000000000
0.0000198620358647
0.0000000000000000
0.0000488031035611
0.0000000000000000
0.0001411119723092
0.0000000000000000
0.0003206808476290
0.0000000000000000
0.0007242264372171
0.0000000000000000
0.0014936411726713
0.0000000000000000
0.0027175842671545
0.0000000000000000
0.0049592261986514
0.0000000000000000
0.0078587095999359
0.0000000000000000
0.0126348633159377
0.0000000000000000
0.0181841018659854
0.0000000000000000
0.0261216706905523
0.0000000000000000
0.0345041655085255
0.0000000000000000
0.0446635570151613
0.0000000000000000
0.0547055151036943
0.0000000000000000
0.0639648517001265
0.0000000000000000
0.0729667957434261
0.0000000000000000
0.0778145409457196
0.0000000000000000
0.0819983881183114
0.0000000000000000
0.0804448527545894
0.0000000000000000
0.0780112104281614
0.0000000000000000
0.0705532549259428
0.0000000000000000
0.0625137952824373
0.0000000000000000
0.0527103024127833
0.0000000000000000
0.0419409106672949
0.0000000000000000
0.0333573950817825
0.0000000000000000
0.0240625006937267
0.0000000000000000
0.0178539204434459
0.0000000000000000
0.0119597011162239
0.0000000000000000
0.0082246407099125
0.0000000000000000
0.0050705189900587
0.0000000000000000
0.0032433816666110
0.0000000000000000
0.0018876661982103
0.0000000000000000
0.0010834904187063
0.0000000000000000
0.0006093871329588
0.0000000000000000
0.0003148576603571
0.0000000000000000
0.0001639045603235
0.0000000000000000
0.0000754666357481
0.0000000000000000
0.0000412615083103
0.0000000000000000
0.0000150407921941
0.0000000000000000
0.0000072066494365
0.0000000000000000
0.0000025621923087
0.0000000000000000
0.0000014431439210
0.0000000000000000
0.0000002685531838
0.0000000000000000
0.0000001232865103
0.0000000000000000
0.0000000331217486
0.0000000000000000
0.0000000198318411
0.0000000000000000
0.0000000002845982
0.0000000000000000
0.0000000001735384
