0.0003855356583822
0.0000164917129720
0.0000096038628365
0.0000004108158244
0.0007261624162497
0.0000310623981971
0.0000180890252070
0.0041328484159287
0.0016188085294810
0.0002699362903329
0.0000448303698873
0.0077869870819401
0.0030491632988443
0.0005084292063778
0.0129784644703726
0.0160149706749244
0.0034296020716406
0.0008973551215058
0.0243803758090916
0.0301621085637973
0.0064597305414162
0.0124128146232212
0.0488649559449705
0.0200048940487275
0.0065374278702174
0.0212428956276979
0.0918514669414793
0.0376493049054018
0.0123122417608382
0.0420782306409765
0.0490128079713957
0.0199268092044085
0.0057969209585901
0.0762725249310841
0.0919094513114953
0.0374898310545235
0.0109173304512975
0.0380406606047003
0.0243412689201476
0.0139342416013460
0.0021311762105486
0.0694255599597192
0.0454659612077148
0.0262234829004075
0.0040137455866312
0.0103337208247387
0.0105000697661262
0.0038378692558919
0.0003952541243908
0.0182496458162461
0.0196451931357998
0.0072248496254077
0.0007444672983161
0.0001687053096753
0.0026402047761394
0.0001126657574524
0.0000656103148763
0.0000028065535766
0.0049608939228426
0.0002122077086294
0.0001235780497746
0.0000052861873661
