0.0000000000076216
0.0000000000031448
0.0000000001143111
0.0000000000980156
0.0000000005983863
0.0000000010492101
0.0000000026319426
0.0000000059558994
0.0000000102192134
0.0000000287211749
0.0000000313985226
0.0000001066724927
0.0000001363132326
0.0000003001450152
0.0000005141616682
0.0000008542881636
0.0000018577742311
0.0000020715535461
0.0000055222744709
0.0000062223551725
0.0000124746953888
0.0000179963489897
0.0000278036770552
0.0000523187882391
0.0000573027970699
0.0001244702242104
0.0001317611127158
0.0002420886170502
0.0003104689243400
0.0004410851093668
0.0007289558017047
0.0007744332694676
0.0013836345700299
0.0014111093718495
0.0023534668021226
0.0027732369411039
0.0036187640334980
0.0051808986445448
0.0053390655746205
0.0082870988350122
0.0081074150562661
0.0122147426593452
0.0132224111091812
0.0160044138897994
0.0198850445432326
0.0198425986791732
0.0276380448760521
0.0255630045168646
0.0346748827664085
0.0338384206233412
0.0383925645583214
0.0419597382090658
0.0402908861366295
0.0503210299965486
0.0431142870298539
0.0525759777002494
0.0451094844186005
0.0484002860015592
0.0470451312804928
0.0428448710021891
0.0464768332765457
0.0358957572860660
0.0393108408647261
0.0294867959583295
0.0301481863054795
0.0253254090978423
0.0211421141295769
0.0194222725561917
0.0133579920289382
0.0125053003026066
0.0084643407972775
0.0078578201028016
0.0052969419767702
0.0038026884131124
0.0026893319472226
0.0016841830717550
0.0010163285883668
0.0008042475289469
0.0004302097889418
0.0002312705714621
0.0001994312872869
0.0000596403822772
0.0000432258502699
0.0000166780784513
0.0000008242817654
