0.0000000278131357
0.0000000207578855
0.0000009720555749
0.0000007953754448
0.0000044914968770
0.0000058253250941
0.0000062003732819
0.0000168916859209
0.0000289048382179
0.0000389236832034
0.0001086660276725
0.0001378115564172
0.0001718953109603
0.0003558762790350
0.0003242938999062
0.0005670407372694
0.0007102610678754
0.0008707852257913
0.0014966833367321
0.0015899796167807
0.0023122266081130
0.0027365540757063
0.0032762342854380
0.0041698213452956
0.0045850035164666
0.0062043249203182
0.0072282521185785
0.0084499700772832
0.0102110712264925
0.0109078957484961
0.0128236871171701
0.0142136923340913
0.0155312855100041
0.0184751216819184
0.0202000063167962
0.0224162041268167
0.0239211204679863
0.0253789310539608
0.0264374230218819
0.0280469417483511
0.0298596596941380
0.0307733216725094
0.0340705025218318
0.0339986861043680
0.0345288702174799
0.0350358506375745
0.0333316464101963
0.0341652372105776
0.0337395155857119
0.0333402498191946
0.0338294284078343
0.0325177040683110
0.0313583320918663
0.0292235571451840
0.0273005491274806
0.0255914840369214
0.0237732775563485
0.0231162936959079
0.0206893450893632
0.0196841360366300
0.0176267570257214
0.0153141259817704
0.0138113708323107
0.0118572588168722
0.0107923783405017
0.0092573809969633
0.0085377852157174
0.0069580771811726
0.0060730210040981
0.0051776766331596
0.0038297653718008
0.0035072445025434
0.0027820098605164
0.0023191921221863
0.0019651654168658
0.0015497821269500
0.0011615029981818
0.0009558453939348
0.0007035370533520
0.0004470461947331
0.0004236541103636
0.0002990910684398
0.0002252279427185
0.0001924751451957
0.0001135152602066
0.0000765481302923
0.0000630229397142
0.0000308286197874
0.0000182272848116
0.0000174122776300
0.0000086192067285
0.0000070662824511
0.0000047452601104
0.0000014424931915
0.0000005094073386
0.0000004333362992
0.0000002255649923
0.0000000970250080
0.0000000799269375
0.0000000372683010
0.0000000311040874
0.0000000198179689
0.0000000046534609
0.0000000007320627
0.0000000006752446
0.0000000004334272
0.0000000000702079
