0.0000002069560712
0.0000000000000000
0.0000007849255614
0.0000000000000000
0.0000042583387011
0.0000000000000000
0.0000151015283638
0.0000000000000000
0.0000325764042984
0.0000000000000000
0.0001002213102364
0.0000000000000000
0.0002229622198644
0.0000000000000000
0.0006528826569057
0.0000000000000000
0.0010510919791580
0.0000000000000000
0.0027468708420771
0.0000000000000000
0.0035677686384770
0.0000000000000000
0.0074878672840373
0.0000000000000000
0.0096367686785663
0.0000000000000000
0.0171262771245930
0.0000000000000000
0.0204950286054189
0.0000000000000000
0.0318505503306537
0.0000000000000000
0.0364966027127766
0.0000000000000000
0.0475839312091958
0.0000000000000000
0.0549937854240438
0.0000000000000000
0.0647379598010085
0.0000000000000000
0.0683634333346654
0.0000000000000000
0.0719159146262993
0.0000000000000000
0.0768415635994602
0.0000000000000000
0.0730092923279126
0.0000000000000000
0.0706497224774620
0.0000000000000000
0.0637978221161223
0.0000000000000000
0.0597519711154530
0.0000000000000000
0.0491251994510550
0.0000000000000000
0.0424230380834605
0.0000000000000000
0.0338981725238382
0.0000000000000000
0.0268755946377761
0.0000000000000000
0.0200689093696274
0.0000000000000000
0.0149291751585906
0.0000000000000000
0.0105999202467311
0.0000000000000000
0.0070422029489259
0.0000000000000000
0.0048151497014407
0.0000000000000000
0.0029803584517887
0.0000000000000000
0.0018406875757845
0.0000000000000000
0.0010450386179837
0.0000000000000000
0.0006133077572831
0.0000000000000000
0.0003113002800308
0.0000000000000000
0.0001597762956396
0.0000000000000000
0.0000803160618035
0.0000000000000000
0.0000335679701834
0.0000000000000000
0.0000150347895475
0.0000000000000000
0.0000064202112569
0.0000000000000000
0.0000023686501956
0.0000000000000000
0.0000008053374174
0.0000000000000000
0.0000003038214117
0.0000000000000000
0.0000001010980038
0.0000000000000000
0.0000000246848481
0.0000000000000000
0.0000000073445014
0.0000000000000000
0.0000000019527736
0.0000000000000000
0.0000000003367162
0.0000000000000000
0.0000000000659358
0.0000000000000000
0.0000000000080627
