0.0000001192036470
0.0000000000000000
0.0000002466941377
0.0000004668250060
0.0000007471608222
0.0000009661029276
0.0000045634555601
0.0000029260292297
0.0000073428007031
0.0000170494458406
0.0000212004539965
0.0000270548227987
0.0000476486597762
0.0000869646782414
0.0000454520094885
0.0001756166289761
0.0001272464865526
0.0001878017836517
0.0002343433570438
0.0005711992265403
0.0004584463786139
0.0009185379046126
0.0014700865536129
0.0023153549333827
0.0023797339333107
0.0039263245570693
0.0063041243907283
0.0040536365453774
0.0122274417416618
0.0071010397760789
0.0105119059146129
0.0124661134221329
0.0172796258536671
0.0183247673068148
0.0277872112318434
0.0134067699113803
0.0539516966875949
0.0244888871479066
0.0235640339589583
0.0283536587126646
0.0452709144299003
0.0210566828574735
0.0094335315676408
0.0410130679928144
0.0162849489969785
0.0202948242145322
0.0290728938271188
0.0338868773409875
0.0352094005900971
0.0521709745193276
0.0278220502311960
0.0972571999808023
0.0401191202549738
0.0376871854374768
0.0442392173850497
0.0701675773180123
0.0175677803545541
0.0039256982894740
0.0346055577407460
0.0061970931038859
0.0028299469463725
0.0120665337402762
0.0049901554792062
0.0041705870581617
0.0054250971166752
0.0086311065489174
0.0018750902546731
0.0000000000000000
0.0038805337357119
