0.0000041541525691
0.0000000000000000
0.0000000000000000
0.0000000000000000
0.0001124641822305
0.0000000000000000
0.0003090432281433
0.0000000000000000
0.0005935807665206
0.0000000000000000
0.0083666387665727
0.0000000000000000
0.0010161371043517
0.0000000000000000
0.0441587335075680
0.0000000000000000
0.0162805037500014
0.0000000000000000
0.0338417333433840
0.0000000000000000
0.0812254927777580
0.0000000000000000
0.0808131635560578
0.0000000000000000
0.0619227172458592
0.0000000000000000
0.0767094877724450
0.0000000000000000
0.1355916147628351
0.0000000000000000
0.0682018116997053
0.0000000000000000
0.0752317456380984
0.0000000000000000
0.0799530741411201
0.0000000000000000
0.0751946673972650
0.0000000000000000
0.0405586359502423
0.0000000000000000
0.0371429367091934
0.0000000000000000
0.0365721737636238
0.0000000000000000
0.0142126734475561
0.0000000000000000
0.0159775215726409
0.0000000000000000
0.0067573311176245
0.0000000000000000
0.0060115317770687
0.0000000000000000
0.0003624691759763
0.0000000000000000
0.0026807674940810
0.0000000000000000
0.0001363787843867
0.0000000000000000
0.0000000000000000
0.0000000000000000
0.0000608164151208
