0.0000000006556555
0.0000000138566004
0.0000000970729149
0.0000002698445114
0.0000004467017699
0.0000008931465609
0.0000021652429907
0.0000039673174879
0.0000058693374946
0.0000098617207078
0.0000172988522928
0.0000254268791681
0.0000355810385374
0.0000542517837614
0.0000825239317669
0.0001177461537752
0.0001648320920009
0.0002369560854222
0.0003344900799668
0.0004463716868815
0.0005905615281526
0.0007885204091237
0.0010208299922861
0.0012970556401589
0.0016729382814263
0.0021213886071550
0.0026043904495283
0.0032279171630699
0.0039790025934196
0.0047552900155774
0.0056727248648043
0.0067911483190972
0.0079383986626727
0.0091681137668933
0.0106641242661675
0.0121846974583194
0.0137194544752818
0.0155251742395075
0.0173565645572284
0.0190521776748217
0.0209520005898109
0.0229041628130925
0.0244825237086302
0.0261622565038590
0.0280633854394760
0.0294998923640584
0.0306571753748613
0.0320659876128673
0.0331216206034478
0.0335133716928351
0.0340031278344683
0.0345336935814821
0.0343972952953767
0.0339383703699029
0.0336879721711625
0.0330582896538659
0.0318179008089091
0.0306574139444694
0.0296024699077435
0.0280525254923090
0.0262525338297513
0.0247717467729978
0.0231958126366163
0.0212017520390891
0.0193995364717839
0.0179173927918941
0.0161889221466852
0.0143513022854510
0.0128947623255773
0.0115580941973678
0.0100313712829186
0.0086927422872614
0.0076778152829640
0.0066426369139006
0.0055940041777133
0.0047693711866774
0.0040957003505873
0.0033996387121354
0.0027807229461916
0.0023305743956380
0.0019382524369341
0.0015579933715196
0.0012545168630421
0.0010295736362277
0.0008237047204332
0.0006376989657779
0.0005037969700183
0.0004015091698309
0.0003085115080820
0.0002353206611706
0.0001834737761748
0.0001408815386193
0.0001044865478024
0.0000782037146547
0.0000589638034113
0.0000431992087701
0.0000316267284240
0.0000232479487056
0.0000168476362026
0.0000121278881903
0.0000087097834613
0.0000061324691610
0.0000042733657920
0.0000030376215510
0.0000020959994747
0.0000014181793216
0.0000009885664760
0.0000006804581847
0.0000004497389653
0.0000002985696989
0.0000002033999953
0.0000001322037166
0.0000000848668558
0.0000000559090302
0.0000000358963486
0.0000000228405849
0.0000000144921173
0.0000000090654798
0.0000000055736792
0.0000000034998461
0.0000000021223176
0.0000000012294324
0.0000000007605333
0.0000000004573882
0.0000000002559725
0.0000000001460377
0.0000000000876506
0.0000000000492559
0.0000000000258114
0.0000000000144514
0.0000000000079149
0.0000000000042344
0.0000000000021055
0.0000000000010052
0.0000000000005516
0.0000000000002696
0.0000000000001103
0.0000000000000489
0.0000000000000257
0.0000000000000106
0.0000000000000032
0.0000000000000015
0.0000000000000006
0.0000000000000002
0.0000000000000001
0.0000000000000000
0.0000000000000000
0.0000000000000000
