0.0000132363655047
0.0000000000000000
0.0001203829986395
0.0000639573799956
0.0002797780188950
0.0005850667930431
0.0002605666016390
0.0013826384215291
0.0012628655469012
0.0008949004975816
0.0029281193422339
0.0021275605150012
0.0018707179477941
0.0046560024939915
0.0029291226786048
0.0039179068237644
0.0062386861668380
0.0055278498168940
0.0087132847260694
0.0074794053740073
0.0149795958438504
0.0145707780959633
0.0118681668645275
0.0282552742355713
0.0215315011950142
0.0197326335475605
0.0421439564009685
0.0281148525364641
0.0280126011921409
0.0519962286899158
0.0293211069329393
0.0339287971928863
0.0478896379175866
0.0275584325973366
0.0329716311855060
0.0378530701890279
0.0252464414142112
0.0275971364438910
0.0317008475381715
0.0232351353886955
0.0236435697010251
0.0275058981748598
0.0220785115946104
0.0218302029631823
0.0224954198983919
0.0221770011213612
0.0194929280795593
0.0183794357554499
0.0218223986844930
0.0154844373150055
0.0159124447653959
0.0177319511681134
0.0118720603708712
0.0126575613913663
0.0127926286500282
0.0090990412449411
0.0089265360836880
0.0098444481562149
0.0065444515258226
0.0064182557800745
0.0076329418520233
0.0044626738563799
0.0048730965431315
0.0051561787728203
0.0030268926214563
0.0034295089633150
0.0030759527537186
0.0019712265061870
0.0020841218499051
0.0017798190342737
0.0011289645485660
0.0011601200764095
0.0009292544654028
0.0005882620495500
0.0006005606500070
0.0004216405065035
0.0002908810809778
0.0002713864390048
0.0001838691561935
0.0001251264096176
0.0001104782553059
0.0000698323500979
0.0000480084609531
0.0000404058181399
0.0000220629573179
0.0000169603202641
0.0000118032053527
0.0000068770759460
0.0000047139795971
0.0000029018308555
0.0000018117987009
0.0000010698068537
0.0000006688879967
0.0000003630061559
0.0000002290246863
0.0000001317774691
0.0000000648510709
0.0000000396630841
0.0000000236103133
0.0000000080041495
0.0000000068300469
0.0000000022064833
0.0000000009779534
0.0000000006217997
0.0000000000998676
0.0000000000827235
0.0000000000193456
0.0000000000036963
0.0000000000026021
0.0000000000000000
0.0000000000001169
