0.0000375841570490
0.0000000000000000
0.0001633058747744
0.0000000000000000
0.0003113447703067
0.0000000000000000
0.0007440098194792
0.0000000000000000
0.0024349768614544
0.0000000000000000
0.0058433334815398
0.0000000000000000
0.0105667437126705
0.0000000000000000
0.0217761666163127
0.0000000000000000
0.0401039277169705
0.0000000000000000
0.0543335044416326
0.0000000000000000
0.0868953799981689
0.0000000000000000
0.1188790878143071
0.0000000000000000
0.1023925047725466
0.0000000000000000
0.1217744764154232
0.0000000000000000
0.1419674258615915
0.0000000000000000
0.0880183462288322
0.0000000000000000
0.0646699408811513
0.0000000000000000
0.0641155126052455
0.0000000000000000
0.0382201819431307
0.0000000000000000
0.0158640189563347
0.0000000000000000
0.0095682902370150
0.0000000000000000
0.0075107071426303
0.0000000000000000
0.0028233727755964
0.0000000000000000
0.0007382478348274
0.0000000000000000
0.0002476090810095
