0.0000372118279621
0.0000268577961439
0.0006549751841529
0.0005133784203127
0.0005434368235202
0.0010857254023802
0.0006514442912424
0.0006455177342559
0.0004460518892744
0.0001698604733987
0.0015756715055311
0.0011504707289804
0.0108006453419388
0.0094080687865230
0.0092478149791501
0.0175391093440044
0.0105315888617590
0.0100675120399969
0.0069277165025374
0.0026084855003627
0.0171266034797206
0.0125635793321403
0.0422867627680145
0.0475680695013078
0.0394697909480774
0.0645156399586239
0.0388320111488182
0.0328424162389779
0.0222514306316515
0.0080197490884267
0.0475947791623965
0.0349656085679812
0.0516167031421700
0.0842071192089557
0.0561251816426089
0.0686330354761817
0.0415507234819563
0.0240762405477064
0.0152940187371261
0.0044476262555332
0.0239357456686753
0.0175902988752182
0.0184657575032959
0.0368924981300537
0.0221358063869610
0.0219344244426305
0.0133506088067753
0.0044682646599822
0.0023995493285557
0.0002084134460502
