0.0000086522001533
0.0000000000000000
0.0000000000000000
0.0000736627335439
0.0000865846559292
0.0000034067472041
0.0001725034913495
0.0007872109142366
0.0001475448091851
0.0005113024551056
0.0021523989629356
0.0015780119307920
0.0011726163729518
0.0058201098103822
0.0068155393252326
0.0019259999193937
0.0119848918860663
0.0168637375133050
0.0089490571213228
0.0115047864102961
0.0398645153964431
0.0194876844854498
0.0171018559330007
0.0578953517099248
0.0414962521806452
0.0335312970193103
0.0398918587588266
0.0725303940260873
0.0308937399062342
0.0811197177943857
0.0380434431398722
0.0143828708258883
0.1049785451413324
0.0695605832894259
0.0261287893365035
0.0204704028471102
0.1045894864058466
0.0309046203485875
0.0259731308698835
0.0113696403890839
0.0035263276909554
0.0410261348410490
0.0000661022517917
0.0000288771661181
0.0044645106250344
0.0001044801665912
0.0000000000000000
0.0000000000000000
0.0000113701952329
