0.0000000000008219
0.0000000000019297
0.0000000000026265
0.0000000000041087
0.0000000000034495
0.0000000000338043
0.0000000000847671
0.0000000007507764
0.0000000016651058
0.0000000021994841
0.0000000033960099
0.0000000033567916
0.0000000270746296
0.0000000666077134
0.0000001090030184
0.0000001776309651
0.0000001907640276
0.0000002636026487
0.0000006095781428
0.0000014703987631
0.0000026937965907
0.0000040813884801
0.0000053045357426
0.0000062917399151
0.0000086415543936
0.0000162981670469
0.0000296760738546
0.0000458123429852
0.0000667619892249
0.0000786020260334
0.0000989586134110
0.0001307687812837
0.0001871299842937
0.0002983447173696
0.0004209011317197
0.0005747849324432
0.0006870366268897
0.0008280145086641
0.0010004000404934
0.0012394508335377
0.0017306278976117
0.0023051147514507
0.0029688498576971
0.0036495159191788
0.0040560580786684
0.0044810347015228
0.0053229354495612
0.0063624408897940
0.0080262422618944
0.0101257448793784
0.0118663133076904
0.0132243930910027
0.0145291093081345
0.0140595466111106
0.0153010678002069
0.0183968834183768
0.0210553180233668
0.0265446197617597
0.0290189475328327
0.0296570821393051
0.0304080059655493
0.0296969699027619
0.0265409391371894
0.0289080903614369
0.0335098668276834
0.0365564426074683
0.0444220727270507
0.0423426109860744
0.0382125271728513
0.0371166482647786
0.0319716165137968
0.0278080811539359
0.0298958369603315
0.0309953002659118
0.0323183159921106
0.0357687090298692
0.0302152826584249
0.0251807392777873
0.0229010041865633
0.0176750295384942
0.0155142699604664
0.0157174441857942
0.0138019514344907
0.0137042092777825
0.0127467516832603
0.0095324718924997
0.0078640295003877
0.0062869258984642
0.0045817980801047
0.0041102713653505
0.0035342941492701
0.0026906184372343
0.0025073865800538
0.0018886547565112
0.0012595479472336
0.0010242365806587
0.0006760144456607
0.0004684772400819
0.0004194123303474
0.0002763896097227
0.0001815387726293
0.0001521210784490
0.0000852301896769
0.0000518456836464
0.0000348120619356
0.0000156210288979
0.0000077006223819
0.0000044258483682
0.0000019221706999
0.0000004398580042
0.0000002437206492
0.0000001284547165
