0.0000926292104508
0.0000000000000000
0.0000560552977984
0.0003114875438696
0.0000000000000000
0.0013536684334639
0.0003555337791244
0.0009249030811813
0.0041333103203288
0.0006315448713055
0.0054389172467930
0.0047739005109428
0.0057552324138072
0.0113808515708610
0.0086418368874892
0.0157780713247860
0.0139230086613387
0.0262000362707431
0.0173620059266020
0.0273678504066656
0.0409176227450513
0.0244440958768897
0.0525631915792646
0.0383019726354694
0.0535383044698672
0.0506339817676270
0.0539088908711101
0.0577015861134554
0.0372168898618243
0.0917433730729312
0.0301396858104233
0.0503118824453274
0.0855135101360772
0.0146383348802921
0.0486493935719439
0.0430467626629276
0.0086784235261282
0.0235726361860352
0.0194833455475209
0.0044280002265156
0.0099416596577746
0.0075948493992624
0.0021978674847621
0.0033283945924933
0.0011794185142124
0.0009054942303258
0.0000000000000000
0.0004975007168805
0.0002754169306760
0.0000000000000000
0.0001666707293804
