0.0000000000001121
0.0000000000000000
0.0000000000013427
0.0000000000140680
0.0000000000087390
0.0000000001685702
0.0000000001816166
0.0000000010978480
0.0000000018200164
0.0000000060426779
0.0000000113164317
0.0000000268665247
0.0000000578005678
0.0000000984817940
0.0000002303046934
0.0000003350052053
0.0000007274748241
0.0000010144930820
0.0000019847265777
0.0000027088768807
0.0000045911373669
0.0000066867361781
0.0000092944328929
0.0000145298442578
0.0000183155838466
0.0000276857473741
0.0000351341086938
0.0000497202723487
0.0000634231840930
0.0000861913577094
0.0001096245528877
0.0001424382265706
0.0001834920381319
0.0002255895223279
0.0002952048568725
0.0003494285095868
0.0004527568449101
0.0005337088797405
0.0006684263487020
0.0007946092663743
0.0009596061467323
0.0011462236264956
0.0013419543750345
0.0015960668206618
0.0018336423816249
0.0021546851638344
0.0024380931421402
0.0028413766380301
0.0031689464673643
0.0036412007935095
0.0040554704760889
0.0045549797370425
0.0050756619342818
0.0056244940268578
0.0062216012283755
0.0068552077909112
0.0075409907531341
0.0082552018693938
0.0090625623731603
0.0098531857842356
0.0108049107354809
0.0116531845869641
0.0127601004610615
0.0136575799192191
0.0149030575072273
0.0158286045273408
0.0172129449057058
0.0181487362944581
0.0195364142224028
0.0206149936644712
0.0217384764880922
0.0230241105475725
0.0238001790102694
0.0251531625894627
0.0256241766061264
0.0268831438707674
0.0271095334370707
0.0280770334665402
0.0281964073519453
0.0286341248570799
0.0287397481183424
0.0286090284970805
0.0285101978069678
0.0280168588780306
0.0275998854460214
0.0267048321649562
0.0261874178615931
0.0248467512285601
0.0241520817697910
0.0226989651665153
0.0216171201939025
0.0202273861726716
0.0189130420775382
0.0174868811279316
0.0161777686202901
0.0147329501356981
0.0134465403659551
0.0121867881828588
0.0108610970106700
0.0098965120759878
0.0085926219897058
0.0078462179743587
0.0067415948048742
0.0060449439504520
0.0052941352420151
0.0046019164867144
0.0041034881526561
0.0035595839181167
0.0031361497008798
0.0027692734631132
0.0024426937857587
0.0021393288095550
0.0019417843479536
0.0016826676534588
0.0015319776970977
0.0013529790723871
0.0012065433628335
0.0010777374617719
0.0009578020928255
0.0008437133247480
0.0007491233957683
0.0006555878325894
0.0005684825436888
0.0005009950135778
0.0004194495809305
0.0003698576146925
0.0003025809796844
0.0002593396513190
0.0002142690732149
0.0001737598804670
0.0001448764505382
0.0001146355672746
0.0000913785324565
0.0000731134924529
0.0000559328334118
0.0000429586451438
0.0000340123405484
0.0000240084885889
0.0000191700195794
0.0000136352905289
0.0000098397594216
0.0000073912021445
0.0000050716896119
0.0000035869486280
0.0000026001693461
0.0000016972232612
0.0000012196293393
0.0000008122941164
0.0000005350789743
0.0000003702501593
0.0000002246637018
0.0000001545945975
0.0000000956445860
0.0000000559160705
0.0000000396332345
0.0000000207817482
0.0000000123751135
0.0000000086609205
0.0000000030851122
0.0000000025429416
0.0000000009955616
0.0000000003731836
0.0000000002874947
0.0000000000239287
0.0000000000428752
0.0000000000004889
0.0000000000027770
0.0000000000000000
0.0000000000000570
