0.0000000218182421
0.0000000000000000
0.0000001253566832
0.0000002413476583
0.0000002236897551
0.0000013954966994
0.0000019734756181
0.0000025449205554
0.0000073477150043
0.0000141224040012
0.0000140041401630
0.0000357419658021
0.0000604741377746
0.0000698890120664
0.0001264653666502
0.0002266772472356
0.0002503970769065
0.0003639098699194
0.0006794207428320
0.0007165639376205
0.0009766357936095
0.0014874281975575
0.0018417816181356
0.0021631963155508
0.0030890779501544
0.0036803375136589
0.0044742279945508
0.0055932624346102
0.0067010924097873
0.0078674794645766
0.0095139268146745
0.0107410707474617
0.0126055100565266
0.0146601715334936
0.0157114780734132
0.0183889929781664
0.0205797498234603
0.0216418805697450
0.0243565248065995
0.0266493537051349
0.0273393773009830
0.0301645244538168
0.0311609110096185
0.0326337393007397
0.0343021318226743
0.0346140059877446
0.0357169342211360
0.0364220929008290
0.0356404238747585
0.0361771622641369
0.0356527207438787
0.0346681236852544
0.0340882669768287
0.0327083451193706
0.0317261938571679
0.0294706771817164
0.0281219995916711
0.0264649649295084
0.0239818642141179
0.0224705904570326
0.0207173611139076
0.0181271489813535
0.0170242120516998
0.0145505157329166
0.0128632127626157
0.0117164635160493
0.0095075321841080
0.0085155643776551
0.0074578008219521
0.0057797244899144
0.0051971482856011
0.0042750026933872
0.0031833845584934
0.0029236427912633
0.0021621101803556
0.0017140374751551
0.0014449795104558
0.0010228195924842
0.0007968558407763
0.0006559355027345
0.0004100287489909
0.0003446645742841
0.0002518210911559
0.0001647101387338
0.0001279965122421
0.0000833510765922
0.0000566041579688
0.0000367828125627
0.0000277656226863
0.0000150160040540
0.0000113688612430
0.0000059250941368
0.0000040442707971
0.0000022854874403
0.0000014605087679
0.0000000611902573
0.0000008457338589
0.0000000235272919
0.0000000148223718
0.0000000000000000
0.0000000088866458
