0.0000000000090015
0.0000000000157201
0.0000000012967798
0.0000000022783637
0.0000000018875578
0.0000000052215959
0.0000000212763885
0.0000000333105912
0.0000005427129117
0.0000009667971141
0.0000008485988735
0.0000021993581893
0.0000072336692974
0.0000110829582479
0.0000159095100164
0.0000330250052321
0.0000465518187973
0.0000689980030308
0.0001312030921099
0.0002062791685339
0.0002475800206130
0.0003999235222269
0.0006066693932955
0.0007820713148695
0.0009906930376480
0.0014331198153939
0.0020027938742334
0.0023812867570404
0.0030657297246472
0.0040527552680983
0.0051610674731976
0.0060410751743485
0.0073565504202127
0.0093529313826286
0.0108735672563379
0.0123147045475761
0.0147144425200851
0.0172136322888539
0.0191848856422386
0.0212734211003201
0.0243472511121623
0.0268067879103232
0.0284473592276815
0.0314837803056522
0.0329286912697054
0.0352177361925450
0.0365214902225502
0.0379301194178103
0.0390777083912496
0.0390519741609172
0.0404048295279173
0.0386593766419790
0.0396095881174675
0.0379232332054769
0.0366849003631800
0.0356905140018704
0.0330804262003167
0.0320854810515560
0.0287051270991530
0.0278160586418054
0.0243359277027768
0.0224264797772395
0.0204685185453653
0.0173979383344433
0.0160442559619006
0.0132877238326222
0.0119268839073368
0.0097586861863853
0.0085599772635100
0.0070199061791406
0.0054557580352349
0.0049343496327876
0.0035977442546140
0.0029252196533211
0.0023490223967301
0.0018752727712226
0.0013822181253513
0.0009952082367897
0.0008938770926105
0.0005407374591590
0.0003865442957823
0.0003234295868766
0.0001943354719576
0.0001544573583381
0.0001080159568248
0.0000865350166572
0.0000488692295040
0.0000307195662525
0.0000290163699314
0.0000084180982428
0.0000049337859147
0.0000021452551043
0.0000003805224285
0.0000002175245106
0.0000000370295944
