0.0000000019165903
0.0000000211751788
0.0000000849875894
0.0000002158360086
0.0000004623752441
0.0000008206566375
0.0000012126547400
0.0000016896692485
0.0000022248105088
0.0000027128654859
0.0000033893729659
0.0000046962913137
0.0000069582635512
0.0000104614806786
0.0000161183860248
0.0000233971493808
0.0000303959466573
0.0000382887725658
0.0000466087625036
0.0000535018842205
0.0000632744229459
0.0000805897039893
0.0001062288912184
0.0001419434183301
0.0001947314646517
0.0002565287164101
0.0003091367149798
0.0003634811118157
0.0004162197840967
0.0004536839386680
0.0005112952440895
0.0006144890832835
0.0007566181483738
0.0009465837854267
0.0012126312454627
0.0015005765441611
0.0017185383845863
0.0019215762300485
0.0020970169925785
0.0021897496321958
0.0023645100483281
0.0027037502375698
0.0031521394495022
0.0037494992196729
0.0045590897728620
0.0053736540282523
0.0059176821236483
0.0063601721654057
0.0066746917271045
0.0067284564740330
0.0069990183095218
0.0076578457685203
0.0085121692718591
0.0096886728770622
0.0112568010922915
0.0127137180211104
0.0135386424103165
0.0140691743163119
0.0142811111358149
0.0139805387981584
0.0140766074319512
0.0148096703636567
0.0157804885726213
0.0172500875626595
0.0192135137182490
0.0208503544468321
0.0215217817881259
0.0216874318123554
0.0213645581283731
0.0203950424299646
0.0199501217207645
0.0202648193701964
0.0207964904747004
0.0218900296018700
0.0234182495874208
0.0244507377585237
0.0244783252248687
0.0239441379447201
0.0229298335201346
0.0213984265776139
0.0203849649119756
0.0200537024362047
0.0198979963982778
0.0202069788354420
0.0207887638457984
0.0208978825103632
0.0202814417180548
0.0192542832904988
0.0179333375351909
0.0163783556578403
0.0152147380491120
0.0145255600566442
0.0139767953491890
0.0137118253946556
0.0135745941986200
0.0131418638114245
0.0123475438009674
0.0113647212270872
0.0102914928215606
0.0091972585980194
0.0083334261023435
0.0077297470382237
0.0072265224231069
0.0068522422753695
0.0065279984000356
0.0060850604383375
0.0055230442142899
0.0049193293851585
0.0043268300359442
0.0037786115593789
0.0033369255149988
0.0030080927026867
0.0027342723115884
0.0025047938576608
0.0022945470586316
0.0020571819384329
0.0017980012302569
0.0015455751387658
0.0013180813240127
0.0011217183035504
0.0009637952379778
0.0008440047730538
0.0007453044932515
0.0006585668785970
0.0005790340123581
0.0004980488326838
0.0004172085242327
0.0003447818105803
0.0002842840032213
0.0002346563826661
0.0001955871739941
0.0001661992595770
0.0001421854622153
0.0001208166342925
0.0001016222501046
0.0000834265733516
0.0000665098570204
0.0000525431742406
0.0000416765030174
0.0000331088034436
0.0000266487125903
0.0000219298654843
0.0000180743844606
0.0000146944392245
0.0000117610716630
0.0000091226745122
0.0000068466723492
0.0000051265515975
0.0000038712799184
0.0000029208475631
0.0000022541759504
0.0000017895026624
0.0000014067872294
0.0000010857545505
0.0000008194292844
0.0000005888638839
0.0000004090827974
0.0000002863275047
0.0000002006583442
0.0000001402578061
0.0000001026018774
0.0000000776873858
0.0000000573221727
0.0000000414945328
0.0000000289374531
0.0000000185754236
0.0000000116756726
0.0000000074362727
0.0000000044879167
0.0000000027552731
0.0000000018707112
0.0000000012816800
0.0000000008738833
0.0000000005807598
0.0000000003415374
0.0000000001914573
0.0000000001100980
0.0000000000552408
0.0000000000239782
0.0000000000107904
0.0000000000053636
0.0000000000028143
0.0000000000011392
0.0000000000002493
0.0000000000000208
