0.0000000000000163
0.0000000000001584
0.0000000000007966
0.0000000000030826
0.0000000000106448
0.0000000000351226
0.0000000001110554
0.0000000003394565
0.0000000009127182
0.0000000020195458
0.0000000038051684
0.0000000060152153
0.0000000083912510
0.0000000134886786
0.0000000252285231
0.0000000436066717
0.0000000623756838
0.0000000786825339
0.0000001152516126
0.0000002012836450
0.0000003341824460
0.0000004662168175
0.0000005717232640
0.0000007982364684
0.0000013356197657
0.0000021579205197
0.0000029218655731
0.0000033686089294
0.0000042427650666
0.0000065574749904
0.0000100933991508
0.0000131583015284
0.0000148909043164
0.0000184423368754
0.0000273486616991
0.0000409858117932
0.0000532126315765
0.0000593052935405
0.0000692692820341
0.0000966492886897
0.0001395105868358
0.0001757001538387
0.0001915152918930
0.0002173870866372
0.0002875558457109
0.0003989762313800
0.0004978737186182
0.0005441884651005
0.0006035651875221
0.0007606695611147
0.0010253432160858
0.0012679449978926
0.0013690232276893
0.0014598104676774
0.0017366610298099
0.0022371012695168
0.0026932068513720
0.0029018971131204
0.0030949022730605
0.0035417091333322
0.0044337349886140
0.0054210541740155
0.0058880170487549
0.0059809578907678
0.0064124153785448
0.0076667156670545
0.0089308119161004
0.0095006185362822
0.0098269649592971
0.0103302602605365
0.0119901505656713
0.0145231331186670
0.0159767368311900
0.0155740378276792
0.0150081992831228
0.0165586915163025
0.0186783619999834
0.0196035065178199
0.0197862316320330
0.0194338522486044
0.0210284644881890
0.0251881136510744
0.0280395351903418
0.0263274127775386
0.0227269385140484
0.0228874432854863
0.0249450699235407
0.0257571234159007
0.0254696131101092
0.0238647957666731
0.0244240111814309
0.0287786717195154
0.0321205176341720
0.0290896365649452
0.0225035122633083
0.0204087321565110
0.0213758115643592
0.0216060415644011
0.0209671147878100
0.0191666794320883
0.0189677438355797
0.0217988748989633
0.0239653075821865
0.0209066186608555
0.0145858010818088
0.0117725281986955
0.0117528640234393
0.0115436839468440
0.0109856773606930
0.0100194370449109
0.0098409290398524
0.0109102477118933
0.0115128610627934
0.0096178998913123
0.0061145569491679
0.0043615468762716
0.0041088534453255
0.0038831709578201
0.0036120983349498
0.0033624883798917
0.0033669345944452
0.0035567536391220
0.0034787438215562
0.0027443409885670
0.0016075786419752
0.0010137115266675
0.0008920459458691
0.0008014851283880
0.0007244491464915
0.0007048514972600
0.0007374479791007
0.0007337330387650
0.0006353431669251
0.0004595487753055
0.0002499162082898
0.0001406707160591
0.0001148419031722
0.0000969619710359
0.0000845283625675
0.0000879197148020
0.0000977956068656
0.0000910235930498
0.0000660533769585
0.0000412289255811
0.0000207122410696
0.0000105983812617
0.0000080297152318
0.0000063407797946
0.0000053050079711
0.0000059726354447
0.0000070833531623
0.0000061905176002
0.0000035959671404
0.0000017198412589
0.0000007619228164
0.0000003591744554
0.0000002524761996
0.0000001875036072
0.0000001510714033
0.0000001825856784
0.0000002277597789
0.0000001898740218
0.0000000882750954
0.0000000263764179
0.0000000083023609
0.0000000034223663
0.0000000020698750
0.0000000014393595
0.0000000011369960
0.0000000014117240
0.0000000017926138
0.0000000014700913
0.0000000006221077
0.0000000001308734
0.0000000000227630
0.0000000000060709
0.0000000000010919
0.0000000000000841
0.0000000000000022
