0.0000522422970208
0.0000000000000000
0.0000832109058743
0.0000000000000000
0.0003130117910290
0.0000000000000000
0.0005080981059532
0.0000000000000000
0.0017369946413416
0.0000000000000000
0.0026992080289531
0.0000000000000000
0.0072769457544716
0.0000000000000000
0.0112220854388386
0.0000000000000000
0.0197120369692930
0.0000000000000000
0.0291456961152294
0.0000000000000000
0.0490518849659419
0.0000000000000000
0.0673423236407629
0.0000000000000000
0.0861121847733070
0.0000000000000000
0.1124981558763516
0.0000000000000000
0.1029848946623320
0.0000000000000000
0.1045691519644573
0.0000000000000000
0.1147794105676136
0.0000000000000000
0.0907574005240547
0.0000000000000000
0.0560115640286704
0.0000000000000000
0.0477940535019507
0.0000000000000000
0.0467031253432606
0.0000000000000000
0.0252815286475316
0.0000000000000000
0.0094853765045487
0.0000000000000000
0.0063438261138576
0.0000000000000000
0.0047345204916611
0.0000000000000000
0.0021243511952792
0.0000000000000000
0.0004840279653540
0.0000000000000000
0.0001926891850602
