0.0000000000095090
0.0000000000785622
0.0000000007424548
0.0000000044140128
0.0000000168587228
0.0000000493516200
0.0000001188694407
0.0000002431362070
0.0000004446985381
0.0000007693466345
0.0000012830278170
0.0000020282458418
0.0000030248645512
0.0000043128597053
0.0000059995090684
0.0000083210128954
0.0000115972451159
0.0000161008937119
0.0000222221965010
0.0000307580877554
0.0000425761548379
0.0000581054543928
0.0000774433813795
0.0001006654959159
0.0001284560990809
0.0001626348106568
0.0002049779550154
0.0002564445682412
0.0003195191371280
0.0003994074967943
0.0005007084187584
0.0006251690005363
0.0007717631580541
0.0009380079161088
0.0011251349222954
0.0013391509609634
0.0015825072323539
0.0018545162403863
0.0021638123862835
0.0025276578171292
0.0029591323125937
0.0034605727814293
0.0040189843843392
0.0046144410871295
0.0052437063136254
0.0059149788878167
0.0066232519626550
0.0073639895863330
0.0081588685735930
0.0090413343406193
0.0100321047788298
0.0111197846560550
0.0122474110958094
0.0133539219926104
0.0144284898655915
0.0154820946203295
0.0165098836012008
0.0175216005765405
0.0185557152582130
0.0196483590789242
0.0208080935690662
0.0219797710659335
0.0230457669790148
0.0239233178592452
0.0246218279838132
0.0251851030580546
0.0256515464079578
0.0260654873900973
0.0264630456576402
0.0268525042765717
0.0272017763607552
0.0274178578039484
0.0273893069741219
0.0270870724908653
0.0265775023411547
0.0259527880676864
0.0252893057460391
0.0246311405347481
0.0239816485763932
0.0233113645304135
0.0225616542667973
0.0216638104784211
0.0205883530595878
0.0193787606204165
0.0181261537978021
0.0169121420652948
0.0157763205149437
0.0147187387858903
0.0137155661634549
0.0127303497553476
0.0117255682181588
0.0106853651568160
0.0096298160591198
0.0086063156111629
0.0076657733736809
0.0068322361254191
0.0060955853814740
0.0054331712340721
0.0048239138446377
0.0042496138550895
0.0037014835384641
0.0031834104937466
0.0027074198441946
0.0022886195821131
0.0019360251955739
0.0016439234049709
0.0013973964318775
0.0011834723562500
0.0009937719295368
0.0008236044112643
0.0006721503558972
0.0005404312289751
0.0004294254515511
0.0003399205600642
0.0002705859766475
0.0002169370022477
0.0001740574021114
0.0001386278786301
0.0001087122623522
0.0000835020594149
0.0000627797792704
0.0000462279896211
0.0000334363507458
0.0000240238109939
0.0000173953923909
0.0000127377205777
0.0000093643324957
0.0000068307275890
0.0000048681374853
0.0000033587955492
0.0000022385214530
0.0000014277805018
0.0000008601991894
0.0000004867943632
0.0000002574520940
0.0000001256637162
0.0000000559307342
0.0000000221875064
0.0000000072641674
0.0000000017039376
0.0000000002358833
0.0000000000136005
