0.0000000000110531
0.0000000000000000
0.0000000170285506
0.0000000000732859
0.0000001113035114
0.0000001129077371
0.0000002889821560
0.0000007427923094
0.0000008819949784
0.0000035731004732
0.0000028384269070
0.0000151598393678
0.0000168206740125
0.0000371866342116
0.0000831915030620
0.0000996340211435
0.0002123401138592
0.0002960581562505
0.0004907773027516
0.0006410224196270
0.0010301699998061
0.0014019255221932
0.0017364695709748
0.0026644216375263
0.0031776284447360
0.0042234723425675
0.0051430359685919
0.0068613529054723
0.0078073310403739
0.0095506567745763
0.0117778571283448
0.0131799432930685
0.0153694975678343
0.0175174931561400
0.0200657335719956
0.0213117889847058
0.0242767187194424
0.0259016934775159
0.0278879132411757
0.0291367854575765
0.0313869108151019
0.0319425638067659
0.0329898270590665
0.0337708474860153
0.0339489023015769
0.0342518444268842
0.0333734079539602
0.0338121987284338
0.0324995773753212
0.0319077801542597
0.0304809047240074
0.0301366077218033
0.0278241531486362
0.0271976495091848
0.0255344974746062
0.0244344388513242
0.0226216535828605
0.0217288961684150
0.0203667425499497
0.0186754099355613
0.0179473110460638
0.0163334079484433
0.0154816859731979
0.0139189655194596
0.0132932776132427
0.0118375649342321
0.0110095291094277
0.0097778353888998
0.0090601252900242
0.0078419841253018
0.0070730307137908
0.0061461523446420
0.0054044339004170
0.0045595608401645
0.0039096340228275
0.0033626412775873
0.0026243625637341
0.0022909852817636
0.0017569784354925
0.0014438306379699
0.0010754791922810
0.0008953629815688
0.0006064927979039
0.0004910164517506
0.0003363461740463
0.0002446281326271
0.0001685803490645
0.0001159453882835
0.0000744286229344
0.0000430724628490
0.0000342839830543
0.0000115490258358
0.0000133344241561
0.0000041165639705
0.0000023030848386
0.0000019220063746
0.0000000000000000
0.0000003815281789
