0.0000000000013872
0.0000000000000000
0.0000000000312330
0.0000000000000000
0.0000000002245277
0.0000000000000000
0.0000000009150786
0.0000000000000000
0.0000000034036649
0.0000000000000000
0.0000000122419796
0.0000000000000000
0.0000000372301793
0.0000000000000000
0.0000001047627659
0.0000000000000000
0.0000002850289434
0.0000000000000000
0.0000007140003500
0.0000000000000000
0.0000016895360673
0.0000000000000000
0.0000038739587363
0.0000000000000000
0.0000084388416339
0.0000000000000000
0.0000174856572567
0.0000000000000000
0.0000351920510922
0.0000000000000000
0.0000684115543086
0.0000000000000000
0.0001271420438981
0.0000000000000000
0.0002294538687002
0.0000000000000000
0.0004028888438035
0.0000000000000000
0.0006808150639184
0.0000000000000000
0.0011160006883063
0.0000000000000000
0.0017844823130566
0.0000000000000000
0.0027614488744704
0.0000000000000000
0.0041390678058361
0.0000000000000000
0.0060627122114007
0.0000000000000000
0.0086263531146709
0.0000000000000000
0.0118691479217980
0.0000000000000000
0.0159599857329179
0.0000000000000000
0.0209193248942048
0.0000000000000000
0.0265139401726194
0.0000000000000000
0.0327269582492225
0.0000000000000000
0.0395154494527039
0.0000000000000000
0.0462000326740403
0.0000000000000000
0.0523760696431048
0.0000000000000000
0.0582182643412546
0.0000000000000000
0.0627397481425586
0.0000000000000000
0.0653872501450848
0.0000000000000000
0.0668182198099617
0.0000000000000000
0.0664196529298547
0.0000000000000000
0.0636292338764275
0.0000000000000000
0.0595491499004428
0.0000000000000000
0.0546808583866735
0.0000000000000000
0.0481916212826655
0.0000000000000000
0.0411427067844611
0.0000000000000000
0.0347195588556115
0.0000000000000000
0.0282398892525388
0.0000000000000000
0.0220068912016662
0.0000000000000000
0.0168746164761806
0.0000000000000000
0.0126650162376749
0.0000000000000000
0.0090159285493991
0.0000000000000000
0.0062478712916824
0.0000000000000000
0.0042909353159503
0.0000000000000000
0.0027856402599728
0.0000000000000000
0.0017437148049367
0.0000000000000000
0.0010819874848978
0.0000000000000000
0.0006392453614403
0.0000000000000000
0.0003584382877122
0.0000000000000000
0.0001991465671249
0.0000000000000000
0.0001067223437560
0.0000000000000000
0.0000524814854578
0.0000000000000000
0.0000260503880390
0.0000000000000000
0.0000125160492381
0.0000000000000000
0.0000052631404964
0.0000000000000000
0.0000023343530897
0.0000000000000000
0.0000009770384460
0.0000000000000000
0.0000003443566389
0.0000000000000000
0.0000001356433490
0.0000000000000000
0.0000000467802813
0.0000000000000000
0.0000000136493203
0.0000000000000000
0.0000000046474053
0.0000000000000000
0.0000000011916540
0.0000000000000000
0.0000000002849573
0.0000000000000000
0.0000000000763219
0.0000000000000000
0.0000000000116956
0.0000000000000000
0.0000000000022182
0.0000000000000000
0.0000000000002789
0.0000000000000000
0.0000000000000107
0.0000000000000000
0.0000000000000013
