0.0000000000016436
0.0000000000111052
0.0000000000579739
0.0000000002395610
0.0000000006799625
0.0000000016279071
0.0000000033346945
0.0000000061919891
0.0000000112855692
0.0000000217204917
0.0000000377918451
0.0000000529473662
0.0000000679808167
0.0000000989754912
0.0000001582264504
0.0000002498014574
0.0000003805686399
0.0000005606855387
0.0000008342090863
0.0000013551758535
0.0000021424506997
0.0000028884789490
0.0000035779893040
0.0000047681451786
0.0000068075857795
0.0000095896679594
0.0000131272695903
0.0000173347506079
0.0000227075096210
0.0000319115339276
0.0000454029636052
0.0000584781496115
0.0000704844272053
0.0000881574947798
0.0001150617198039
0.0001497418444203
0.0001922149908092
0.0002386510435253
0.0002901870431950
0.0003684591689836
0.0004777202914061
0.0005850727105573
0.0006837083714364
0.0008070183606645
0.0009699765970612
0.0011765983938680
0.0014329433270547
0.0016988923131962
0.0019622603384031
0.0023172422374674
0.0027813950928360
0.0032324565924601
0.0036402391300207
0.0040739407972941
0.0045776500014300
0.0052524661061695
0.0061271107272033
0.0069704238236252
0.0076837096136466
0.0085298884768538
0.0095771712554579
0.0105805786897190
0.0114438914671358
0.0121753951639878
0.0129486381447025
0.0142323104579603
0.0160038749234660
0.0174753289919634
0.0183399814727689
0.0191738511818290
0.0202666292796539
0.0213783999424454
0.0221934555456726
0.0224841890826568
0.0228194918584112
0.0241963851728411
0.0262580175211501
0.0274444667690448
0.0273105421775664
0.0268832771457453
0.0269005202207376
0.0272481627483006
0.0271637562035667
0.0262236081289645
0.0254904031829523
0.0260847691771939
0.0272076337682008
0.0270858576304619
0.0254769042015080
0.0236576300074815
0.0225855776740190
0.0220938527838157
0.0211380154231725
0.0194111823623643
0.0180128859843275
0.0176711134685818
0.0175932403852788
0.0165949653489086
0.0147194964517096
0.0129374952052385
0.0118974403811487
0.0113004737544198
0.0103532568096886
0.0089995954986877
0.0078777519204642
0.0072921605846019
0.0068603502531896
0.0061012027043140
0.0050959143827422
0.0042560777049353
0.0038076468138351
0.0035296753443484
0.0030891828882926
0.0025242975602529
0.0020401881086233
0.0017286605732945
0.0015088439805938
0.0012570820995614
0.0009887475770313
0.0007885440633958
0.0006919882251846
0.0006293542132901
0.0005269200451160
0.0004034626239603
0.0002939569089990
0.0002172369765168
0.0001692704786159
0.0001299919427076
0.0000962500450628
0.0000737688201678
0.0000637013829235
0.0000571683606240
0.0000464011847338
0.0000338320118242
0.0000224600242041
0.0000142181396781
0.0000094654836376
0.0000064352796525
0.0000043774290262
0.0000031933129751
0.0000026955884928
0.0000023896175494
0.0000019000529105
0.0000013404974923
0.0000008290748528
0.0000004526652884
0.0000002459590394
0.0000001357550303
0.0000000774913753
0.0000000506138870
0.0000000401671787
0.0000000347637540
0.0000000272002078
0.0000000187979891
0.0000000111076205
0.0000000054091519
0.0000000023628478
0.0000000009113570
0.0000000002988664
0.0000000000939383
0.0000000000245466
0.0000000000056511
0.0000000000012074
0.0000000000001728
0.0000000000000249
0.0000000000000020
