0.0000000000014620
0.0000000000000000
0.0000000000044490
0.0000000000010914
0.0000000000609824
0.0000000000092449
0.0000000001830723
0.0000000000635480
0.0000000009623477
0.0000000003903408
0.0000000027847854
0.0000000014783844
0.0000000088752282
0.0000000062323828
0.0000000238104475
0.0000000186049970
0.0000000579977615
0.0000000571539326
0.0000001395709296
0.0000001487037487
0.0000002965674258
0.0000003629024025
0.0000006373014110
0.0000008400418804
0.0000012580536540
0.0000017638312111
0.0000024633009065
0.0000036370472506
0.0000046317425842
0.0000069263408839
0.0000084453033437
0.0000128651072958
0.0000152025797093
0.0000227876591353
0.0000261633821033
0.0000389184856995
0.0000447853491770
0.0000647151552725
0.0000734650887761
0.0001033131365433
0.0001189448517921
0.0001618848480005
0.0001871425994107
0.0002440414960882
0.0002870745818404
0.0003618031449474
0.0004327921086571
0.0005203467953323
0.0006312271572861
0.0007341072636470
0.0009074267728128
0.0010159752652961
0.0012618728134894
0.0013735237415839
0.0017250474282324
0.0018352802884678
0.0022956062708497
0.0023984710833216
0.0029844224749852
0.0031059830582924
0.0038086429085767
0.0039538349284925
0.0047222555546037
0.0049868269521888
0.0057745733319010
0.0061870060985170
0.0068867126423426
0.0075828012340490
0.0081046286277187
0.0091283644727013
0.0094144005680659
0.0107956948923802
0.0108056498329913
0.0125638447549236
0.0123323216066401
0.0142856808716336
0.0139433268765785
0.0160172706279078
0.0156358895479677
0.0175318383356384
0.0173849150523937
0.0189141116524665
0.0190708001616019
0.0200758181289540
0.0207127822756027
0.0209897522041546
0.0221471999317284
0.0218159398562510
0.0233503000567535
0.0223629018295279
0.0242585598234535
0.0228304689562324
0.0246962888439726
0.0230692604263271
0.0247966364232749
0.0230706525037350
0.0243412737176522
0.0229153418317362
0.0235255672116686
0.0223912694780839
0.0223952741255560
0.0216968460087878
0.0209322704488039
0.0206467980954533
0.0194369717516531
0.0193474554463035
0.0177323853309842
0.0178011893338658
0.0160028773240278
0.0159997160155132
0.0142441141842918
0.0141332652446023
0.0123895088762355
0.0121432065662812
0.0106800409311684
0.0102723816980227
0.0089600919437390
0.0084675479969402
0.0074344983012788
0.0068244371589322
0.0060522568828501
0.0053703545658393
0.0047841347965869
0.0040900812658480
0.0037304020414052
0.0030417278308097
0.0027695707973327
0.0022033715301197
0.0020052800118579
0.0015599725815102
0.0013910383034885
0.0010806149858455
0.0009180229821075
0.0007321282588541
0.0005929358299683
0.0004705725692027
0.0003613554310625
0.0002945045040833
0.0002134361490871
0.0001707833418323
0.0001212744084873
0.0000936118655488
0.0000648624239436
0.0000485327942267
0.0000329371700761
0.0000230232707060
0.0000157561513089
0.0000102905757053
0.0000069574561866
0.0000042405555570
0.0000028207115855
0.0000016067061641
0.0000010580364474
0.0000005582533919
0.0000003419276772
0.0000001845734340
0.0000000972970075
0.0000000530310964
0.0000000240976168
0.0000000138204103
0.0000000045363146
0.0000000031417110
0.0000000007696514
0.0000000004388518
0.0000000001552826
0.0000000000243385
0.0000000000223516
0.0000000000000000
0.0000000000012646
