0.0004290154719078
0.0013746757741775
0.0008193243893266
0.0020959475435013
0.0026202427406616
0.0013465625554122
0.0025185801885413
0.0014255926778850
0.0005269467936377
0.0026585124377315
0.0081685612304775
0.0106640188529537
0.0124037970728539
0.0196907544040868
0.0180872655974092
0.0151087242858164
0.0176700393561687
0.0091673344301620
0.0069493128831948
0.0188468641875472
0.0364594185531957
0.0313555873580464
0.0487724368918502
0.0590313895710124
0.0394325626968062
0.0504618173626110
0.0393512979776014
0.0180945297389416
0.0252541516990901
0.0425590737459274
0.0516600123357174
0.0458774379127341
0.0570392524477059
0.0563864537746715
0.0286107238132696
0.0499025167152393
0.0290710300443742
0.0122082088851677
0.0264373413927763
0.0319096502053651
0.0184177550042936
0.0286790476920965
0.0086874452198633
0.0033098338369941
0.0016952103399447
0.0005953374108711
0.0014373335105976
0.0017968783182244
0.0009234293534736
0.0015574937326405
0.0004339668680039
0.0000193027174407
