0.0000000010476310
0.0000000535806657
0.0000005465358466
0.0000013312113144
0.0000025145756777
0.0000060117830424
0.0000102778296635
0.0000162058621273
0.0000316659029621
0.0000502807069348
0.0000781133542511
0.0001448736204003
0.0002261121210497
0.0003394360239178
0.0005271557930600
0.0007271988751015
0.0010246069026044
0.0014951964526797
0.0020464424256888
0.0029091437975650
0.0040295309835417
0.0052264593169875
0.0069966546063645
0.0088255036799520
0.0106983904462845
0.0137710563397526
0.0171693910941423
0.0202805596391270
0.0247388048976764
0.0288956436757525
0.0322774991265469
0.0366702676145668
0.0409895791953567
0.0427880897987813
0.0446125957507154
0.0474795079217347
0.0486815694296971
0.0483968469739436
0.0478930599281360
0.0482133496588377
0.0481266323067250
0.0454974169994455
0.0423301453310761
0.0405337569730610
0.0373334953383655
0.0327152545145551
0.0286678758103237
0.0250581535274120
0.0214064593752699
0.0183491564086379
0.0152472797423222
0.0123406098499771
0.0105788111274435
0.0087365268129059
0.0067342732371081
0.0052733155605589
0.0041601534451335
0.0029821598915461
0.0020814635062563
0.0014654734303620
0.0008939051289606
0.0005381180177838
0.0003391498500407
0.0001849414413876
0.0000813310557537
0.0000412688195470
0.0000218395421620
0.0000064633770062
0.0000018845259817
0.0000009438752437
0.0000002038876539
0.0000000088099142
