0.0000000000113494
0.0000000002179976
0.0000000015784952
0.0000000068408021
0.0000000241121483
0.0000000657794954
0.0000001407744287
0.0000002654371859
0.0000004470903182
0.0000006651072259
0.0000009212502930
0.0000011893001701
0.0000014317850614
0.0000017695914364
0.0000024717926702
0.0000038865391741
0.0000063375870462
0.0000102839117078
0.0000158996703781
0.0000226202574453
0.0000302626436323
0.0000378311520128
0.0000439428100012
0.0000504658980143
0.0000604714521289
0.0000770714762202
0.0001043929018940
0.0001465142899252
0.0002042745829487
0.0002727276370869
0.0003462508384109
0.0004133598147431
0.0004646888758997
0.0005131255006583
0.0005757785444719
0.0006686767062551
0.0008166652599175
0.0010401405630637
0.0013379306897041
0.0016821239570776
0.0020297011225022
0.0023198674668197
0.0025279630313671
0.0027042930703761
0.0029031524365492
0.0031823609906307
0.0036262216499045
0.0043020335235086
0.0051877190696562
0.0061687264557832
0.0070935401766169
0.0077902205617618
0.0082374969478244
0.0085619998533446
0.0088692754121619
0.0093102801597695
0.0100641148041894
0.0112777202146010
0.0128686670592420
0.0145193714333709
0.0159438546174829
0.0168718223171783
0.0173254150783748
0.0175227842812511
0.0175907578368079
0.0178075262064710
0.0184300753236247
0.0196565723639605
0.0213258833243235
0.0228761058031896
0.0240185070376624
0.0245386848666724
0.0244906795496429
0.0241293792907378
0.0235365454112981
0.0230658024757025
0.0229823445036717
0.0234234457003772
0.0241994950937036
0.0246928010470184
0.0247938711891657
0.0244819458544322
0.0237715487531117
0.0228456658007986
0.0216989504070874
0.0206373540081131
0.0198666836421786
0.0193858042907258
0.0190552698229525
0.0184701195363896
0.0177099036537539
0.0168966391283408
0.0159774283635785
0.0150036750323251
0.0139066633922322
0.0128636448823356
0.0119961935052869
0.0112175848723863
0.0104644996121210
0.0096007518156362
0.0087556618958650
0.0080526040654191
0.0074192565358844
0.0068214194748532
0.0061856359758311
0.0055781241123612
0.0050522474255750
0.0045313986118981
0.0039992478997203
0.0034530851411704
0.0029730359813086
0.0026210198520879
0.0023511776165891
0.0021209433489749
0.0018870473260092
0.0016638419606772
0.0014679343682113
0.0012651220438376
0.0010538154078488
0.0008502409488392
0.0006831223816292
0.0005711447867955
0.0004971865709281
0.0004407858859023
0.0003860119489468
0.0003339333041459
0.0002880134823535
0.0002393223819763
0.0001881403041643
0.0001408937884335
0.0001039795784329
0.0000809423225759
0.0000678199481429
0.0000591200227530
0.0000511184722851
0.0000435508828508
0.0000368706312645
0.0000296861067849
0.0000220997645332
0.0000153027208362
0.0000101820103320
0.0000071611109088
0.0000056728893529
0.0000048503045428
0.0000041509633231
0.0000034947775694
0.0000029155868267
0.0000022871114232
0.0000016218135972
0.0000010381857734
0.0000006101232423
0.0000003684532940
0.0000002647381770
0.0000002197539806
0.0000001863627471
0.0000001554866391
0.0000001282465456
0.0000000985149416
0.0000000669940282
0.0000000397586461
0.0000000201751592
0.0000000094899508
0.0000000054535570
0.0000000042060740
0.0000000035250180
0.0000000029206749
0.0000000023877968
0.0000000018038336
0.0000000011841363
0.0000000006546083
0.0000000002794716
0.0000000000801523
0.0000000000130952
0.0000000000009025
