0.0000000535219585
0.0000000000000000
0.0000000000000000
0.0000014546699656
0.0000000000000000
0.0000001546695894
0.0000226509103688
0.0000000188327110
0.0000042037551061
0.0003451899614994
0.0000006218960455
0.0000654573768406
0.0024396679825533
0.0000109610012273
0.0009975417775099
0.0037354421807819
0.0001680326448458
0.0070501175690229
0.0123985889180479
0.0015681463881858
0.0107906676414872
0.0129827396007683
0.0063297939655674
0.0357547170732670
0.0209902170474902
0.0120310744448551
0.0363644304119514
0.0315297121896696
0.0298715100828906
0.0493273842543009
0.0358824443975722
0.0322074943943847
0.0409566902469803
0.0861868639504027
0.0435977501626870
0.0121934008649937
0.0909887968259559
0.0354188299068109
0.0090411202280097
0.1112509312404941
0.0281648454272659
0.0119069985288354
0.0797970958459221
0.0261273389983730
0.0095770747519038
0.0066749210119080
0.0344092523017466
0.0008127445002582
0.0000000000000000
0.0276761587441949
0.0000000000000000
0.0000000000000000
0.0023486969027935
