0.0000000000000007
0.0000000000000000
0.0000000000000065
0.0000000000000047
0.0000000000000255
0.0000000000000444
0.0000000000002924
0.0000000000002063
0.0000000000020556
0.0000000000020507
0.0000000000078615
0.0000000000141828
0.0000000000417138
0.0000000000613867
0.0000000002112444
0.0000000003112382
0.0000000007662300
0.0000000014585106
0.0000000027386299
0.0000000054677732
0.0000000090488849
0.0000000189543743
0.0000000284264041
0.0000000558992479
0.0000000893938389
0.0000001523329828
0.0000002518374376
0.0000003998474124
0.0000006573212926
0.0000009866494679
0.0000015899710853
0.0000023314641992
0.0000035573156229
0.0000052073022991
0.0000075391892997
0.0000108806357411
0.0000151974970361
0.0000214084620526
0.0000291333645598
0.0000399338306767
0.0000532043192606
0.0000707839050517
0.0000929099050887
0.0001201918391194
0.0001547748262003
0.0001964490081161
0.0002478845788421
0.0003087578289706
0.0003830679549505
0.0004693461737796
0.0005721963409287
0.0006913492255257
0.0008298303256571
0.0009893292435557
0.0011708401618361
0.0013790973174722
0.0016116421884142
0.0018764788637434
0.0021686986495114
0.0024971681664672
0.0028585705365252
0.0032563876549231
0.0036941848621841
0.0041693010101177
0.0046871818138208
0.0052449331728560
0.0058464054152925
0.0064890175183535
0.0071747082044280
0.0078997879182090
0.0086680902066052
0.0094694989601805
0.0103114362949289
0.0111817651217916
0.0120801754674934
0.0130069426682845
0.0139442264596630
0.0149008255911493
0.0158588050736648
0.0168181487924585
0.0177647937891865
0.0186992041186024
0.0196020611272485
0.0204780509869738
0.0213026960463620
0.0220828745482729
0.0228024678073622
0.0234464555786695
0.0240309672393417
0.0245111405266306
0.0249289047438528
0.0252292689131302
0.0254448541777980
0.0255624592251947
0.0255632530526257
0.0254747757077177
0.0252757826070025
0.0249764067718844
0.0245813696906931
0.0240868411478257
0.0235085765642383
0.0228481696160435
0.0220996057827396
0.0213075479993998
0.0204278219757769
0.0195230499012214
0.0185637284647016
0.0175714405834189
0.0165759793186736
0.0155430884839685
0.0145210381052533
0.0135131393733592
0.0124920615184369
0.0115152586081494
0.0105643686765372
0.0096204660209010
0.0087592293974115
0.0078962619205143
0.0071050514750801
0.0063652804199211
0.0056466530703953
0.0050160882424689
0.0044118125844074
0.0038583868299971
0.0033739689984365
0.0029109959914270
0.0025126964029748
0.0021542656580837
0.0018244465204585
0.0015545146602917
0.0013001362911265
0.0010864396984529
0.0009077970171902
0.0007430931743523
0.0006109465503438
0.0005008923890434
0.0003982065026793
0.0003255520335870
0.0002562117999245
0.0002006732744270
0.0001615085263474
0.0001202338024946
0.0000957910525157
0.0000723153462375
0.0000540015576632
0.0000415817590855
0.0000308992877231
0.0000224756808621
0.0000171118327470
0.0000122939306773
0.0000086225514415
0.0000066430364963
0.0000041672119604
0.0000032017435799
0.0000020422008368
0.0000013551426052
0.0000009247607562
0.0000005701845563
0.0000003508694285
0.0000002212324415
0.0000001350365790
0.0000000632149043
0.0000000498527927
0.0000000165467444
0.0000000130218034
0.0000000032957210
0.0000000034890874
0.0000000000000000
0.0000000007369186
