0.0000000025414499
0.0000000234578338
0.0000000777566901
0.0000001303105612
0.0000002152722970
0.0000004536868196
0.0000006517402931
0.0000008790656082
0.0000016006058076
0.0000022490023707
0.0000033441451846
0.0000069222777618
0.0000109476301481
0.0000136893475798
0.0000196845063603
0.0000296939979345
0.0000389681193067
0.0000539476264368
0.0000843457254207
0.0001129203979961
0.0001576650223111
0.0002602369291909
0.0003430123172916
0.0003851274511035
0.0005009355681832
0.0006030922916931
0.0007254645382076
0.0010022643700557
0.0012880607540506
0.0015830088922855
0.0020264913808721
0.0024167569155886
0.0027461246093344
0.0029991972228801
0.0033938885890296
0.0040760853580533
0.0049029640867472
0.0059158294065042
0.0070418655010966
0.0080153764650747
0.0089712703966594
0.0094960240648760
0.0098830785397685
0.0105366503809327
0.0116217808338039
0.0134562122322592
0.0154711133522205
0.0172280005582409
0.0189534254611803
0.0199384345067810
0.0201215238457470
0.0199819005253814
0.0200192501285323
0.0209959167211034
0.0229277409870368
0.0251868458998489
0.0271565993435821
0.0285125496109101
0.0288690477647746
0.0280814018389761
0.0265467819725496
0.0253358548615044
0.0251809908616701
0.0260477040549062
0.0274217184170783
0.0285735667474003
0.0288949769147648
0.0283429950393238
0.0265656775221599
0.0241391124765088
0.0219962159412636
0.0206431147844780
0.0203634777172205
0.0205299739388258
0.0205049149074763
0.0201756940007283
0.0191142152622607
0.0173109695169071
0.0151729295045125
0.0131562163987666
0.0117586274121948
0.0109895697092879
0.0105628892405634
0.0101703564167872
0.0096379397372725
0.0088371626053958
0.0077551236628801
0.0065137556407886
0.0053991623433323
0.0045848552776087
0.0040484067020946
0.0037007780734702
0.0034130592173836
0.0030951005667165
0.0027529840308963
0.0023221652057864
0.0018656447755661
0.0014835482861239
0.0011827122991333
0.0009915810375910
0.0008577368343911
0.0007382678551816
0.0006488963481574
0.0005532037854103
0.0004420637160136
0.0003432575663308
0.0002577381266131
0.0001949802950863
0.0001531108130350
0.0001219622585026
0.0000993552849024
0.0000826769590765
0.0000660977373954
0.0000506623861708
0.0000375567687682
0.0000266169890415
0.0000190000014888
0.0000138234150318
0.0000099936649516
0.0000075710335308
0.0000057991592505
0.0000042986839540
0.0000031618436910
0.0000022088695252
0.0000014974638182
0.0000009910247527
0.0000006646267330
0.0000004416810747
0.0000002882871244
0.0000001992476315
0.0000001375067730
0.0000000910143173
0.0000000609765777
0.0000000394759471
0.0000000247563427
0.0000000151844068
0.0000000093858199
0.0000000056781846
0.0000000033436655
0.0000000020492444
0.0000000012370458
0.0000000007300609
0.0000000004272633
0.0000000002490917
0.0000000001423313
0.0000000000754681
0.0000000000392241
0.0000000000209628
0.0000000000105324
0.0000000000052419
0.0000000000027338
0.0000000000014947
0.0000000000007437
0.0000000000003403
0.0000000000001645
0.0000000000000654
0.0000000000000217
0.0000000000000065
0.0000000000000012
0.0000000000000001
0.0000000000000000
0.0000000000000000
