0.0000000023793566
0.0000000000000000
0.0000000000000000
0.0000001129618272
0.0000000011141126
0.0000000311679641
0.0000004662078357
0.0000001376017040
0.0000014832245136
0.0000005227369276
0.0000042667878413
0.0000063128797681
0.0000032584332680
0.0000181583070334
0.0000094061489213
0.0000595371025918
0.0000267395314723
0.0000371315734995
0.0002305469126338
0.0000952745636730
0.0001438552119343
0.0002827213908748
0.0003727520438845
0.0003867641636524
0.0007898188294048
0.0007722843470528
0.0008378628659450
0.0021416064278364
0.0012520585483174
0.0016903856397568
0.0028194704510121
0.0030686143337209
0.0035619792372496
0.0047675238034647
0.0057365903482357
0.0060569220925229
0.0078176900580364
0.0075078021785318
0.0091754744111618
0.0111238048646577
0.0124918027369476
0.0134594860380598
0.0160649391868777
0.0170901229607847
0.0175057787059477
0.0200867376129671
0.0203257470095679
0.0227357931304327
0.0251427221040066
0.0263924931823561
0.0266092231821551
0.0290500309399354
0.0288270981012117
0.0291673296330663
0.0309107144463108
0.0305801765426732
0.0318757692092567
0.0331774373164791
0.0315938668526869
0.0306033571313671
0.0315504082611655
0.0297724251311856
0.0293797228096294
0.0282594096492635
0.0278626421350759
0.0269901832473662
0.0256007689173963
0.0230282134865789
0.0216899334914478
0.0215925831723892
0.0187101437981819
0.0175155358014984
0.0165021954613097
0.0153818586993073
0.0135098377574245
0.0118913794914876
0.0106130123359732
0.0096670978641930
0.0087203768957471
0.0070913130888131
0.0063631021286843
0.0060411969604208
0.0048621471502939
0.0038829521815978
0.0035097854417328
0.0029442309018569
0.0025556251864743
0.0019000646741625
0.0016187060787107
0.0014573693585941
0.0011807714640140
0.0008163327649583
0.0006490893788771
0.0006627112144064
0.0004030259391061
0.0003246683888923
0.0002575142803611
0.0002086956244839
0.0001571110142061
0.0001052679934608
0.0000816853386605
0.0000542799670105
0.0000589751303239
0.0000227869736868
0.0000147610096099
0.0000213767487213
0.0000117621269553
0.0000028034210795
0.0000034132984781
0.0000059092132538
0.0000008717412286
0.0000001665188264
0.0000010907901654
0.0000005752315710
0.0000000011655159
0.0000000087107367
0.0000001250824165
0.0000000000000000
0.0000000000000000
0.0000000010057452
