0.0000000000317169
0.0000000000000000
0.0000000003361897
0.0000000013527631
0.0000000012600166
0.0000000143968960
0.0000000216102407
0.0000000543560680
0.0000002089622254
0.0000002118509539
0.0000007928204625
0.0000012978456454
0.0000018546968649
0.0000047820644300
0.0000052346368308
0.0000107439974297
0.0000159728414150
0.0000219631725298
0.0000395185509260
0.0000508292733599
0.0000868370916075
0.0001265418542869
0.0001772257397423
0.0002972956125902
0.0003753560083758
0.0005721842870579
0.0008285043602308
0.0010371279482592
0.0015573343931475
0.0019998780681380
0.0026326905326698
0.0034273171490155
0.0046304096806686
0.0051167452934001
0.0074236742841281
0.0077798183936487
0.0103635382477211
0.0115408702892224
0.0143699248464819
0.0152273175003257
0.0188996638928835
0.0197326272467780
0.0219992864328254
0.0255720263622533
0.0254908447710729
0.0296185537257354
0.0292628099821749
0.0330820574677838
0.0301304961408402
0.0376647674248731
0.0309471442625650
0.0381068473525426
0.0332680440941037
0.0365214244476334
0.0325667653739933
0.0365097069324130
0.0310179019176571
0.0326326836758412
0.0319013175772213
0.0275106420984529
0.0298753376456968
0.0248413300326743
0.0260237535819484
0.0206062431004549
0.0248507205631948
0.0165865902483273
0.0216845941655738
0.0146967859580108
0.0169788939237758
0.0123120761109043
0.0145194860094855
0.0101506077051599
0.0114839802675705
0.0091104019827475
0.0081656739825755
0.0075029252999119
0.0061853198266124
0.0057030692047981
0.0042647691441615
0.0047395619845143
0.0027347207167326
0.0035684023889281
0.0018718971577468
0.0022623766665384
0.0011559581008011
0.0015779154119065
0.0007098974668893
0.0010671174829893
0.0004589083678280
0.0006213121023307
0.0002731957285308
0.0003626832157282
0.0001903762933551
0.0001931441605240
0.0001259416620362
0.0001177107691038
0.0000624302242925
0.0000725345684609
0.0000373123005269
0.0000262552287365
0.0000250379638339
0.0000076542419357
0.0000134750437340
0.0000037054228084
0.0000074001462927
0.0000020181800207
0.0000036760077807
0.0000010152578301
0.0000021393598085
0.0000002186920140
0.0000013729839569
0.0000000000000000
0.0000003691305735
