0.0000000000009635
0.0000000000000000
0.0000000000031412
0.0000000000000000
0.0000000000110154
0.0000000000000000
0.0000000000352869
0.0000000000000000
0.0000000003082666
0.0000000000000000
0.0000000009455661
0.0000000000000000
0.0000000030224585
0.0000000000000000
0.0000000091868279
0.0000000000000000
0.0000000270871320
0.0000000000000000
0.0000000718731730
0.0000000000000000
0.0000001776287317
0.0000000000000000
0.0000004441965545
0.0000000000000000
0.0000009901786923
0.0000000000000000
0.0000022449527217
0.0000000000000000
0.0000046729141031
0.0000000000000000
0.0000097728897457
0.0000000000000000
0.0000189370877526
0.0000000000000000
0.0000367668952686
0.0000000000000000
0.0000675378896993
0.0000000000000000
0.0001216706054443
0.0000000000000000
0.0002117862899224
0.0000000000000000
0.0003581782670179
0.0000000000000000
0.0005911755581948
0.0000000000000000
0.0009409650656422
0.0000000000000000
0.0014767530407709
0.0000000000000000
0.0022236281009960
0.0000000000000000
0.0033100560012431
0.0000000000000000
0.0047414097141553
0.0000000000000000
0.0066997060216846
0.0000000000000000
0.0091415118323381
0.0000000000000000
0.0122723611410632
0.0000000000000000
0.0159927406005897
0.0000000000000000
0.0203982174410331
0.0000000000000000
0.0254046578360614
0.0000000000000000
0.0308456329239850
0.0000000000000000
0.0366877141306580
0.0000000000000000
0.0424482318374216
0.0000000000000000
0.0482124254812937
0.0000000000000000
0.0531950762433259
0.0000000000000000
0.0576075099411190
0.0000000000000000
0.0606838436321792
0.0000000000000000
0.0625684938037160
0.0000000000000000
0.0628923914552263
0.0000000000000000
0.0616857770099221
0.0000000000000000
0.0591086964670825
0.0000000000000000
0.0550491721637856
0.0000000000000000
0.0502075791589500
0.0000000000000000
0.0443552049735374
0.0000000000000000
0.0383578386202622
0.0000000000000000
0.0321210114704094
0.0000000000000000
0.0262372547160379
0.0000000000000000
0.0207760403485263
0.0000000000000000
0.0159593944306280
0.0000000000000000
0.0119269022576328
0.0000000000000000
0.0085616858515247
0.0000000000000000
0.0060153830673087
0.0000000000000000
0.0040238909039842
0.0000000000000000
0.0026301391870145
0.0000000000000000
0.0016386237473356
0.0000000000000000
0.0009857003570860
0.0000000000000000
0.0005681628911907
0.0000000000000000
0.0003113568145938
0.0000000000000000
0.0001650040055413
0.0000000000000000
0.0000805824546063
0.0000000000000000
0.0000389157037251
0.0000000000000000
0.0000167247590796
0.0000000000000000
0.0000070106989591
0.0000000000000000
0.0000027482601912
0.0000000000000000
0.0000009365164743
0.0000000000000000
0.0000003342738583
0.0000000000000000
0.0000000989044724
0.0000000000000000
0.0000000264905997
0.0000000000000000
0.0000000075008201
0.0000000000000000
0.0000000015117149
0.0000000000000000
0.0000000003057802
0.0000000000000000
0.0000000000549901
0.0000000000000000
0.0000000000044725
0.0000000000000000
0.0000000000004815
0.0000000000000000
0.0000000000000237
0.0000000000000000
0.0000000000000007
0.0000000000000000
0.0000000000000000
