0.0000000111596063
0.0000000000000000
0.0000003879573651
0.0000000000000000
0.0000010814736525
0.0000000000000000
0.0000026227358762
0.0000000000000000
0.0000089293645875
0.0000000000000000
0.0000254664132000
0.0000000000000000
0.0000563170759846
0.0000000000000000
0.0001233360488097
0.0000000000000000
0.0002879923115117
0.0000000000000000
0.0005614742224987
0.0000000000000000
0.0010457615040244
0.0000000000000000
0.0019625591049921
0.0000000000000000
0.0033411968142836
0.0000000000000000
0.0054359921484698
0.0000000000000000
0.0086305414684335
0.0000000000000000
0.0129795632578576
0.0000000000000000
0.0184410984062645
0.0000000000000000
0.0255891275391436
0.0000000000000000
0.0340675893140832
0.0000000000000000
0.0426158328844421
0.0000000000000000
0.0523198987656340
0.0000000000000000
0.0614429141299531
0.0000000000000000
0.0682315127193503
0.0000000000000000
0.0743325438629538
0.0000000000000000
0.0773501838570836
0.0000000000000000
0.0767362027596714
0.0000000000000000
0.0743088112410430
0.0000000000000000
0.0692178299810940
0.0000000000000000
0.0616836601907047
0.0000000000000000
0.0533895474734633
0.0000000000000000
0.0448425067507978
0.0000000000000000
0.0360056288040602
0.0000000000000000
0.0280261709510925
0.0000000000000000
0.0212814957172462
0.0000000000000000
0.0154243977135748
0.0000000000000000
0.0107876830327520
0.0000000000000000
0.0073884090993682
0.0000000000000000
0.0048504728361700
0.0000000000000000
0.0030244319242829
0.0000000000000000
0.0018451751742240
0.0000000000000000
0.0010950180195013
0.0000000000000000
0.0006056243677540
0.0000000000000000
0.0003211782353390
0.0000000000000000
0.0001677242691400
0.0000000000000000
0.0000818615934357
0.0000000000000000
0.0000366470834091
0.0000000000000000
0.0000158324874569
0.0000000000000000
0.0000064910394985
0.0000000000000000
0.0000022762445968
0.0000000000000000
0.0000007458557228
0.0000000000000000
0.0000002142151825
0.0000000000000000
0.0000000283993573
