0.0000000000000784
0.0000000000025972
0.0000000000121021
0.0000000000566142
0.0000000002337204
0.0000000003816225
0.0000000012121140
0.0000000028998485
0.0000000054321884
0.0000000106825296
0.0000000212090765
0.0000000382518586
0.0000000624382723
0.0000001348505168
0.0000001809465233
0.0000003114192555
0.0000005060577819
0.0000008895781720
0.0000012267845208
0.0000024463209423
0.0000027863696492
0.0000042977931151
0.0000060914735015
0.0000098378586869
0.0000129421845443
0.0000236082763251
0.0000258973447452
0.0000363598569997
0.0000472374526984
0.0000669370804114
0.0000867000357948
0.0001416424268026
0.0001601282390444
0.0002097622622063
0.0002622222805175
0.0003241479622816
0.0004107620626402
0.0005882422084515
0.0006948249749777
0.0008698013246893
0.0010779088297663
0.0012139127258840
0.0014812413794596
0.0018549536882960
0.0022200251879499
0.0026876924142558
0.0033085609028291
0.0036089686516643
0.0042256379305240
0.0047815768482129
0.0055163225590586
0.0064315980508236
0.0076927404225075
0.0084560475490416
0.0095936324691549
0.0103591913917767
0.0112240585499918
0.0124632089881863
0.0140310479741336
0.0155335717292695
0.0172012084012940
0.0184694604028698
0.0191189620528355
0.0202412986357801
0.0211358187351490
0.0227754740139582
0.0244326383583171
0.0262505510045427
0.0268211561133371
0.0275649512446677
0.0272885676896401
0.0276690893982577
0.0282447541215868
0.0295409400102035
0.0301597831200550
0.0305837276808456
0.0298742623864610
0.0286029311175568
0.0276131203223990
0.0270689974514398
0.0270571981605364
0.0269793216338740
0.0265381581039087
0.0248208354998684
0.0230872667501053
0.0210530479411866
0.0198955155672033
0.0190466449368877
0.0185464691547766
0.0173916331647302
0.0159699261364927
0.0140198496452342
0.0123988009582266
0.0111317145669683
0.0103010846425057
0.0096025307605810
0.0087575597865997
0.0076927898527665
0.0065218154704289
0.0055223178129017
0.0047376382878870
0.0042191354347383
0.0037578696111230
0.0033227161128960
0.0027781299919428
0.0022879192262586
0.0018399533662836
0.0015232159318742
0.0012884800472162
0.0011082361127245
0.0009281212593697
0.0007547092108876
0.0005868877558436
0.0004568390726967
0.0003612355633220
0.0002908054581414
0.0002395498595140
0.0001907824379351
0.0001481446107629
0.0001096289289202
0.0000818736681348
0.0000614241880107
0.0000477147411243
0.0000367000283491
0.0000282637936362
0.0000202163251998
0.0000145064500420
0.0000100859798353
0.0000073495725140
0.0000053933234826
0.0000038809520595
0.0000027984106687
0.0000019048922851
0.0000012359177087
0.0000008176316454
0.0000005800824577
0.0000003967728971
0.0000002701876409
0.0000001673536515
0.0000001124637489
0.0000000634645543
0.0000000395012952
0.0000000239039007
0.0000000193139283
0.0000000111732268
0.0000000055033627
0.0000000028360414
0.0000000018945409
0.0000000008938946
0.0000000005075335
0.0000000002758119
0.0000000002633874
0.0000000001233625
0.0000000000238005
0.0000000000063484
0.0000000000067626
0.0000000000032159
0.0000000000003827
