0.0000000000065560
0.0000000000000000
0.0000000000679262
0.0000000000096911
0.0000000002444234
0.0000000001043157
0.0000000004617815
0.0000000009672406
0.0000000030468875
0.0000000066907967
0.0000000249281705
0.0000000258927774
0.0000000914303314
0.0000000773367196
0.0000001895470467
0.0000003991672993
0.0000003854624362
0.0000023579356076
0.0000011480513525
0.0000076773269030
0.0000044630050138
0.0000146563784170
0.0000138165556330
0.0000293618587559
0.0000282811401133
0.0000672002344554
0.0000556619106411
0.0001135974525530
0.0001235337375804
0.0001898437016642
0.0002230547114755
0.0003782336631971
0.0003799977951716
0.0006222059442681
0.0007099042370924
0.0010753050180146
0.0011552824926779
0.0021684746497833
0.0019678708661114
0.0033326789527055
0.0038368702217533
0.0041792329258638
0.0060722411823069
0.0056098621221049
0.0080420398826869
0.0073186857759821
0.0106189377335253
0.0092281376255158
0.0133700493147900
0.0118070775931108
0.0170993074796391
0.0153256057702228
0.0211448071051300
0.0216819991039709
0.0229679807923313
0.0288267836917189
0.0259258108172541
0.0332804940588802
0.0295250980656290
0.0384797010655228
0.0314840754607471
0.0417771619385205
0.0345861357008045
0.0402556293043638
0.0373305920418257
0.0394648247704610
0.0368089051317767
0.0370847848137935
0.0357862308149202
0.0323690533488487
0.0340076454836342
0.0286512977871556
0.0292986482684708
0.0246721168834744
0.0246466477627890
0.0202798208525939
0.0200060969267792
0.0160649710410469
0.0150585777636368
0.0124649494915421
0.0113808500527734
0.0092196758051764
0.0081627861440729
0.0063689161090851
0.0055642439693846
0.0043959236642975
0.0037175759265635
0.0029105874654872
0.0022285514756847
0.0018713899145644
0.0013138493413759
0.0011413335532663
0.0007585458195246
0.0006019036326192
0.0003709461142588
0.0003423899344900
0.0001617789745316
0.0001812723132677
0.0000718357036798
0.0000534161646036
0.0000424631226166
0.0000061691481621
0.0000226122419787
0.0000002572885253
0.0000056725444297
0.0000000022658210
0.0000003470617151
0.0000000000000000
0.0000000033493330
