0.0000008719389764
0.0000054108318668
0.0000157649821510
0.0000373598826753
0.0000680149420474
0.0000810063668122
0.0000894680618824
0.0000976402823967
0.0000939824455784
0.0001119247168314
0.0001658245138148
0.0002963750298038
0.0005012889421487
0.0008583260588132
0.0013517167020654
0.0015348537519312
0.0016558270937712
0.0017924396502110
0.0017534409847649
0.0020646686134750
0.0027590156469269
0.0039957054403898
0.0053474224090493
0.0070639194254333
0.0093242158949012
0.0098628790107050
0.0102384201612773
0.0109127598097591
0.0109351716260659
0.0126083203596661
0.0154416477374309
0.0197180941773358
0.0229873671221862
0.0250448842570898
0.0276071317481155
0.0267313566896287
0.0262459675161480
0.0271461156266515
0.0278770407789294
0.0308761224412360
0.0334609701692253
0.0370174922842240
0.0384537565551681
0.0369886459774708
0.0365879437599840
0.0337469904457522
0.0318651098738595
0.0314941008971550
0.0314241953800414
0.0326053117222987
0.0315838276152470
0.0308789009661774
0.0290217346229657
0.0252951248554280
0.0232015069450319
0.0206970970685416
0.0188736637545902
0.0175543751083974
0.0162124348645574
0.0153104056449836
0.0132695586489166
0.0116785793818049
0.0100853295093309
0.0081316470647382
0.0070027455221615
0.0059231106794134
0.0050964781029153
0.0043593468212034
0.0035946453991555
0.0030211048640378
0.0023563396991308
0.0018773728396617
0.0014849913156864
0.0011263933144195
0.0009059692614962
0.0006937693971084
0.0005339815659321
0.0003951036067974
0.0002683748046677
0.0001868901120403
0.0001328694211242
0.0000950828010229
0.0000654151352322
0.0000485383618779
0.0000346831656372
0.0000222272915568
0.0000144433874920
0.0000085897233921
0.0000050368132827
0.0000030361293117
0.0000019228254420
0.0000012217007150
0.0000008194887835
0.0000005553681577
0.0000002582513927
0.0000001227879859
0.0000000702558376
0.0000000208254216
0.0000000021083497
0.0000000000653234
