0.0024215468605255
0.0000000000000000
0.0005021490475534
0.0005793838874130
0.0047196157160251
0.0001201451320125
0.0009922195025701
0.0082941379794303
0.0038983543824720
0.0058391682219188
0.0025484630686352
0.0157507293932593
0.0089389902615076
0.0111575025501536
0.0058731831072064
0.0150389446486363
0.0149580056096526
0.0096512721354559
0.0081140274007126
0.0268522953336310
0.0305492582859112
0.0188235715628376
0.0146074248191602
0.0107628590343618
0.0325199154697568
0.0053528321845893
0.0106734379582449
0.0220993252519235
0.0464458470174038
0.0179239674039120
0.0161222600347231
0.0393613885969699
0.0176514811719811
0.0266566608595243
0.0110472575993263
0.0307482330838215
0.0273290906082080
0.0262270540468400
0.0151191025378935
0.0478027001992697
0.0478486642549251
0.0321525357730590
0.0239912097018138
0.0168341524132206
0.0426413522925612
0.0088116846382989
0.0155066557026677
0.0137851516668482
0.0678636166160474
0.0136306517563839
0.0200863366346862
0.0213210141518360
0.0041088267636749
0.0130125712481665
0.0017605888192598
0.0087037301854444
0.0031088607845955
0.0166595247397141
0.0021882997307402
0.0034360231787553
0.0047709960046185
0.0000941462977790
0.0009261839724657
0.0002835662422958
0.0015554574814545
0.0000572044158889
0.0003267733750224
0.0003718939205664
0.0000009237826980
0.0000771185480849
0.0000086824805520
0.0000000000000000
0.0000018004604456
