0.0000000009780308
0.0000000217484307
0.0000000193020414
0.0000000706500111
0.0000001314103361
0.0000001369292469
0.0000005935048634
0.0000008723883614
0.0000015153796391
0.0000028038093711
0.0000037496717729
0.0000063564228426
0.0000117860928154
0.0000145613625193
0.0000217418860658
0.0000378339383815
0.0000460368776763
0.0000678387035035
0.0001063096948045
0.0001261898761977
0.0001738456606257
0.0002702114530758
0.0003140969890892
0.0004096444180074
0.0006031195347871
0.0006935391464838
0.0008936641257580
0.0012523128308875
0.0014148415060858
0.0017527354903985
0.0023932342384202
0.0026658207723519
0.0032154672401682
0.0042003435879821
0.0046302682440837
0.0055150211788068
0.0069364192001927
0.0075217701598877
0.0087457935917374
0.0106398398902000
0.0113843379061392
0.0130425050383759
0.0152654856813787
0.0161433954066322
0.0182217655674319
0.0206121841353385
0.0214421516112700
0.0237138759480162
0.0259822882154350
0.0266744128069705
0.0290291201103142
0.0307908448342232
0.0311533971261499
0.0331924174698373
0.0341995329448567
0.0339630319397065
0.0353506798676211
0.0355404510026285
0.0347272770431390
0.0352412509359337
0.0346128058075488
0.0331137157879442
0.0325891647762480
0.0313976226151771
0.0292663762515090
0.0280650116464952
0.0265781329439600
0.0240306111912192
0.0224961045739574
0.0208009152698773
0.0180636365533833
0.0167133354931710
0.0149742887712076
0.0124060394056395
0.0115748901304605
0.0098853340106640
0.0078185417851992
0.0073247225576637
0.0058039959058251
0.0045013251213090
0.0042526033758808
0.0030384913930812
0.0023961440924342
0.0022059919592190
0.0013903584053506
0.0011999192279328
0.0009664726784538
0.0005261830920580
0.0005566681746491
0.0003790447941151
0.0001869255168438
0.0002086816146584
0.0001129382232021
0.0000701415913055
0.0000631327332942
0.0000183688191354
0.0000242316635339
0.0000184728637665
0.0000010866748039
0.0000037781457247
0.0000028288847586
