0.0002589779423454
0.0005931794908539
0.0000000000000000
0.0006955775247996
0.0015931948422844
0.0017298488737208
0.0043532687975373
0.0008958307215156
0.0048717740460875
0.0124339433232684
0.0050541409532647
0.0081042047080196
0.0079757914056828
0.0086195561477675
0.0254338469416427
0.0228724257837466
0.0131800189702934
0.0217957402449882
0.0206084739900079
0.0329912984663846
0.0341157983680610
0.0195613782667660
0.0317945271947368
0.0424670764473908
0.0461295623335598
0.0384921224857878
0.0250567278284302
0.0369292812509744
0.0457692300813178
0.0421326835344834
0.0381176297365725
0.0282649068978568
0.0419646101078728
0.0461581060630954
0.0304777414544597
0.0197816252730441
0.0252942376940347
0.0303982734252420
0.0354323944627514
0.0246048997051265
0.0090886488675076
0.0203506938363713
0.0211551695842098
0.0107900030038357
0.0094586668059420
0.0042887047063780
0.0106212437037658
0.0167440204217882
0.0038580522687405
0.0016457093004990
0.0026944529584098
0.0035624107407373
0.0031528056917346
0.0012692443573112
0.0001115695651131
0.0012244988288663
0.0022193509577246
0.0000627339741265
0.0001436898698577
0.0000000000000000
0.0001684944364319
0.0003859303348743
