0.0000000000131081
0.0000000000429552
0.0000000001259374
0.0000000004181677
0.0000000006836514
0.0000000015648605
0.0000000041354261
0.0000000066144601
0.0000000133067722
0.0000000242924877
0.0000000408693678
0.0000000832012275
0.0000001145386605
0.0000001652986077
0.0000003153833508
0.0000004437111854
0.0000006091544585
0.0000009339604258
0.0000014267216251
0.0000022186855108
0.0000030252447815
0.0000040745931356
0.0000061647419615
0.0000086582787012
0.0000110364743157
0.0000147901808916
0.0000209057912542
0.0000288321538294
0.0000378286440189
0.0000482765005256
0.0000645460551973
0.0000867084836655
0.0001075664610767
0.0001335073614695
0.0001743411500533
0.0002258678568888
0.0002821288488855
0.0003431897892182
0.0004283380569907
0.0005403711276260
0.0006526015073276
0.0007739657430850
0.0009438369552932
0.0011639328920032
0.0013883049396698
0.0016200770734078
0.0019209734363306
0.0022915319499017
0.0026736050741262
0.0030568492599312
0.0035396418494576
0.0041519003681113
0.0047585570933513
0.0053478598650088
0.0060514656844112
0.0069013136951190
0.0077458576203630
0.0085427571950555
0.0094872262701677
0.0106058924356267
0.0117102065505892
0.0126864488398061
0.0137591966348324
0.0150600624159077
0.0162685913575962
0.0173102242447472
0.0184582787473919
0.0197913449233009
0.0210205882428726
0.0219495079245831
0.0229148009976528
0.0240572107560354
0.0250528461036509
0.0257048298599809
0.0263155378428655
0.0271433137235160
0.0277047445541851
0.0278770710985794
0.0280118785898110
0.0282508663359123
0.0283270362445168
0.0279603456465352
0.0275541083763504
0.0272540519818307
0.0267705972011177
0.0259179790739581
0.0249889952310479
0.0242679058872728
0.0233473772139406
0.0221399217103958
0.0209515782799917
0.0198738166038203
0.0187506300443014
0.0173951198295724
0.0161037757342904
0.0149896954222728
0.0138239670613299
0.0125605719692761
0.0113396864545137
0.0103457195996783
0.0093131951946944
0.0082470353795029
0.0073241653959216
0.0064991475237817
0.0057330800385498
0.0049430027356539
0.0042760659017226
0.0037064774390890
0.0031771010068497
0.0026829058021066
0.0022470484648928
0.0019172039630640
0.0015909328853059
0.0013005689440627
0.0010671735947224
0.0008751762540439
0.0007080321173366
0.0005604664131953
0.0004491189824681
0.0003536964823357
0.0002795725831982
0.0002148490060842
0.0001613491674798
0.0001260199902567
0.0000957583064819
0.0000689498718078
0.0000502265800635
0.0000389670408076
0.0000275112389506
0.0000183037822705
0.0000138166697224
0.0000097830335126
0.0000061024447888
0.0000042220097388
0.0000030302399201
0.0000017859109073
0.0000011135128939
0.0000008012084820
0.0000004629336055
0.0000002490098772
0.0000001728032445
0.0000001046689950
0.0000000479577466
0.0000000296516840
0.0000000182889191
0.0000000082218927
0.0000000040146679
0.0000000024380864
0.0000000012522483
0.0000000004422699
0.0000000002762029
0.0000000001309256
0.0000000000376126
0.0000000000174353
0.0000000000029022
0.0000000000006165
0.0000000000000818
