0.0000000000000018
0.0000000000000028
0.0000000000000073
0.0000000000000245
0.0000000000000366
0.0000000000000791
0.0000000000001654
0.0000000000012181
0.0000000000019296
0.0000000000050014
0.0000000000149501
0.0000000000226722
0.0000000000484152
0.0000000000982975
0.0000000001480461
0.0000000002475051
0.0000000005672765
0.0000000008686039
0.0000000014821131
0.0000000028597343
0.0000000042840776
0.0000000070932530
0.0000000125918146
0.0000000187459482
0.0000000282127864
0.0000000505021810
0.0000000750831088
0.0000001135156526
0.0000001815480178
0.0000002652970466
0.0000003852168909
0.0000006027261168
0.0000008727204000
0.0000012145061341
0.0000018281936965
0.0000026008524237
0.0000036241795813
0.0000051513335467
0.0000071871266472
0.0000097297129854
0.0000136360777159
0.0000186252932597
0.0000246913271660
0.0000334655232840
0.0000448410948675
0.0000589002088899
0.0000774620095413
0.0001017897464055
0.0001307200733235
0.0001694336737819
0.0002174315055275
0.0002751319374266
0.0003478751925383
0.0004389040282024
0.0005465621005721
0.0006779665238083
0.0008386687685331
0.0010247494124244
0.0012521691783712
0.0015172658452746
0.0018253362511050
0.0021861953852470
0.0026106704435644
0.0030817852637997
0.0036307608986820
0.0042535183053633
0.0049428541825577
0.0057261320914869
0.0065879272450138
0.0075241575681951
0.0085660449069621
0.0097139292416710
0.0108775853229688
0.0121757044681640
0.0135577029821869
0.0149738170414098
0.0164374624556715
0.0179852915764419
0.0194982048698327
0.0210635941545468
0.0226661820758330
0.0241053804741814
0.0255607328903482
0.0269978729046094
0.0283001892927182
0.0293920069383572
0.0304704292487895
0.0312851967266559
0.0319839964710058
0.0325179598048122
0.0327566707408534
0.0327693730193246
0.0326566678632071
0.0323290918320929
0.0316772075878117
0.0308990865339977
0.0298656487949311
0.0287757311598057
0.0274595138657946
0.0259545915190530
0.0243688243687846
0.0228218376361721
0.0210977900551430
0.0193163437166038
0.0176437518898258
0.0159570892967413
0.0142690706668662
0.0126621227978018
0.0111810750137325
0.0097441665030778
0.0084360456767787
0.0072091468431452
0.0061359403174960
0.0051485545023209
0.0042747511924670
0.0035182617587146
0.0028777166291953
0.0023057592082552
0.0018277353700467
0.0014544719829934
0.0011182507587525
0.0008494077758160
0.0006501981545122
0.0004908543073877
0.0003487933352411
0.0002539057877950
0.0001827011672590
0.0001259711340459
0.0000861034704318
0.0000589828360888
0.0000376408266142
0.0000234771259654
0.0000157010735951
0.0000090572555413
0.0000053668716853
0.0000031418132531
0.0000016508716526
0.0000009901714686
0.0000004781662057
0.0000002107926209
0.0000001185699614
0.0000000563862045
0.0000000188913017
0.0000000074078397
0.0000000043328861
0.0000000011864844
0.0000000001924186
0.0000000001426741
0.0000000000368682
0.0000000000011135
