0.0001965849783895
0.0006554701649059
0.0000000000000000
0.0000400229041098
0.0001334477322317
0.0001649182928321
0.0005498844392092
0.0000173381912865
0.0000913863117563
0.0001119514439112
0.0031249494134798
0.0104194690975727
0.0000145452868840
0.0006839905911438
0.0021189124377767
0.0026215702068380
0.0087410598198606
0.0002752996139470
0.0014510519540844
0.0017775896447515
0.0165824451898353
0.0552905830962810
0.0002309532636798
0.0041346870504581
0.0112186097859517
0.0139112793566111
0.0463841573686471
0.0014575774288888
0.0076826136662334
0.0094114717665914
0.0362567150825890
0.1208901880948706
0.0012227850938167
0.0113982330810330
0.0244106945802292
0.0304163400688412
0.1014167186327791
0.0031715585195052
0.0167166823129153
0.0204785233846356
0.0314066740713199
0.1047187735366412
0.0026606713337862
0.0151340870765328
0.0208814642025327
0.0263475628392838
0.0878502594685422
0.0027130234034768
0.0142998308448368
0.0175177953897035
0.0096307092877379
0.0321115207108421
0.0022759988671589
0.0094370984038290
0.0061626625893208
0.0080793565587152
0.0269388699953583
0.0008006836910666
0.0042202515937749
0.0051699565341021
0.0003124354144786
0.0010417484302639
0.0006717063964449
0.0022700812135233
0.0001014331420278
0.0002621070826379
0.0008739394743542
0.0000131786969314
0.0000694624073766
0.0000850938904735
0.0000026830621948
0.0000089460915767
0.0000110558203251
0.0000368632457628
0.0000000000000000
0.0000022508639284
0.0000075050197753
