0.0005869489422434
0.0000000000000000
0.0006910408915709
0.0025678583141469
0.0007341267044206
0.0030232529120055
0.0010621171781877
0.0039374009425118
0.0065832132094034
0.0055010249701306
0.0106497797069433
0.0297086801475735
0.0115338162119437
0.0340161654474026
0.0147225225295055
0.0422464233759698
0.0161074236450635
0.0562799031562443
0.0450410185129531
0.0549744122587826
0.0490056278915407
0.0545654776636343
0.0493081749348672
0.0503243444473508
0.0623210648217078
0.0429033276736208
0.0593359600386348
0.0288314590180814
0.0537479321165952
0.0232069805944231
0.0475160017600598
0.0170595660577684
0.0389244065716105
0.0090441068854147
0.0227231307193129
0.0046865099385277
0.0179262830492696
0.0022139503034312
0.0147697435173197
0.0010277009716619
0.0061620501121569
0.0004381935923270
0.0016337826779659
0.0002035110543914
0.0009969986197169
0.0000594298815221
0.0008088664140806
0.0000052630060884
0.0002600013466111
0.0000000000000000
0.0000230252633046
