0.0000000000270306
0.0000000003476202
0.0000000008599117
0.0000000005360099
0.0000000040100244
0.0000000096175036
0.0000000050668101
0.0000000156501392
0.0000000340071892
0.0000000436192811
0.0000001168281242
0.0000002496313934
0.0000002957921315
0.0000008681971930
0.0000018658116195
0.0000013980151212
0.0000032137761637
0.0000064102475363
0.0000076753157615
0.0000119328818895
0.0000209566988366
0.0000368754220393
0.0000420342701657
0.0000614809450417
0.0001023152747464
0.0001276616877973
0.0001778010553626
0.0002480968590168
0.0003607790697285
0.0004954551964282
0.0005895568159232
0.0008148799588172
0.0010960890114207
0.0013004774602672
0.0017069424007128
0.0022107892623846
0.0028162980244573
0.0033856218253756
0.0040433108287365
0.0051199350287819
0.0059006135693029
0.0069842761330295
0.0085680022478239
0.0099497650766675
0.0116011527273618
0.0130526505864508
0.0148281520328164
0.0172032642800203
0.0181296342909622
0.0208041563471896
0.0239468550505080
0.0248484547192146
0.0269175717304827
0.0290483530471213
0.0313489441441934
0.0322310851273738
0.0327906843288123
0.0360268924921021
0.0371966130043429
0.0361278019381172
0.0366082670432115
0.0376743411689536
0.0380391496168100
0.0350755693048166
0.0348805253685774
0.0359768946096054
0.0327711258314336
0.0305979814575923
0.0291512727975414
0.0282869818626849
0.0258195325636887
0.0225708219721625
0.0213830852365111
0.0197407804731198
0.0169156980618599
0.0145579979816160
0.0129730435837573
0.0119638919897926
0.0097213307412559
0.0082211194075565
0.0072605295746611
0.0056297527304222
0.0048828055266638
0.0037516066542939
0.0029955543750221
0.0026817668583609
0.0019198272739050
0.0015199977120892
0.0012375614929801
0.0007234265885411
0.0006650221537518
0.0004901845310646
0.0003020247481943
0.0002735491169250
0.0001606897590341
0.0001071598418483
0.0000796128208521
0.0000252629475815
0.0000246970843883
0.0000269359457331
0.0000071299502402
0.0000078174039709
0.0000012536285424
