0.0000000092119337
0.0000000000000000
0.0000000039579338
0.0000000043297301
0.0000003067648888
0.0000001949564743
0.0000001317109222
0.0000002537732117
0.0000017393766468
0.0000065036059016
0.0000019228529681
0.0000044223800482
0.0000085350241273
0.0000358178106286
0.0000426943484946
0.0000245069183698
0.0000632805546824
0.0001189296933538
0.0002323929823431
0.0001552614393101
0.0002582327734808
0.0004991597152890
0.0006872399402413
0.0007188745386553
0.0007759148679672
0.0015252027226978
0.0021417223668284
0.0019801010091082
0.0023889296519693
0.0035081397132983
0.0050913435460191
0.0050912551935788
0.0052262099328509
0.0085731827864537
0.0090963458319814
0.0106204862239940
0.0099515031356585
0.0147468290368424
0.0188718660212212
0.0154441912473817
0.0189626876088786
0.0211885008278853
0.0266547551581058
0.0260283240511329
0.0233627320748277
0.0341583286312295
0.0328373120855075
0.0305144686616216
0.0323136435981680
0.0319373225968082
0.0449526298022370
0.0320706437947761
0.0340775699690403
0.0397729501760244
0.0321245194966667
0.0385758926500850
0.0266458625386456
0.0359577624365657
0.0358659603702667
0.0241561670027850
0.0293823058530523
0.0227983734411036
0.0269978690491328
0.0224316309595182
0.0160217515199312
0.0224419477408332
0.0151265621513381
0.0149808318532990
0.0125123133219384
0.0102746185887856
0.0131484181255814
0.0072876591273459
0.0076419563780095
0.0070569001501530
0.0052514840820429
0.0055568397300614
0.0030878843788001
0.0038255581094328
0.0031400483314833
0.0019642460432822
0.0021214810338944
0.0011766585870511
0.0015606604103929
0.0009663950086013
0.0006143208256549
0.0008131454275298
0.0003438652401664
0.0004503676269032
0.0002519149950122
0.0001377958826432
0.0002450892931417
0.0000636683690374
0.0000951726155035
0.0000679383068897
0.0000181227004380
0.0000506787610418
0.0000063124621666
0.0000135669476245
0.0000119256696919
0.0000012765769531
0.0000063148157981
0.0000002545518368
0.0000009828009844
0.0000008099712954
0.0000000443789486
0.0000003423609342
0.0000000006071002
0.0000000190735509
0.0000000000000000
0.0000000002853451
