0.0000000000418508
0.0000000000000000
0.0000000011515724
0.0000000003343897
0.0000000006023690
0.0000000101802923
0.0000000040369512
0.0000000317931921
0.0000000393946543
0.0000000410947484
0.0000002388756777
0.0000001747735280
0.0000003281659138
0.0000008397242683
0.0000008639136067
0.0000016614085689
0.0000024967698900
0.0000030959463311
0.0000053920818408
0.0000073189921162
0.0000089045766529
0.0000141396946742
0.0000183733858131
0.0000221249856146
0.0000323956750240
0.0000406895529482
0.0000483898818455
0.0000655577514595
0.0000824371878204
0.0000961032357707
0.0001236183771902
0.0001504174967221
0.0001783672471297
0.0002245523255082
0.0002574717784815
0.0003128420829928
0.0003877652460609
0.0004344912922836
0.0005248635025899
0.0006422908152052
0.0007190240767766
0.0008534677439169
0.0010298427252194
0.0011599098716557
0.0013523980254643
0.0015876768836735
0.0018165733628364
0.0020851344471010
0.0023809959747615
0.0027155025074341
0.0031110161607954
0.0035010925192239
0.0038920158033199
0.0044736409389143
0.0049962282243671
0.0054287365927468
0.0061984628535070
0.0068916344777766
0.0073877636518313
0.0083159555257405
0.0091693593582964
0.0097989866481720
0.0108739194714089
0.0117284102941120
0.0126315488203923
0.0138458194212396
0.0145188192837466
0.0157320201013749
0.0170534604205239
0.0175061444316951
0.0188946617988630
0.0201819788510668
0.0205441898892256
0.0219162014238091
0.0228569415116168
0.0233783669962824
0.0245119734985258
0.0248698130987969
0.0255862903649500
0.0263530997829256
0.0261655184346240
0.0267885606456250
0.0271371157315126
0.0266451311359526
0.0268659984588730
0.0266817038376208
0.0262033830486486
0.0258067457327314
0.0251276554799846
0.0246760973862891
0.0237646576420437
0.0227720357193086
0.0220637760663388
0.0209917038512455
0.0198380555376462
0.0187762132484605
0.0176671085389659
0.0165787654919430
0.0152566913700527
0.0141399920903652
0.0131965825539006
0.0118480968188703
0.0108243450766210
0.0098810949955889
0.0088155252813699
0.0079045472387633
0.0069810660150286
0.0062233699469790
0.0054700076647799
0.0047063703628069
0.0041122642111334
0.0035746401493435
0.0030135946180922
0.0025570894109922
0.0021757983255242
0.0018172232826977
0.0015013595223610
0.0012250403179909
0.0010230711793327
0.0008161964449507
0.0006502681411269
0.0005248909239196
0.0004068791385763
0.0003243658540377
0.0002426400996796
0.0001870903599635
0.0001449331361951
0.0001039082306510
0.0000776345072786
0.0000565956769309
0.0000412888435720
0.0000281270195528
0.0000198597642266
0.0000141486725343
0.0000089747503820
0.0000062836635730
0.0000039550488211
0.0000025502571313
0.0000016705603932
0.0000009428929310
0.0000006023996077
0.0000003528014286
0.0000002013152745
0.0000001057153107
0.0000000616426394
0.0000000339550057
0.0000000131474640
0.0000000091982520
0.0000000035820632
0.0000000013053579
0.0000000009643556
0.0000000001858663
0.0000000001148670
0.0000000000458817
0.0000000000046543
0.0000000000056829
0.0000000000000080
0.0000000000002347
0.0000000000000000
0.0000000000000004
