0.0000020247685201
0.0000000000000000
0.0000042105645466
0.0000132226163897
0.0001313660493399
0.0000279276888956
0.0002843814909503
0.0008612807978045
0.0003833454237565
0.0018037778034701
0.0014773612120994
0.0025323016212652
0.0027266573374788
0.0043303524998101
0.0045923308737985
0.0058518565531215
0.0074738633933567
0.0082476347851058
0.0110055349141719
0.0104309033219093
0.0155152195802591
0.0139008071419438
0.0186110435645601
0.0184537900055983
0.0230861897048838
0.0230119874973925
0.0258667946323521
0.0295572589091425
0.0292350918785935
0.0330833111033498
0.0326105740152896
0.0372767280031221
0.0338243255354115
0.0389880673874052
0.0367594422656316
0.0389415815319060
0.0368270185616050
0.0378271975242915
0.0369376229816216
0.0344409339789385
0.0348740674099132
0.0318711181400212
0.0314319340493654
0.0276966314216827
0.0271901629503807
0.0242655026488569
0.0224652875972519
0.0199274099059001
0.0184636215390151
0.0159977601832967
0.0141738756127527
0.0122718843123811
0.0108529708615686
0.0092179021121609
0.0077124298547678
0.0067894710422951
0.0054063697390684
0.0047107633322349
0.0036193410746412
0.0031820674001718
0.0024221004069131
0.0019971126764911
0.0015537391759260
0.0012233956839112
0.0009593056148502
0.0007154267279229
0.0005650757368661
0.0004166448809711
0.0003142376378413
0.0002245653354540
0.0001700020893956
0.0001149488230683
0.0000889778419713
0.0000553497417613
0.0000448573979323
0.0000254705677889
0.0000202439772302
0.0000116479992196
0.0000080561266413
0.0000053829493968
0.0000028292341438
0.0000023086516439
0.0000008983411374
0.0000008193843851
0.0000002650282060
0.0000002704414240
0.0000000724462821
0.0000000641251394
0.0000000204186873
0.0000000123230319
0.0000000045096031
0.0000000018796925
0.0000000008674335
0.0000000001053689
0.0000000001375857
0.0000000000000000
0.0000000000078673
