0.0000042776254671
0.0000000000000000
0.0000166952747697
0.0000048605213391
0.0000060077606862
0.0000254547513082
0.0000381568177432
0.0000589893882025
0.0000777402644010
0.0001589866382909
0.0001059092648332
0.0001822008856523
0.0003392312252106
0.0004016199987823
0.0004291768685534
0.0007592978166056
0.0008849785507187
0.0009119117152442
0.0014452056679080
0.0018465847378108
0.0019977021697282
0.0022735361987440
0.0034169707493715
0.0036425812682629
0.0041123977651003
0.0056946816389746
0.0060156798274754
0.0066309712218007
0.0081323585596088
0.0096244379611546
0.0104941552257640
0.0114234783333333
0.0140219492450525
0.0141630430700738
0.0159877387910695
0.0184046683902137
0.0190653782739998
0.0209388513573309
0.0218961135637261
0.0243463640762168
0.0248180427209584
0.0269868519222106
0.0275393024091001
0.0282066869608773
0.0298922493345368
0.0302780411720023
0.0310652607553885
0.0310036360648613
0.0315626683671255
0.0303987740966597
0.0317220760583509
0.0307884106372633
0.0299175221087332
0.0292692383013643
0.0280943599228120
0.0275498109268070
0.0259233143781985
0.0257182501649804
0.0231357577827030
0.0219969377858956
0.0210666776306898
0.0191711456818141
0.0186333067494024
0.0161622234216576
0.0150082268099798
0.0136399133768127
0.0127414855781902
0.0117217564755911
0.0095664749202672
0.0092066512324109
0.0076748649290149
0.0073836628183617
0.0063496957246927
0.0051722032194472
0.0047668661731622
0.0039033643889726
0.0038531844652732
0.0028894754269200
0.0025756607493476
0.0021347892857765
0.0017946323637493
0.0017405313978158
0.0011842078539003
0.0011086359559143
0.0008641919277075
0.0007696357280298
0.0006257739626985
0.0004562935181272
0.0004434148922577
0.0003024529263297
0.0002916016593057
0.0001919921420942
0.0001684490141780
0.0001482471971005
0.0000937887704247
0.0000914311717388
0.0000540639639025
0.0000538682504512
0.0000373561886133
0.0000280705528188
0.0000214689510878
0.0000139714025879
0.0000156938873027
0.0000078595170817
0.0000070030168433
0.0000040555612191
0.0000034347524104
0.0000040025202118
0.0000013846591725
0.0000010430320218
0.0000005721388241
0.0000008882774544
0.0000004127179586
0.0000001368899278
0.0000001127549789
0.0000000418930208
0.0000000929369524
0.0000000052850324
0.0000000048173449
0.0000000092445338
0.0000000008279972
0.0000000005821271
0.0000000002198371
0.0000000000700276
0.0000000001873635
0.0000000000066014
0.0000000000076799
0.0000000000154453
0.0000000000000000
0.0000000000006540
