0.0000000000004801
0.0000000000011275
0.0000000000018534
0.0000000000218636
0.0000000000462138
0.0000000000810730
0.0000000001959729
0.0000000002700016
0.0000000006315472
0.0000000012361999
0.0000000025482882
0.0000000043581267
0.0000000079442078
0.0000000133254072
0.0000000218866171
0.0000000392037857
0.0000000631474520
0.0000001069592146
0.0000001666156110
0.0000002775753778
0.0000004111675141
0.0000006712147094
0.0000010012103722
0.0000015052418153
0.0000023042095321
0.0000033753124408
0.0000050630815805
0.0000071838569682
0.0000106350849181
0.0000144393181118
0.0000214311755267
0.0000293032241786
0.0000409583909546
0.0000566143216904
0.0000761351359427
0.0001042091996471
0.0001381748370887
0.0001873051001870
0.0002385303113751
0.0003219139330026
0.0004072723700765
0.0005309017297405
0.0006749636146240
0.0008503501371080
0.0010687767106239
0.0013275548774011
0.0016618587106236
0.0019973349592504
0.0024870694735763
0.0029420025231661
0.0035853364312227
0.0042432415586704
0.0050398281680236
0.0058898997521748
0.0068718489810638
0.0080071876510191
0.0090931696063581
0.0105554478322196
0.0117485974139341
0.0134060508659309
0.0148613179202852
0.0166217648748077
0.0182201560374514
0.0199841435310734
0.0217982917865146
0.0233559923029966
0.0253942781196625
0.0266624573157322
0.0285228149864839
0.0297109934997090
0.0312140947253195
0.0321935284220325
0.0331633898543894
0.0339183198646012
0.0341736871966980
0.0347757546821499
0.0343724528881894
0.0344042174461839
0.0336328279316619
0.0330296042502735
0.0319531069328171
0.0307881357343009
0.0294222785941000
0.0277181854970653
0.0262482088799646
0.0242561213135862
0.0225680596210765
0.0205610365915484
0.0187182228064718
0.0168125935412404
0.0150182765347209
0.0132723797149531
0.0115804853004075
0.0100958366539603
0.0086136221158043
0.0073713861695584
0.0061780704549740
0.0051654671699270
0.0042457335064289
0.0034780867113560
0.0028037516831805
0.0022366296468857
0.0017771224536647
0.0013750274780579
0.0010708282285607
0.0008115265506238
0.0006152810826667
0.0004553326781480
0.0003361286304002
0.0002430248265404
0.0001729673957839
0.0001235204885936
0.0000847469455118
0.0000583697503141
0.0000391925086502
0.0000260595659681
0.0000168011758993
0.0000110431945597
0.0000066495351198
0.0000041570013766
0.0000025854478071
0.0000014333816587
0.0000008751578096
0.0000004722079561
0.0000002562312938
0.0000001305546197
0.0000000777881171
0.0000000336348020
0.0000000140630032
0.0000000084737937
0.0000000038475607
0.0000000012963189
0.0000000004061851
0.0000000003257948
0.0000000000976432
0.0000000000235696
0.0000000000057817
0.0000000000060377
0.0000000000011921
0.0000000000001581
0.0000000000000320
0.0000000000000413
0.0000000000000055
