0.0000684301950961
0.0001485961407551
0.0017849196395838
0.0039468740259110
0.0004954944059098
0.0026620514796647
0.0130956308683015
0.0216853939977684
0.0057223532928925
0.0139812389611172
0.0337527717171510
0.0246612960503628
0.0283750758037212
0.0344588039053216
0.0566501134754459
0.0373050058434378
0.0372587042040669
0.0621906833806194
0.0527628310824868
0.0562347970832651
0.0391486546495650
0.0508514756083585
0.0620915591201771
0.0390763579394470
0.0421071226628962
0.0392487939700477
0.0356667460574385
0.0312716989269919
0.0310378242629646
0.0330593913399548
0.0137182268584988
0.0211052513122495
0.0268898789810023
0.0124146201270345
0.0056072612473597
0.0107415199810142
0.0106711739911377
0.0015681740268684
0.0015233248020165
0.0030992242303230
0.0013507627211549
0.0000130421456596
0.0001566607437568
0.0003401887412039
