0.0000000457214244
0.0000000000000000
0.0000009592189678
0.0000000937171780
0.0000025060626279
0.0000024401033284
0.0000062515137136
0.0000152336422091
0.0000130802874865
0.0000420312707171
0.0000409392349597
0.0000984180808710
0.0001171634424859
0.0001890328724401
0.0002919786631289
0.0003581519389908
0.0006171460002099
0.0006691476646511
0.0011172488010897
0.0012490025845150
0.0018315574118438
0.0022155748668591
0.0028539394119148
0.0036327149198583
0.0042157727862082
0.0055876850556117
0.0060792124920542
0.0079025135069196
0.0085513256851199
0.0107494239454598
0.0112884920196180
0.0137261794438549
0.0147630473097763
0.0170589105066193
0.0181357144855617
0.0200989148438935
0.0221389158982751
0.0231701575706044
0.0256427050854726
0.0254446892390273
0.0293362529767378
0.0277600616273958
0.0318209119453436
0.0290444220475121
0.0336774361548222
0.0305227927966699
0.0344570867954959
0.0308295420121535
0.0339737467415183
0.0313384303354728
0.0329145384581816
0.0305706782996623
0.0305440277607554
0.0298950694968008
0.0279524030313377
0.0280230891692329
0.0244937613404270
0.0258414262350811
0.0214558901711066
0.0229891922533973
0.0180965813430774
0.0196959973844524
0.0152723910275291
0.0163869130923800
0.0124836649719237
0.0129703819755658
0.0100737306582766
0.0099557810297565
0.0079375993122020
0.0071501534053659
0.0060969713438590
0.0050043081503279
0.0045775486600521
0.0032795664276155
0.0032831210393612
0.0020576770272953
0.0022641356473239
0.0012733816842520
0.0014294411614379
0.0007391728958390
0.0008694754411720
0.0004281416128717
0.0004650510116304
0.0002417140709641
0.0002219181343998
0.0001346244571644
0.0000975617615471
0.0000674504853396
0.0000294572705987
0.0000323705727344
0.0000049470136459
0.0000146199675521
0.0000004107261470
0.0000040780341099
0.0000000130688944
0.0000005443908063
0.0000000000000000
0.0000000267878772
