0.0003279693898097
0.0000000000000000
0.0016000585801726
0.0000000000000000
0.0076351377728012
0.0000000000000000
0.0282948424789943
0.0000000000000000
0.0494132461532757
0.0000000000000000
0.0781801287042697
0.0000000000000000
0.1271914370647893
0.0000000000000000
0.1173668363413791
0.0000000000000000
0.1550526018154624
0.0000000000000000
0.1396536516693163
0.0000000000000000
0.0976742289951841
0.0000000000000000
0.0952903624666823
0.0000000000000000
0.0385841948888333
0.0000000000000000
0.0338232752901575
0.0000000000000000
0.0129983936462360
0.0000000000000000
0.0121995305510728
0.0000000000000000
0.0024253747087780
0.0000000000000000
0.0021685294780385
0.0000000000000000
0.0001188420616013
0.0000000000000000
0.0000013579431459
