0.0000000304755394
0.0000000000000000
0.0000001309085798
0.0000000000000000
0.0000004937970934
0.0000000000000000
0.0000016270856785
0.0000000000000000
0.0000042588127276
0.0000000000000000
0.0000111572172284
0.0000000000000000
0.0000259045180227
0.0000000000000000
0.0000596473999500
0.0000000000000000
0.0001223355509230
0.0000000000000000
0.0002514081545887
0.0000000000000000
0.0004735638826783
0.0000000000000000
0.0008712080111137
0.0000000000000000
0.0015289582669964
0.0000000000000000
0.0025916020258811
0.0000000000000000
0.0041928722036942
0.0000000000000000
0.0065346252954229
0.0000000000000000
0.0099150716199529
0.0000000000000000
0.0142941124347850
0.0000000000000000
0.0200739806275149
0.0000000000000000
0.0270972244370679
0.0000000000000000
0.0352785326667899
0.0000000000000000
0.0441725257199656
0.0000000000000000
0.0535274742213153
0.0000000000000000
0.0625013758701277
0.0000000000000000
0.0695862661133323
0.0000000000000000
0.0757932364358995
0.0000000000000000
0.0785200955400877
0.0000000000000000
0.0782016954394481
0.0000000000000000
0.0758325441153005
0.0000000000000000
0.0697158073650889
0.0000000000000000
0.0619756349882712
0.0000000000000000
0.0530179085389681
0.0000000000000000
0.0435140571139523
0.0000000000000000
0.0339557800363725
0.0000000000000000
0.0255918404040884
0.0000000000000000
0.0185608836881649
0.0000000000000000
0.0124983712524702
0.0000000000000000
0.0082847019533297
0.0000000000000000
0.0051279749220314
0.0000000000000000
0.0029710412843972
0.0000000000000000
0.0016855360791711
0.0000000000000000
0.0008729405338922
0.0000000000000000
0.0004305134636308
0.0000000000000000
0.0001959328524464
0.0000000000000000
0.0000874905027293
0.0000000000000000
0.0000332256094656
0.0000000000000000
0.0000118212325777
0.0000000000000000
0.0000037807850377
0.0000000000000000
0.0000006648625908
0.0000000000000000
0.0000001212299835
0.0000000000000000
0.0000000124536344
