0.0000000000376910
0.0000000000447290
0.0000000000421284
0.0000000073369036
0.0000000091157204
0.0000000091417476
0.0000001536140185
0.0000002613521175
0.0000003544761991
0.0000012097999339
0.0000029903383017
0.0000050857632079
0.0000073159921230
0.0000177340896189
0.0000322431622714
0.0000547546556617
0.0000795179999596
0.0001178748845714
0.0002421893014119
0.0003453682184205
0.0004857834739623
0.0006932074056523
0.0010278400253188
0.0015180772488982
0.0019898307982329
0.0028109608775161
0.0035973726465459
0.0048089090095647
0.0060496378011816
0.0076426195445435
0.0102559612202328
0.0120602459365775
0.0143334962363021
0.0172726872914241
0.0205097866582037
0.0239127133494352
0.0275205955019173
0.0311899620959825
0.0341190782552219
0.0367763262065123
0.0412988104057433
0.0429017599712962
0.0450204325071155
0.0491063032733317
0.0481957409362931
0.0508508941146415
0.0484143330612300
0.0451568491617044
0.0487065760337607
0.0436556469062640
0.0402659031011723
0.0412733265513310
0.0326400377618549
0.0318741017613547
0.0280846938876653
0.0200081166015118
0.0202595122439067
0.0146785897406689
0.0125136702608403
0.0107011393899432
0.0068238858966611
0.0053907899439727
0.0039262844748715
0.0027488763525408
0.0021925348311561
0.0014934285473793
0.0008210528304345
0.0006184419898153
0.0003197621072437
0.0002460704776375
0.0001590517907315
0.0000761202182245
0.0000490018624941
0.0000182573621949
0.0000145301996034
0.0000066632701905
0.0000041579355514
0.0000014274800929
0.0000004454040217
0.0000003668643672
0.0000001173155308
0.0000001025855047
0.0000000131573361
0.0000000037273825
0.0000000031441487
0.0000000007359488
0.0000000008733724
