0.0000000000056692
0.0000000000000000
0.0000000000446755
0.0000000000890809
0.0000000003464615
0.0000000007487698
0.0000000024452529
0.0000000058126206
0.0000000101484394
0.0000000345415517
0.0000000463880382
0.0000001149871520
0.0000002390975719
0.0000003037412348
0.0000007964057162
0.0000010688714438
0.0000017651794696
0.0000034624781664
0.0000040494995002
0.0000076038641408
0.0000109761117955
0.0000138909230511
0.0000237943083368
0.0000294231813390
0.0000403255591496
0.0000599572280128
0.0000715570518707
0.0001000803362660
0.0001328756871925
0.0001618731524108
0.0002194430831702
0.0002699724980772
0.0003396261011856
0.0004303876128619
0.0005126556914423
0.0006503535033410
0.0007683385324092
0.0009116203577614
0.0011353450536498
0.0012640195111920
0.0015163100754186
0.0017967938355720
0.0019429025451662
0.0023258408211079
0.0026049046361422
0.0028063224161878
0.0032844393657003
0.0035366780183753
0.0038068489528207
0.0043500723539700
0.0045214589265155
0.0049104896454737
0.0053991733100790
0.0055307078399077
0.0059801550959245
0.0063535218624784
0.0064721285906421
0.0068760632387888
0.0071567419907275
0.0071869250810015
0.0075383394979734
0.0076615450754513
0.0076054087205993
0.0078736301146368
0.0078349011222787
0.0077334332921830
0.0079318951568967
0.0077877016537449
0.0077218399829674
0.0078694849002972
0.0077281443013124
0.0077294505128235
0.0078734600134922
0.0078037407661089
0.0079304949114550
0.0080659951600612
0.0082463547624487
0.0084149199955474
0.0087141050907566
0.0091716001050143
0.0093210819300252
0.0100066796405066
0.0105224080361602
0.0108162706386721
0.0118261142082366
0.0123240770653917
0.0128292607678395
0.0140936809937463
0.0144140648210058
0.0152879312250666
0.0164580822410781
0.0167077393596575
0.0177704122072684
0.0186701304978598
0.0188923216340705
0.0198408031340984
0.0205113354815363
0.0204707109516064
0.0212729018675538
0.0215010452865576
0.0211840712855169
0.0217088468780377
0.0214586467667876
0.0209041400243832
0.0211560599239523
0.0204960782779887
0.0198379632947114
0.0198288466676686
0.0188809195687018
0.0181684250638473
0.0179189723249273
0.0166599695452628
0.0160951222285145
0.0153652317729838
0.0141458480843795
0.0136217673246676
0.0125157522886313
0.0116327411330410
0.0109261079703805
0.0098922965529771
0.0091831884901184
0.0084548058744232
0.0075910558019879
0.0070394021509534
0.0063705957681751
0.0057148342193583
0.0052928379349257
0.0047361031703861
0.0042458167302137
0.0039362122228171
0.0034530759595572
0.0031221891556962
0.0028421719329952
0.0024516900124600
0.0022311485598254
0.0019496795761385
0.0016904501992671
0.0014983235626637
0.0012815284269960
0.0010969194312714
0.0009464148350172
0.0007918968634885
0.0006644330899537
0.0005549468211559
0.0004557499952761
0.0003699044490128
0.0003018640226742
0.0002404294842540
0.0001887684973480
0.0001514241671378
0.0001146349040018
0.0000893821500589
0.0000681956261919
0.0000504348682928
0.0000381169482351
0.0000280671746357
0.0000199710322130
0.0000148231888686
0.0000102970162223
0.0000072351568534
0.0000051256693699
0.0000034009108832
0.0000023461516818
0.0000015585968333
0.0000010108131391
0.0000006610056106
0.0000004226405662
0.0000002582076858
0.0000001646872027
0.0000000960620603
0.0000000584043065
0.0000000329292014
0.0000000195000589
0.0000000103778030
0.0000000056565505
0.0000000031897782
0.0000000013322297
0.0000000008889843
0.0000000003176583
0.0000000001761706
0.0000000000814449
0.0000000000241686
0.0000000000152293
0.0000000000046753
0.0000000000015966
0.0000000000004577
0.0000000000002750
0.0000000000000464
0.0000000000000000
0.0000000000000086
