0.0067589981489321
0.0000000000000000
0.0017346769164339
0.0000000000000000
0.0248258271343815
0.0006800930117311
0.0087526433107247
0.0053009253007280
0.0038683164916171
0.0109456217622860
0.0095817204590769
0.0215403120173199
0.0027707910111925
0.0332234411400378
0.0019991638365833
0.0131336754642420
0.0077774662595000
0.0115759536953714
0.0046948224726529
0.0119363690526050
0.0277898290303073
0.0038243915641589
0.0175200431740505
0.0015720539603254
0.0308481817252108
0.0029805049487032
0.0447829837512572
0.0067303089199143
0.0156939619001894
0.0171601324568900
0.0148254174094602
0.0345104459364630
0.0138285740211221
0.0574949816991591
0.0051209654194116
0.0507312564829279
0.0099702677672967
0.0263670349694275
0.0134597521109528
0.0249369543188793
0.0262163957132685
0.0173072259806454
0.0395439206643460
0.0058887543924332
0.0154186292729681
0.0040658547022574
0.0406327594312676
0.0040766582508925
0.0208071927026929
0.0070584361258871
0.0074895904034487
0.0133996032675564
0.0120582131750321
0.0252245676934868
0.0033740022108238
0.0375780422751910
0.0022458050957407
0.0148654595639357
0.0087272547757078
0.0130162305824416
0.0052681568107753
0.0133942968748895
0.0236685986131803
0.0042914283943969
0.0091416148427582
0.0017640340665139
0.0048085567872234
0.0025883297180899
0.0089718197181230
0.0007941666297704
0.0021867472443116
0.0003495449852407
0.0010667079565278
0.0008658139383648
0.0002602455763970
0.0002037615949454
0.0000024793368058
0.0001038391938701
0.0000000000000000
0.0000261529144398
0.0000000000000000
0.0000002494718297
