0.0000000000000003
0.0000000000000000
0.0000000000000153
0.0000000000000000
0.0000000000004079
0.0000000000000000
0.0000000000087048
0.0000000000000000
0.0000000001312935
0.0000000000000000
0.0000000009912772
0.0000000000000000
0.0000000036012699
0.0000000000000000
0.0000000197452554
0.0000000000000000
0.0000000522545364
0.0000000000000000
0.0000001932363869
0.0000000000000000
0.0000005237986273
0.0000000000000000
0.0000015043264216
0.0000000000000000
0.0000036992690734
0.0000000000000000
0.0000091803656892
0.0000000000000000
0.0000210351081038
0.0000000000000000
0.0000434629031497
0.0000000000000000
0.0000953349664353
0.0000000000000000
0.0001756676030071
0.0000000000000000
0.0003357400801092
0.0000000000000000
0.0005927904820327
0.0000000000000000
0.0010149316583516
0.0000000000000000
0.0016498391063475
0.0000000000000000
0.0026513784431818
0.0000000000000000
0.0040431637530922
0.0000000000000000
0.0058596790856685
0.0000000000000000
0.0085424721963185
0.0000000000000000
0.0118474504328963
0.0000000000000000
0.0157688726201279
0.0000000000000000
0.0204607018748257
0.0000000000000000
0.0264147426128703
0.0000000000000000
0.0323037041267271
0.0000000000000000
0.0382619737453009
0.0000000000000000
0.0451200859660466
0.0000000000000000
0.0512814306665174
0.0000000000000000
0.0561524759041071
0.0000000000000000
0.0603161150788977
0.0000000000000000
0.0638965351321833
0.0000000000000000
0.0645067729718697
0.0000000000000000
0.0639552018936870
0.0000000000000000
0.0626090988479508
0.0000000000000000
0.0587654469041178
0.0000000000000000
0.0536581057593820
0.0000000000000000
0.0484728001448121
0.0000000000000000
0.0426112756842297
0.0000000000000000
0.0357224673305114
0.0000000000000000
0.0297806196538959
0.0000000000000000
0.0243729078374019
0.0000000000000000
0.0189939264200785
0.0000000000000000
0.0144792112535260
0.0000000000000000
0.0109622842049708
0.0000000000000000
0.0079899235946153
0.0000000000000000
0.0055490587077392
0.0000000000000000
0.0038687440666119
0.0000000000000000
0.0026103601550292
0.0000000000000000
0.0016652054707276
0.0000000000000000
0.0010531928576613
0.0000000000000000
0.0006557420494726
0.0000000000000000
0.0003833259926225
0.0000000000000000
0.0002154559569835
0.0000000000000000
0.0001245703853533
0.0000000000000000
0.0000657475626568
0.0000000000000000
0.0000324709087281
0.0000000000000000
0.0000169416151365
0.0000000000000000
0.0000082211391011
0.0000000000000000
0.0000035246490887
0.0000000000000000
0.0000015189770005
0.0000000000000000
0.0000007163141593
0.0000000000000000
0.0000002599773506
0.0000000000000000
0.0000000865369272
0.0000000000000000
0.0000000365595200
0.0000000000000000
0.0000000118920374
0.0000000000000000
0.0000000032057394
0.0000000000000000
0.0000000008227302
0.0000000000000000
0.0000000002922774
0.0000000000000000
0.0000000000661912
0.0000000000000000
0.0000000000128066
0.0000000000000000
0.0000000000022113
0.0000000000000000
0.0000000000002072
0.0000000000000000
0.0000000000000140
0.0000000000000000
0.0000000000000010
