0.0000000000000594
0.0000000000001838
0.0000000000043789
0.0000000000140300
0.0000000000128603
0.0000000000692766
0.0000000002403746
0.0000000003469328
0.0000000005695661
0.0000000014563351
0.0000000036456894
0.0000000063039794
0.0000000083844343
0.0000000173620371
0.0000000407622506
0.0000000672103075
0.0000000856061863
0.0000001629130346
0.0000003533718822
0.0000005358843959
0.0000007292932402
0.0000011593086052
0.0000022042067865
0.0000037425912017
0.0000044485803776
0.0000066042097664
0.0000123581906924
0.0000176437611284
0.0000231331513663
0.0000309595751835
0.0000493663382458
0.0000786662768312
0.0000992478348281
0.0001252245254558
0.0001895562495341
0.0002774134863643
0.0003396851838833
0.0004267121705896
0.0005991074609300
0.0008429325822957
0.0010977439086531
0.0012727397481545
0.0016479460089471
0.0022700411701128
0.0027114924156079
0.0031827695591160
0.0040672432535164
0.0054039937558669
0.0065132425955768
0.0072050326985725
0.0086325709760305
0.0104161451484360
0.0122431987020478
0.0132169813719942
0.0155738325757288
0.0203871943492952
0.0220982742056573
0.0229485794637782
0.0250716486793418
0.0286217229656010
0.0303367907891997
0.0315248471788211
0.0349961282926140
0.0382816172522872
0.0448366534593505
0.0417043688292297
0.0384225371299874
0.0433992845955012
0.0429002461314907
0.0381688422038908
0.0376968011656428
0.0462793738719081
0.0416011754078830
0.0335792386037595
0.0339924554373813
0.0307180859683890
0.0294522717429176
0.0243487705782379
0.0180958436075845
0.0187202211678274
0.0199159963411424
0.0140362387810875
0.0090417214572601
0.0098679282534202
0.0083800241094072
0.0065509009785984
0.0046456644924727
0.0028659716853021
0.0032128856042736
0.0023261031541510
0.0008428633720863
0.0005958360960941
0.0005670690366461
0.0002506789876982
0.0000469210333030
0.0000451135445052
0.0000329360991032
0.0000050208720094
