0.0000000017984716
0.0000000489579375
0.0000003099055738
0.0000010635642339
0.0000027389079131
0.0000056689009833
0.0000095303821803
0.0000141727811164
0.0000201413007364
0.0000284891490761
0.0000415024866529
0.0000612678712917
0.0000900457825338
0.0001308823549281
0.0001837533034281
0.0002485579503757
0.0003276859267706
0.0004254328523104
0.0005513936580072
0.0007127202731013
0.0009110085708241
0.0011502766505096
0.0014373400078075
0.0017774481478745
0.0021708100560656
0.0026172334157407
0.0031254517293148
0.0037161400495974
0.0044049801226478
0.0051831517220620
0.0060296957399087
0.0069403757937533
0.0079306443590322
0.0090080351449686
0.0101614366176737
0.0113718254232441
0.0126336896803860
0.0139686379820950
0.0153701343238919
0.0167848166464242
0.0181713313189628
0.0195178708177889
0.0208498748597377
0.0221882239002158
0.0234874852457688
0.0246940983592058
0.0257867083382964
0.0267662354585835
0.0276331273860345
0.0283519078666952
0.0289021633503186
0.0292829578545265
0.0295146821217321
0.0296259443510231
0.0295826937176652
0.0293647850617101
0.0289782224872530
0.0284351621105386
0.0277702255808411
0.0269832509848150
0.0260815314534642
0.0250786713984091
0.0239887611931641
0.0228438331590736
0.0216450393326549
0.0204045014830745
0.0191343831018781
0.0178476348487337
0.0165771271877593
0.0153266643819641
0.0141052931463053
0.0129207911075769
0.0117741967391988
0.0106790100455411
0.0096369821054853
0.0086548773305689
0.0077334854598016
0.0068735947414900
0.0060855891705704
0.0053649378743435
0.0047097643607982
0.0041168803095069
0.0035798569776150
0.0030971360908876
0.0026635700497915
0.0022780372377418
0.0019379216001862
0.0016398547268720
0.0013832499784663
0.0011627322872758
0.0009736331060952
0.0008116619811007
0.0006726267715946
0.0005539844007198
0.0004525267956595
0.0003668704754228
0.0002957160884663
0.0002372150191371
0.0001900478763557
0.0001520392757963
0.0001212132272131
0.0000960377069900
0.0000753891315344
0.0000586204342587
0.0000450248355693
0.0000342256651641
0.0000258890879056
0.0000195367800221
0.0000147819233919
0.0000112052751793
0.0000084598448673
0.0000063107461294
0.0000046165630802
0.0000033139319868
0.0000023339778626
0.0000016240923139
0.0000011334370951
0.0000007976156963
0.0000005665194843
0.0000004025225261
0.0000002819820665
0.0000001916429379
0.0000001241638996
0.0000000769635639
0.0000000462287507
0.0000000275155680
0.0000000170479186
0.0000000112484626
0.0000000076264390
0.0000000049507401
0.0000000029128235
0.0000000014821274
0.0000000005880831
0.0000000001607215
0.0000000000289124
0.0000000000041825
0.0000000000006940
0.0000000000000988
0.0000000000000074
0.0000000000000002
