0.0000000010495457
0.0000000017066485
0.0000000285842776
0.0000000453756557
0.0000001126993962
0.0000001633731103
0.0000001701920479
0.0000004146204953
0.0000005635755535
0.0000012727130866
0.0000026041470956
0.0000034348277003
0.0000061334908081
0.0000076517219637
0.0000094724509524
0.0000184461820356
0.0000250219303055
0.0000489018256537
0.0000729941796737
0.0000890427800275
0.0001289037275606
0.0001466332221035
0.0002035745327930
0.0003270962678988
0.0004502309423922
0.0007353357030543
0.0009238712124863
0.0010741149486727
0.0013322184993480
0.0014853273354879
0.0021481310459270
0.0029561945952299
0.0040111704232099
0.0053508519852028
0.0058698646757825
0.0065393930699299
0.0072112232759877
0.0085135539482104
0.0117173663335644
0.0144304655919320
0.0180825321287372
0.0195173843512345
0.0191460395263783
0.0201941889105294
0.0211530920805419
0.0271137050914674
0.0326089837544186
0.0371773555307770
0.0388645726500099
0.0351070477731144
0.0331349099016661
0.0327507651393708
0.0375323899016296
0.0440424443125942
0.0469825592373064
0.0467425169088720
0.0403716039522561
0.0333580639559607
0.0310186691190730
0.0315699008373470
0.0348892745330182
0.0358003587098563
0.0336074157812747
0.0281095139565739
0.0209503740220189
0.0173464752244902
0.0159916490238412
0.0160166439749953
0.0155663164875759
0.0137744642125390
0.0109701560053368
0.0076792166681938
0.0054059795495912
0.0046348228428660
0.0041143939874063
0.0034693338011177
0.0029042173937559
0.0020955472860364
0.0013186948022966
0.0008739152948551
0.0006678478642285
0.0004798288668320
0.0003358746111336
0.0002668178833294
0.0001732875967789
0.0000942325579715
0.0000622662733226
0.0000414594661481
0.0000211177041482
0.0000108510988716
0.0000079161821784
0.0000046016087575
0.0000019809299982
0.0000011820117620
0.0000007381021273
0.0000002977223948
0.0000001069857421
0.0000000674645172
0.0000000320357403
0.0000000056502867
