0.0000000000000083
0.0000000000000000
0.0000000000000340
0.0000000000000641
0.0000000000001464
0.0000000000003435
0.0000000000009189
0.0000000000016658
0.0000000000031046
0.0000000000083185
0.0000000000134769
0.0000000000274994
0.0000000000529137
0.0000000001007512
0.0000000001639816
0.0000000003271752
0.0000000005487498
0.0000000009083194
0.0000000016289174
0.0000000025679646
0.0000000044725784
0.0000000066359569
0.0000000115219256
0.0000000169352680
0.0000000268014926
0.0000000416442978
0.0000000587166395
0.0000000961199373
0.0000001288656891
0.0000001948646085
0.0000002766058883
0.0000003991778887
0.0000005477136910
0.0000007498136786
0.0000010870422437
0.0000014006002092
0.0000020062898648
0.0000025579205992
0.0000035181469302
0.0000046910552667
0.0000060797644499
0.0000080369945177
0.0000102772171867
0.0000136680494015
0.0000169595193979
0.0000223050006820
0.0000274867918924
0.0000353333721387
0.0000443219172486
0.0000540896107640
0.0000691172495892
0.0000842066137263
0.0001039340986979
0.0001263942941122
0.0001568988930192
0.0001887883219789
0.0002295500955229
0.0002767142607244
0.0003297450170095
0.0004030362586479
0.0004731716475306
0.0005617612303796
0.0006712610061858
0.0007837616776583
0.0009328342334449
0.0010822097711743
0.0012657387566158
0.0014905527133540
0.0017180936352059
0.0019982189826277
0.0022933245026083
0.0026927533360312
0.0030457986545646
0.0035026085771561
0.0039870167274307
0.0045103245109321
0.0051954356403125
0.0056786393165534
0.0064700641639586
0.0071379507797874
0.0079683626348857
0.0087890722232012
0.0095427782760047
0.0106197022094410
0.0114385188619334
0.0125820824608776
0.0134650383614439
0.0148410627915897
0.0158385301962913
0.0170798381665143
0.0184593704522049
0.0195218392750226
0.0214005696003241
0.0221097861423215
0.0237112136787763
0.0249264606563514
0.0261425390196484
0.0273224487551447
0.0279232618326092
0.0290998126204833
0.0293003910588696
0.0302316561276711
0.0301920746374693
0.0300966534030579
0.0302817848519025
0.0295151630904790
0.0293912050406294
0.0285477585653871
0.0274432269306596
0.0266901305574162
0.0254405877996487
0.0242363961933415
0.0229086100466928
0.0213749347385742
0.0200381247204215
0.0185540424534018
0.0169850484075433
0.0156665721813089
0.0140863110328831
0.0127328340447016
0.0115303310391792
0.0101269337833673
0.0091314040903546
0.0079462865069106
0.0069966737362427
0.0061973697049850
0.0053049836487078
0.0046734423951939
0.0040398199080320
0.0034862404809802
0.0030355517159042
0.0026403012634892
0.0022635638043248
0.0020042248666137
0.0017340797137761
0.0015207763805448
0.0013644167952640
0.0011854816739580
0.0010826619389484
0.0009666636792448
0.0008726538768946
0.0007986894625873
0.0007265242726827
0.0006687112441458
0.0006107437955239
0.0005594512836041
0.0005125811094850
0.0004687361867453
0.0004241617723848
0.0003869216300881
0.0003455070225207
0.0003093241202726
0.0002781953383487
0.0002419675561998
0.0002161258268255
0.0001858181347471
0.0001609456748422
0.0001405924429237
0.0001173626114084
0.0001008939796121
0.0000843661358831
0.0000698600241221
0.0000582728561187
0.0000477104951547
0.0000382132743730
0.0000311862447128
0.0000244918493315
0.0000192483557498
0.0000152475980783
0.0000112761152651
0.0000088013568423
0.0000064448775101
0.0000047998713204
0.0000034329586121
0.0000024230898399
0.0000017404246732
0.0000011329792424
0.0000008190451777
0.0000004921968321
0.0000003368491976
0.0000002119615577
0.0000001194392695
0.0000000811576714
0.0000000402088399
0.0000000256916091
0.0000000124650632
0.0000000072140180
0.0000000033529226
0.0000000014724654
0.0000000009256581
0.0000000001894879
0.0000000001989406
0.0000000000226673
0.0000000000252845
0.0000000000014000
0.0000000000032237
0.0000000000000000
0.0000000000002145
