0.0000000000166520
0.0000000004400791
0.0000000013744749
0.0000000031916337
0.0000000092756406
0.0000000134159424
0.0000000351098093
0.0000000708684487
0.0000001298969889
0.0000002982287183
0.0000004410702755
0.0000008715298659
0.0000014053936734
0.0000023166192866
0.0000041142745412
0.0000061066901896
0.0000105517388958
0.0000150601497610
0.0000239546514538
0.0000355848310393
0.0000507334390828
0.0000781491323854
0.0001062121372811
0.0001566603683624
0.0002119422011145
0.0002940989229200
0.0004016363759598
0.0005271189311345
0.0007078117317049
0.0009039159821440
0.0012041287221893
0.0015014689318899
0.0018840770217980
0.0023958670273856
0.0029412378222401
0.0035295896477027
0.0042483238773080
0.0052273254018932
0.0060155655709366
0.0069792800505707
0.0082693483174036
0.0095319228938253
0.0107087088953242
0.0121021757032021
0.0137715394600757
0.0152606201378840
0.0168110115447995
0.0183450241793057
0.0200172691530851
0.0217699362240535
0.0232125696541934
0.0244963147072766
0.0260803333973155
0.0276049410744769
0.0285625920948679
0.0293986676548715
0.0304824132833506
0.0313464687799633
0.0316240240739288
0.0317548950452728
0.0320136993544516
0.0321341786515113
0.0315976391212269
0.0309539135395059
0.0304971084438045
0.0297837769055020
0.0286186366919096
0.0273962234918987
0.0263136354008014
0.0250355386317795
0.0235438558834366
0.0219900605739651
0.0205731563391875
0.0191643347656863
0.0175881867315458
0.0160122417942322
0.0146551721559570
0.0133303376172146
0.0119165119117220
0.0105961193644072
0.0094804670705703
0.0084077793033967
0.0073224958230843
0.0063675651211106
0.0055611442616528
0.0048096123931243
0.0040767312993277
0.0034645543438987
0.0029589223544140
0.0024812679870907
0.0020490567857230
0.0017062774584236
0.0014174575935215
0.0011508254305145
0.0009307349925774
0.0007580173043166
0.0006082185693453
0.0004802147538910
0.0003804160163268
0.0002999122914395
0.0002330833637787
0.0001792492576735
0.0001384797213227
0.0001060178101261
0.0000794887254400
0.0000595413794020
0.0000448072609320
0.0000329991955341
0.0000238254703914
0.0000174668770567
0.0000127613062666
0.0000089708569191
0.0000063094066349
0.0000045276470211
0.0000031141756073
0.0000021278105895
0.0000014641560999
0.0000009835467369
0.0000006653850042
0.0000004403676428
0.0000002839748851
0.0000001889274266
0.0000001197571953
0.0000000744571460
0.0000000487421736
0.0000000293722941
0.0000000176185909
0.0000000112416364
0.0000000065684388
0.0000000037373123
0.0000000022272311
0.0000000012472256
0.0000000007202792
0.0000000003972607
0.0000000001984821
0.0000000001130642
0.0000000000628902
0.0000000000279051
0.0000000000133106
0.0000000000076479
0.0000000000031840
0.0000000000014772
0.0000000000007918
0.0000000000002423
0.0000000000000701
0.0000000000000621
0.0000000000000233
0.0000000000000030
0.0000000000000012
