0.0153629017428213
0.0000000000000000
0.0195764921815067
0.0000000000000000
0.0381396378575518
0.0000000000000000
0.0399569781314247
0.0072196058711556
0.0709992545835401
0.0091997306404878
0.0740482013372328
0.0179232516102496
0.1308876005579260
0.0187772882193994
0.1367507383237758
0.0333652225223998
0.0690272358452730
0.0347980373807052
0.0320258350724840
0.0615090108150320
0.0141291070729941
0.0638747544158800
0.0120304466455452
0.0319420847926101
0.0115493933954873
0.0140830177356530
0.0107615893837169
0.0056265882220461
0.0087960064950737
0.0038531925924338
0.0041097154167839
0.0035498137398052
0.0016674052729480
0.0017382870466325
0.0006474460152567
0.0006869315618718
0.0004424330292099
0.0002077344581470
0.0004075983248584
0.0000236654097896
0.0001995943844562
0.0000006519670225
0.0000788751676663
0.0000000000000000
0.0000238525802654
0.0000000000000000
0.0000027173204270
0.0000000000000000
0.0000000748604535
