0.0000000000176620
0.0000000000066859
0.0000000000006219
0.0000000001256829
0.0000000000588444
0.0000000010163093
0.0000000009553388
0.0000000003507742
0.0000000086378757
0.0000000072982026
0.0000000045815637
0.0000000451749614
0.0000000281888415
0.0000001051290487
0.0000002882037199
0.0000001532314158
0.0000007525957411
0.0000009331387122
0.0000006830907393
0.0000038429135694
0.0000035538044419
0.0000030821396499
0.0000201689703370
0.0000131412253045
0.0000173622005878
0.0000483408811870
0.0000373095359594
0.0000930605091722
0.0001600112727147
0.0001180313502033
0.0003012490657573
0.0003407333366655
0.0003329954048447
0.0014222299632457
0.0010444667529703
0.0009428596936154
0.0022846170466397
0.0022146722197412
0.0035640472945258
0.0074131133638591
0.0055292778913563
0.0057741630629150
0.0094815742242714
0.0103742979747869
0.0169754775267266
0.0191252558036129
0.0175823490081132
0.0197795021643321
0.0245340239015899
0.0277002516247747
0.0345055518881213
0.0362008164297731
0.0333104665657493
0.0354208972968041
0.0401565256541874
0.0430543358184407
0.0426118050181558
0.0455121118078993
0.0400315611357436
0.0389531178845502
0.0423116800686535
0.0408728324739845
0.0382795867606104
0.0355685137368053
0.0317944309313990
0.0299685872716198
0.0296718215102368
0.0255080323822838
0.0234882486292513
0.0201847631339776
0.0173438577625795
0.0161861700572561
0.0144182295296246
0.0116911866799085
0.0098009155009422
0.0088733386527165
0.0070135407325873
0.0061677013095661
0.0050323526854831
0.0039788663591761
0.0033424990026749
0.0026168934156957
0.0021174053179268
0.0017629018998289
0.0012606198111040
0.0009110309547511
0.0008425694332808
0.0005660069125617
0.0004047807226903
0.0003196971259708
0.0002108252017832
0.0001631082358929
0.0001096134362948
0.0000759492860534
0.0000528320269961
0.0000342898278914
0.0000214958758321
0.0000141851230536
0.0000099902546420
0.0000055209848255
0.0000030165916161
0.0000023732043359
0.0000012462256033
0.0000004110405597
0.0000005089018960
0.0000001701585705
0.0000000153773206
0.0000000877461132
0.0000000332162237
0.0000000030897113
