0.0000305229451013
0.0009548164152890
0.0010914869486034
0.0016983976060546
0.0227025252919344
0.0247203808229299
0.0242692191726906
0.0270005765218982
0.0034856573181402
0.0364964116117465
0.0401719112528908
0.0570008120611011
0.0734599946144913
0.0355465169300503
0.0546833177690145
0.0360250899378367
0.0514885390069528
0.0728382415198922
0.0524436396711594
0.0679558973990683
0.0369634542303197
0.0318836118179509
0.0436010589439084
0.0278782474176239
0.0439472981426752
0.0283365219967715
0.0201556944646237
0.0240999055109126
0.0062180872814511
0.0141261077947962
0.0112498725119847
0.0086777597671208
0.0097558829624830
0.0005399244079770
0.0021744365854444
0.0020623446354474
0.0017622857928238
0.0019552195049367
0.0000095852054627
0.0001281256925167
0.0001392479436478
0.0001286506396393
0.0001427219326372
