0.0000128951116011
0.0000000000000000
0.0001785529840251
0.0001055833010245
0.0001499377174042
0.0014699547768089
0.0012300046661426
0.0013382867206160
0.0012056024733483
0.0097847199273998
0.0023884289718243
0.0048461491130513
0.0053757587514813
0.0084365619322828
0.0078059214475039
0.0040063021224352
0.0059401975017594
0.0045136640003679
0.0070314192872800
0.0025904712561643
0.0148435761322498
0.0130120010772955
0.0119981344383983
0.0114905381587715
0.0864553305039212
0.0217587113213447
0.0433287487942311
0.0480554434078239
0.0749384355404599
0.0733573762652822
0.0354230033001307
0.0546112584562227
0.0283996610299903
0.0576838970694918
0.0147909221702839
0.0184058694791879
0.0218554981677860
0.0031132325462140
0.0104123509202836
0.0022423352938733
0.0070480577004990
0.0063129079454406
0.0058709614121053
0.0052867622996089
0.0400473112586523
0.0097399709408801
0.0197578253016703
0.0219187180580121
0.0343685687377626
0.0318063991926014
0.0158575844556445
0.0241989672800118
0.0119745975195723
0.0248521598353185
0.0051677244432659
0.0076492549855272
0.0088303028182381
0.0004748367577705
0.0033099220239686
0.0004830294574383
0.0000888104528238
0.0001388941665958
0.0001687617493963
0.0000000000000000
0.0000609350714325
