0.0000602318169021
0.0000027647656974
0.0000000000000000
0.0000000000000000
0.0002483625088816
0.0003293214913026
0.0002086693190087
0.0004770530523562
0.0002804676529463
0.0014858132276704
0.0008679180380455
0.0029914916924434
0.0027250063839778
0.0036663601636369
0.0018576456131291
0.0068398895326691
0.0118118372470146
0.0080735188291114
0.0123465434487197
0.0080410654839874
0.0189777440301328
0.0145887010684360
0.0418395227760122
0.0070936196418004
0.0223249915816864
0.0325942576017637
0.0547193001933801
0.0282798214372863
0.0189147117045126
0.0361018588825429
0.0401664191076804
0.0964539999453521
0.0128139646505706
0.0251788513823158
0.0339359185093112
0.1066804822095530
0.0223395034377672
0.0155178871810544
0.0248251762296067
0.0556543151591980
0.0629403248395575
0.0085517328865970
0.0099801488384514
0.0222399241943875
0.0631795956214288
0.0044473650875118
0.0034617522204472
0.0070043704991048
0.0286993021486909
0.0017152015170181
0.0010134001506886
0.0006527298312827
0.0109465172702336
0.0005011887940510
0.0000000000000000
0.0000000000000000
0.0032043526503509
0.0001470864527360
