0.0000000000000499
0.0000000000000881
0.0000000000009808
0.0000000000022250
0.0000000000052008
0.0000000000216128
0.0000000000640082
0.0000000001962549
0.0000000004070143
0.0000000010655177
0.0000000025146907
0.0000000066442424
0.0000000138782249
0.0000000249085462
0.0000000646193961
0.0000001125617547
0.0000001972584801
0.0000004234402307
0.0000006526117479
0.0000011684873329
0.0000022937034597
0.0000034322034991
0.0000059127623074
0.0000109237359183
0.0000158762609565
0.0000267789995285
0.0000450112060457
0.0000623349206973
0.0001046780100073
0.0001649787321042
0.0002261740659967
0.0003658851999437
0.0005360011344563
0.0007218488734654
0.0011339531008194
0.0014920830044871
0.0019515677903957
0.0029781599934282
0.0035689230734691
0.0048169129244479
0.0066879892182166
0.0074005158902722
0.0104348202583770
0.0127055994486032
0.0138386332434715
0.0193011009640089
0.0206066658269261
0.0245000638361863
0.0318735493994144
0.0301582178958413
0.0373711665527195
0.0417491601023980
0.0392169469941315
0.0486062804722749
0.0454509127145875
0.0476681624506077
0.0565860565378056
0.0452579562614309
0.0450614897902115
0.0456113417243934
0.0388192513890719
0.0446333195556103
0.0397423277920219
0.0369225536394715
0.0397627489941486
0.0277311847297153
0.0215052237746873
0.0190793149553641
0.0144362446502597
0.0153013076812281
0.0138127297814310
0.0107591184105736
0.0098696467582834
0.0060860378489052
0.0036897589579521
0.0028214998556494
0.0018021089107301
0.0016511068419511
0.0015909909953222
0.0008612250601985
0.0004475422367189
0.0001890679136764
0.0000637623506318
0.0000518683678795
0.0000278782564539
0.0000135092069362
0.0000050897000364
0.0000005534201828
