0.0000000000017009
0.0000000000167072
0.0000000001291386
0.0000000007777309
0.0000000025387059
0.0000000041828216
0.0000000041887607
0.0000000051350009
0.0000000085125004
0.0000000201686121
0.0000000622927250
0.0000001500998091
0.0000002314074459
0.0000002678261419
0.0000003366430677
0.0000004689039885
0.0000007692705861
0.0000015466063047
0.0000026798959044
0.0000037976479611
0.0000053435864374
0.0000070303272879
0.0000085860523233
0.0000099858204174
0.0000138106394255
0.0000229187314146
0.0000347739192296
0.0000452782724515
0.0000606479411446
0.0000794706478936
0.0000963663524401
0.0001074378144817
0.0001225751861077
0.0001484500117843
0.0002038696595952
0.0002980172650271
0.0003891982494053
0.0004612920783387
0.0005684976309581
0.0006885725187888
0.0007633702044133
0.0008078713925372
0.0009051604950791
0.0010914780348486
0.0014144943938500
0.0018283983029924
0.0021553108080746
0.0024713617009539
0.0028987089973517
0.0032588271022853
0.0034025709803010
0.0035452041326623
0.0039235936066018
0.0045761169538897
0.0055152062118193
0.0064778362128767
0.0072201654961469
0.0080910875846196
0.0090130038002493
0.0094948063758949
0.0095589159051375
0.0098695163158095
0.0106785416424669
0.0118855134651031
0.0133696376630311
0.0147011078686197
0.0159276319629112
0.0172877262093297
0.0181758296294163
0.0181769226486678
0.0179070915270207
0.0181894620304203
0.0190109335698272
0.0201577417311954
0.0214748221846402
0.0227063136947162
0.0239930276482690
0.0248641098470288
0.0247039464364986
0.0237688758745393
0.0229582045711366
0.0226987215225866
0.0228142595648473
0.0232321931590545
0.0238698484110136
0.0245815094443211
0.0249961963485941
0.0245145349013491
0.0232131324109852
0.0216544238063224
0.0203623592968907
0.0194916394815148
0.0189652796971962
0.0187920130172832
0.0188158481182468
0.0187322485037330
0.0180818273558921
0.0168152313072096
0.0152870267095335
0.0138036627086285
0.0125942270372050
0.0117341445875398
0.0111839671484191
0.0108531394399405
0.0105378161326383
0.0099915140043606
0.0091144642058540
0.0080824203815612
0.0070619835705175
0.0061632077474991
0.0054944077286408
0.0050383292671700
0.0047290482894223
0.0044634838385381
0.0041406141278159
0.0037060015510930
0.0032021098565231
0.0027108289003674
0.0022758423455877
0.0019391910864161
0.0017088045698807
0.0015489708495788
0.0014196044134627
0.0012832827597661
0.0011237239161054
0.0009468160675474
0.0007751158767787
0.0006268301968119
0.0005109577130482
0.0004315029742231
0.0003770447275934
0.0003350164910148
0.0002947280107672
0.0002511204361816
0.0002060938911061
0.0001630923098910
0.0001264630108864
0.0000985714863288
0.0000795547388229
0.0000668986656887
0.0000573724223238
0.0000490918670540
0.0000406131229732
0.0000321967683309
0.0000246129284177
0.0000182200192061
0.0000134776543795
0.0000103443370419
0.0000083602535892
0.0000068955727044
0.0000056982699029
0.0000045882821241
0.0000034801532200
0.0000025392947552
0.0000017927202391
0.0000012418769959
0.0000008945847110
0.0000006909157909
0.0000005501862224
0.0000004322481791
0.0000003366723373
0.0000002456742395
0.0000001655139012
0.0000001097462293
0.0000000706776699
0.0000000465784505
0.0000000335638810
0.0000000258109350
0.0000000192602364
0.0000000140258676
0.0000000099016282
0.0000000059550300
0.0000000034608981
0.0000000020371752
0.0000000011696420
0.0000000007321899
0.0000000005262194
0.0000000003888392
0.0000000002446132
0.0000000001581581
0.0000000000867626
0.0000000000341535
0.0000000000143205
0.0000000000051397
0.0000000000012788
0.0000000000003839
0.0000000000000708
