0.0000002778584050
0.0000001834803517
0.0000004027459782
0.0000005554246609
0.0000046071826735
0.0000033356567890
0.0000067740783972
0.0000092774285433
0.0000193193756911
0.0000189368850407
0.0000301500052504
0.0000405919151048
0.0001151394459444
0.0001160008781097
0.0001800300880900
0.0002445798159700
0.0003653275774494
0.0004141199696265
0.0005637810037829
0.0007450013013893
0.0009544829485028
0.0013484176524411
0.0015632709621441
0.0020390912255602
0.0026162219566326
0.0032373282099700
0.0037505442781104
0.0047347734661543
0.0052039667550506
0.0064266125695891
0.0072671548949299
0.0085080839291050
0.0099349711915401
0.0119700046998646
0.0131834046248481
0.0149619919679839
0.0169124691578654
0.0170684901121601
0.0194589038079025
0.0207186100367206
0.0227640362326606
0.0248316995422827
0.0276390584945626
0.0284249533422292
0.0297219436391380
0.0304245298099913
0.0302452053276525
0.0311644038872257
0.0322082524708330
0.0334047846465615
0.0340229866294754
0.0348052968218642
0.0333608715799388
0.0325585707697510
0.0308393532181660
0.0298611979068621
0.0289991504696858
0.0288052262458950
0.0277937322110529
0.0266018013163024
0.0249186533218886
0.0222258162705950
0.0204894895669122
0.0185337237790335
0.0172262254486016
0.0159702157349018
0.0151198991420737
0.0132889436760032
0.0118660349776407
0.0102516332583871
0.0086133657926387
0.0074994910060290
0.0066614774367053
0.0059087819052614
0.0050687246139785
0.0045305145187615
0.0035950670260075
0.0029196101535785
0.0023762158752980
0.0019408762457112
0.0015828197189348
0.0013811924226327
0.0011471503500459
0.0008700555823419
0.0007070952396637
0.0005147640798616
0.0003778546000941
0.0002935504376175
0.0002444664922987
0.0001794959661976
0.0001453805496114
0.0001090278261262
0.0000695257452659
0.0000475346818308
0.0000340338294056
0.0000234614850733
0.0000168852682282
0.0000148071791594
0.0000085998569191
0.0000053581339521
0.0000033712072137
0.0000016468090897
0.0000009699574483
0.0000009073111363
0.0000004944106218
0.0000002848820454
0.0000001908171030
0.0000000406773681
0.0000000252466856
0.0000000067966488
0.0000000009413252
0.0000000006215924
