0.0000087049623265
0.0000221952459406
0.0000179938071309
0.0000215870049370
0.0000139331357817
0.0000133745494896
0.0000098051067712
0.0000485842972115
0.0000990432726785
0.0000769758874946
0.0005623332686522
0.0012595315487391
0.0010299180575985
0.0012091412149798
0.0008031824065480
0.0007445619498184
0.0005334288772955
0.0026279415726663
0.0053570322864492
0.0041634560675838
0.0115340872735070
0.0199832449253623
0.0166769825405014
0.0185770327058321
0.0132210480623037
0.0112619843304385
0.0075844718224751
0.0367590185797914
0.0749227475045065
0.0582295478201138
0.0754447001057424
0.0605394962189390
0.0557433611328418
0.0468723505497171
0.0474653405860525
0.0255762709166489
0.0093535969556563
0.0348502070730711
0.0708538684045879
0.0550672373334526
0.0654582878920985
0.0422359398462713
0.0405426801666880
0.0297225194862869
0.0354613943622075
0.0151389704454034
0.0022121547897020
0.0000887336497079
