0.0000507543927175
0.0000000000000000
0.0000490970915533
0.0002655723612613
0.0000000000000000
0.0038485423090643
0.0001000805368510
0.0035458424580757
0.0188905998507069
0.0001739301786549
0.0323722622273567
0.0071863053905945
0.0188417415414702
0.0793348556570418
0.0123621625247241
0.0965993683706401
0.0347620825225029
0.0489546536090685
0.0368183811820562
0.0512505894555216
0.1128613057561746
0.0389317411052143
0.1146952285374283
0.0502511569475727
0.0202461680398439
0.0429346329878169
0.0460226028080624
0.0065953605419623
0.0432163424860839
0.0230329557199167
0.0051840537463643
0.0215976645101670
0.0076768823184447
0.0014290960434704
0.0068586120415326
0.0045537593401007
0.0006846228207920
0.0043801226619054
0.0011559781255084
0.0002935304491012
0.0010904270468386
0.0002968759944931
0.0000656631136724
0.0003037424688262
0.0000836886773519
0.0000426221115159
0.0000899033289754
0.0000007890427943
0.0000104168341049
0.0000029460342929
0.0000000000000000
0.0000026471356644
0.0000008333885384
0.0000000000000000
0.0000008061756073
