0.0002924908683631
0.0000000000000000
0.0008410700675488
0.0002869290511722
0.0029136640496419
0.0014772324728965
0.0088760862338469
0.0050694314572248
0.0052709044292346
0.0161695981409060
0.0163411023227000
0.0276795443612654
0.0223659508828289
0.0344208856219538
0.0304733232982087
0.0516486022548277
0.0437508455639620
0.0557002503732458
0.0595623657830847
0.0518541148177762
0.0609537521069249
0.0645383624950819
0.0656883289962625
0.0329604639767738
0.0796919049335298
0.0400754217543977
0.0358178822636881
0.0403990470792541
0.0441071624611923
0.0218901713389511
0.0046579974487845
0.0451763121090635
0.0054267589287053
0.0049624466253038
0.0050389777495127
0.0052797789635131
0.0026680688921626
0.0001173113437208
0.0051375517340731
0.0001499527105871
0.0001057921650249
0.0000403382534643
0.0000068513594455
0.0001037916094358
0.0000035803769610
0.0000001199720484
0.0000070454655703
0.0000001208081327
0.0000001352324978
0.0000000461342447
0.0000000000000000
0.0000001326610041
