0.0000000000507154
0.0000000000000000
0.0000000001383631
0.0000000009544260
0.0000000012736902
0.0000000031493788
0.0000000071843023
0.0000000256654478
0.0000000249492020
0.0000000830043964
0.0000001375959586
0.0000001774840863
0.0000005452263725
0.0000005070912838
0.0000012260101981
0.0000019492796296
0.0000022578468363
0.0000049869784094
0.0000055782559388
0.0000092390309923
0.0000136992361918
0.0000169236631615
0.0000266875060457
0.0000333035012662
0.0000456020698680
0.0000608265570264
0.0000762913737905
0.0001016087940655
0.0001246617508371
0.0001567315045906
0.0002008260668458
0.0002280496315890
0.0002972128973971
0.0003488260911770
0.0003950890775947
0.0005172424592271
0.0005536223076151
0.0006786917088228
0.0008079921961443
0.0008862123580407
0.0010853768747775
0.0012176938861419
0.0014123969161439
0.0016313595689521
0.0018490275757687
0.0021619965756530
0.0023663074054288
0.0027725592489279
0.0031144551628966
0.0033298669637163
0.0039952317498420
0.0041471112972963
0.0046322236997355
0.0052531400898821
0.0053424472773533
0.0061012179770753
0.0063925402920789
0.0068252799016419
0.0073839002034470
0.0077088172526423
0.0083422100429062
0.0086262102952039
0.0092840245867640
0.0097425575987600
0.0101059044612762
0.0108598122332665
0.0111686359011648
0.0117232128352093
0.0123292357279033
0.0126920880855321
0.0133736691162097
0.0137164346621324
0.0144356517100250
0.0149822473647078
0.0152010446832002
0.0164719805449014
0.0163254507219228
0.0171672296717176
0.0181254143920257
0.0177229523418096
0.0190822069953412
0.0190946029607668
0.0193951994357048
0.0200767983990289
0.0201425311053812
0.0205990758449770
0.0206977028982192
0.0212311839801420
0.0211818701874210
0.0213994674191867
0.0217419345869403
0.0214494748735452
0.0215792915725145
0.0214997856979991
0.0210718114227277
0.0208817468727091
0.0204287495511615
0.0199583544518257
0.0193847845062028
0.0187810079634913
0.0183399129766812
0.0173285911203629
0.0169551797814450
0.0161786654585890
0.0151239564976104
0.0147940017184039
0.0136294562554394
0.0128671417752254
0.0121390363150058
0.0111537606868365
0.0103477498431925
0.0095333235398505
0.0088152216144649
0.0078425871328235
0.0073579866739406
0.0065547021049182
0.0058152752965341
0.0054306944734401
0.0046458791461247
0.0042014222228460
0.0037396014253332
0.0032041606124956
0.0028310365781066
0.0024513911472960
0.0020955080565176
0.0017770303975736
0.0015457492672008
0.0012701343519865
0.0010725287492246
0.0009158384385343
0.0007292274963108
0.0006182845434389
0.0005063043511406
0.0003997019884854
0.0003300409781164
0.0002622916128364
0.0002004836927091
0.0001620602161270
0.0001217454853472
0.0000905861880762
0.0000703917037979
0.0000488128600623
0.0000363108182909
0.0000251041903624
0.0000171711168222
0.0000116319350361
0.0000073960815505
0.0000049044002675
0.0000027809907192
0.0000018248819044
0.0000009582002859
0.0000005410691522
0.0000003110429748
0.0000001269996321
0.0000000818551680
0.0000000280965397
0.0000000146842221
0.0000000062148172
0.0000000017198341
0.0000000010617966
0.0000000001723433
0.0000000001138978
0.0000000000215112
0.0000000000085996
0.0000000000021633
0.0000000000008406
0.0000000000001247
0.0000000000000798
0.0000000000000082
0.0000000000000031
0.0000000000000008
0.0000000000000000
0.0000000000000000
