0.0000000055018993
0.0000001667952692
0.0000013427038457
0.0000053574217214
0.0000129851632687
0.0000217906956428
0.0000291714251370
0.0000355862596833
0.0000404088181018
0.0000414544558301
0.0000455668856666
0.0000720252347636
0.0001370540323392
0.0002364410938079
0.0003490210903705
0.0004545758060526
0.0005372273860495
0.0005802562319659
0.0005864040769410
0.0006116269017723
0.0007589732337736
0.0011098156970115
0.0016465314531863
0.0022608963410917
0.0028332007759538
0.0032602931573049
0.0034570486602498
0.0034466169645101
0.0034371642439772
0.0037425059294653
0.0046239331180802
0.0061180019967520
0.0079213127056646
0.0095700234165346
0.0107453668973113
0.0112656703036331
0.0110982629773203
0.0106677979990609
0.0107545026505726
0.0119028279462881
0.0141665773653605
0.0171672831895043
0.0200948160399343
0.0220554624331626
0.0226462757694375
0.0220030016081227
0.0206773421021500
0.0196946334875747
0.0200571966330489
0.0219906229246264
0.0249503913891612
0.0280048124012132
0.0300592670698138
0.0303285213024856
0.0288671998598458
0.0264705098205155
0.0242211881440988
0.0231041593117370
0.0235422806582017
0.0251510542872957
0.0270347985665499
0.0282087581955375
0.0279311062230956
0.0260863895352854
0.0233057327347215
0.0205500061444336
0.0185848771422838
0.0177399954721723
0.0178588868824303
0.0183772224365269
0.0185901002294958
0.0179911582384860
0.0164771815942910
0.0143637918262812
0.0122147712753084
0.0105219288190520
0.0094763408292605
0.0089917694057746
0.0088214892726320
0.0086373696398550
0.0081533706453859
0.0072897715512366
0.0061933136660819
0.0050964756692538
0.0041900354361893
0.0035637392292218
0.0031937040719140
0.0029810251565383
0.0028068817277467
0.0025745955065428
0.0022452824805756
0.0018528458633095
0.0014711051564145
0.0011580761105404
0.0009328806874554
0.0007868445798063
0.0006959469096913
0.0006285901349765
0.0005572602231131
0.0004708944322500
0.0003764888216344
0.0002883545756179
0.0002169678671327
0.0001653965066376
0.0001312088703081
0.0001094005051253
0.0000941015187049
0.0000801725980361
0.0000653272066892
0.0000503590840589
0.0000370690165565
0.0000265944026096
0.0000191343603123
0.0000142262537617
0.0000111082309489
0.0000090075146414
0.0000073169719087
0.0000057203497840
0.0000042144626162
0.0000029495592283
0.0000020095772252
0.0000013616041902
0.0000009387453740
0.0000006782684147
0.0000005151283615
0.0000003941471957
0.0000002895706851
0.0000002009069602
0.0000001323206113
0.0000000837628120
0.0000000525534141
0.0000000337374381
0.0000000222992723
0.0000000153246295
0.0000000108678730
0.0000000074523694
0.0000000046820111
0.0000000027303525
0.0000000015436410
0.0000000008664398
0.0000000004979031
0.0000000003042659
0.0000000001941033
0.0000000001263167
0.0000000000819182
0.0000000000479989
0.0000000000229850
0.0000000000087157
0.0000000000026192
0.0000000000005980
0.0000000000000926
0.0000000000000082
0.0000000000000003
