0.0094524915538086
0.0372493901184914
0.0019560187376501
0.0291039195346051
0.0908279405114334
0.0332825399938527
0.0390584876323686
0.0510650450188157
0.0711409727592973
0.0645547853685314
0.0993860338945651
0.0387439996166334
0.0510692155667540
0.0525061246726955
0.0660886287660272
0.0459440580906221
0.0420190675399654
0.0235789065890160
0.0299340132600890
0.0310276891833449
0.0157162836694160
0.0169391774109232
0.0152871524852634
0.0113632176729212
0.0085213162815678
0.0060644627510437
0.0029838856834403
0.0053628293503115
0.0030275752831940
0.0020735267809212
0.0013670297280683
0.0010078675623911
0.0006261948528987
0.0006996122137326
0.0002651942437517
0.0001847857181037
0.0002641354291265
0.0000941257006055
0.0000863927537778
0.0000275114602270
0.0000086566606437
0.0000098534487943
0.0000228595177410
0.0000018624401519
0.0000047907705370
0.0000000623680431
0.0000000665473703
0.0000001927887725
0.0000000101236141
0.0000000398940797
