0.0000000000000260
0.0000000000000706
0.0000000000000489
0.0000000000002701
0.0000000000015662
0.0000000000049743
0.0000000000076457
0.0000000000170984
0.0000000000438658
0.0000000001343073
0.0000000003013818
0.0000000004369822
0.0000000011240775
0.0000000023193874
0.0000000043268745
0.0000000084515346
0.0000000156334112
0.0000000277898404
0.0000000534943608
0.0000000917601534
0.0000001569354912
0.0000002753833872
0.0000004553151613
0.0000007724174770
0.0000012732841546
0.0000020167366493
0.0000031993507018
0.0000052125102930
0.0000079435912292
0.0000122131486996
0.0000185651273281
0.0000278825105940
0.0000413259416294
0.0000610321386917
0.0000869687440330
0.0001250095425775
0.0001783659596120
0.0002466465204683
0.0003450330823500
0.0004654680113180
0.0006247373495388
0.0008409871868129
0.0011266269862548
0.0014209907684882
0.0018591456803230
0.0023713318026080
0.0029771964827553
0.0036793979851082
0.0045948815621572
0.0055014708211684
0.0065881649340570
0.0080321258587061
0.0093195259867171
0.0108204744283035
0.0124568477339095
0.0145145995220954
0.0161563828900883
0.0181948986022170
0.0201192482592792
0.0222661198112946
0.0243375796237594
0.0261390584161120
0.0280592881701043
0.0298081547662214
0.0316636057606085
0.0326118375372128
0.0341416141435976
0.0349534648038570
0.0357615933120557
0.0359215981425975
0.0362338452499286
0.0359526067532000
0.0355524254107797
0.0348682749691961
0.0336357532528964
0.0326427027893385
0.0311704347290343
0.0296593061990805
0.0276417457181419
0.0260931432219198
0.0240040272717351
0.0221917283321590
0.0201567748650307
0.0182656544352923
0.0162833034695778
0.0146318741650651
0.0129440558328991
0.0112224134884967
0.0097421674742134
0.0084662667620004
0.0073087814747538
0.0060567537924176
0.0051179722543096
0.0042974831216224
0.0036152907070042
0.0028607978908932
0.0023572354430650
0.0019097059156810
0.0015490591960646
0.0011829268621938
0.0009484282648569
0.0007355415363090
0.0005716539754435
0.0004275060715259
0.0003291236357472
0.0002438513577334
0.0001806216531777
0.0001334168757376
0.0000973174692435
0.0000690919150394
0.0000480037608560
0.0000355218618694
0.0000241579278408
0.0000163853370967
0.0000105853722138
0.0000079413309714
0.0000048529348901
0.0000032014964034
0.0000019268629441
0.0000014182348656
0.0000007578098848
0.0000005174939504
0.0000002800127917
0.0000001875009407
0.0000000923516767
0.0000000664901084
0.0000000305642353
0.0000000178175404
0.0000000088228749
0.0000000058747399
0.0000000024973953
0.0000000012729785
0.0000000005812452
0.0000000002943107
0.0000000001569471
0.0000000000564746
0.0000000000258641
0.0000000000070319
0.0000000000056394
0.0000000000007447
0.0000000000008979
0.0000000000001013
0.0000000000000065
0.0000000000000177
