0.0000000000000020
0.0000000000000000
0.0000000000000431
0.0000000000000000
0.0000000000003761
0.0000000000000000
0.0000000000022133
0.0000000000000000
0.0000000000119355
0.0000000000000000
0.0000000000529680
0.0000000000000000
0.0000000002318460
0.0000000000000000
0.0000000009260053
0.0000000000000000
0.0000000036726322
0.0000000000000000
0.0000000125173147
0.0000000000000000
0.0000000404056590
0.0000000000000000
0.0000001177575248
0.0000000000000000
0.0000003155404523
0.0000000000000000
0.0000008162978568
0.0000000000000000
0.0000019934656674
0.0000000000000000
0.0000046913133252
0.0000000000000000
0.0000102902138517
0.0000000000000000
0.0000221318373186
0.0000000000000000
0.0000447654657082
0.0000000000000000
0.0000886316237772
0.0000000000000000
0.0001670699374991
0.0000000000000000
0.0003074038583573
0.0000000000000000
0.0005386971131223
0.0000000000000000
0.0009203040094916
0.0000000000000000
0.0015174221430399
0.0000000000000000
0.0024204686319520
0.0000000000000000
0.0037386295122587
0.0000000000000000
0.0055895588958707
0.0000000000000000
0.0081139060668880
0.0000000000000000
0.0113603249435676
0.0000000000000000
0.0155167095033812
0.0000000000000000
0.0204696631661048
0.0000000000000000
0.0262392902902148
0.0000000000000000
0.0326659941252451
0.0000000000000000
0.0394782829228626
0.0000000000000000
0.0463305361680882
0.0000000000000000
0.0528112312394233
0.0000000000000000
0.0586266720038679
0.0000000000000000
0.0630263200333854
0.0000000000000000
0.0660573207506621
0.0000000000000000
0.0672784398914578
0.0000000000000000
0.0664981398850927
0.0000000000000000
0.0640073173547338
0.0000000000000000
0.0598914170253642
0.0000000000000000
0.0544560332704553
0.0000000000000000
0.0480669516525982
0.0000000000000000
0.0414176685991685
0.0000000000000000
0.0345550100322820
0.0000000000000000
0.0280075850780050
0.0000000000000000
0.0222124478567845
0.0000000000000000
0.0169910997840776
0.0000000000000000
0.0126617499723066
0.0000000000000000
0.0092180535622458
0.0000000000000000
0.0064793538547988
0.0000000000000000
0.0044293022929255
0.0000000000000000
0.0029568133420178
0.0000000000000000
0.0019119433537805
0.0000000000000000
0.0011932552438091
0.0000000000000000
0.0007308375197977
0.0000000000000000
0.0004333838966146
0.0000000000000000
0.0002460654377492
0.0000000000000000
0.0001376419941652
0.0000000000000000
0.0000745994455629
0.0000000000000000
0.0000384632682910
0.0000000000000000
0.0000193231556109
0.0000000000000000
0.0000095753813212
0.0000000000000000
0.0000044647185297
0.0000000000000000
0.0000019695442363
0.0000000000000000
0.0000008815179148
0.0000000000000000
0.0000003697277442
0.0000000000000000
0.0000001416482194
0.0000000000000000
0.0000000541348134
0.0000000000000000
0.0000000203369528
0.0000000000000000
0.0000000067064065
0.0000000000000000
0.0000000020019520
0.0000000000000000
0.0000000006467316
0.0000000000000000
0.0000000001647764
0.0000000000000000
0.0000000000349090
0.0000000000000000
0.0000000000085584
0.0000000000000000
0.0000000000007283
