0.0000003431403583
0.0000082132168942
0.0000164566818188
0.0000002475464699
0.0000068334155879
0.0000337870769204
0.0000492829979673
0.0000458284821335
0.0000915134273817
0.0000865627901303
0.0002098794490535
0.0003080626593437
0.0002557482985384
0.0002958865261981
0.0006379318087266
0.0008213371974765
0.0009733437095932
0.0012515594473000
0.0013689318291991
0.0020774533381676
0.0026377864411068
0.0029851230705380
0.0031894061227001
0.0045378527850195
0.0053819615013088
0.0066735125532749
0.0064725229389993
0.0079876865598293
0.0100970572479391
0.0121536413345465
0.0113465588215862
0.0135087950116237
0.0158540868892620
0.0183702584072311
0.0184881857409694
0.0197336334876016
0.0219782392393698
0.0255954408164769
0.0256490460367789
0.0257640413413452
0.0280686880737501
0.0304469576982123
0.0314865806326735
0.0311777711032343
0.0315314723359265
0.0328825182489481
0.0347223868014408
0.0328075933283476
0.0324566887420979
0.0323881261753712
0.0331219730131232
0.0316789747700920
0.0304185271390696
0.0280419749672149
0.0286109903715735
0.0273872014389030
0.0251423046992768
0.0226219437159494
0.0219603927858498
0.0207064350582658
0.0190260807852083
0.0162195147205902
0.0147682719321205
0.0143201187725945
0.0126414763663915
0.0103279301704099
0.0091327753865711
0.0084887115874489
0.0072807804324553
0.0060610371199130
0.0048775438644135
0.0043905447317231
0.0037765744410107
0.0029628060760706
0.0023094571275495
0.0020260205031239
0.0015814712791687
0.0012800028235187
0.0009993579583878
0.0007309910642190
0.0005670541334794
0.0004752930320339
0.0003352213159219
0.0002357293802194
0.0001770129984793
0.0001201862993364
0.0001012105543131
0.0000650571257157
0.0000329868352096
0.0000300983239503
0.0000249496362369
0.0000088849949287
0.0000082842546757
0.0000061153117418
0.0000018475953533
0.0000020873763178
0.0000016734967045
0.0000003147235710
0.0000003781751410
0.0000003840544277
0.0000000612696251
0.0000000696869270
0.0000000564131825
0.0000000077466150
0.0000000123344161
0.0000000118200319
0.0000000003629427
0.0000000012038926
0.0000000017844375
0.0000000000017998
0.0000000000430790
0.0000000000863167
