0.0000000000134855
0.0000000000834158
0.0000000002384281
0.0000000006803425
0.0000000011171291
0.0000000012202650
0.0000000010985290
0.0000000006894300
0.0000000005476665
0.0000000014770987
0.0000000045745159
0.0000000124486753
0.0000000227169015
0.0000000370081952
0.0000000472197074
0.0000000445874170
0.0000000367993208
0.0000000267386079
0.0000000349012269
0.0000000776443393
0.0000001758207054
0.0000003755732064
0.0000005867028280
0.0000007755651082
0.0000008504564504
0.0000007217078044
0.0000005628083932
0.0000004904882784
0.0000008120977847
0.0000016140787204
0.0000030649360658
0.0000055169594201
0.0000076720827439
0.0000089386495653
0.0000088035632116
0.0000069074414438
0.0000052848846448
0.0000055827469658
0.0000102410177196
0.0000186666176678
0.0000313913334879
0.0000493183620980
0.0000619991565158
0.0000657005385888
0.0000594335149203
0.0000440678752764
0.0000344551732393
0.0000434848089978
0.0000819368298830
0.0001385828430373
0.0002119813777027
0.0002970121760565
0.0003406402195826
0.0003332356523748
0.0002804879707448
0.0002003001885004
0.0001665511258390
0.0002432925871806
0.0004514658894499
0.0007131817961099
0.0010063869504472
0.0012751013492613
0.0013427813706227
0.0012223533740444
0.0009657433867407
0.0006769133013480
0.0006195882037342
0.0010066063263421
0.0017976766012684
0.0026635339115958
0.0034935885766297
0.0040386491827324
0.0039236050552095
0.0033393421291063
0.0024944781929316
0.0017524569863867
0.0018095317541722
0.0031396566046944
0.0053303023284308
0.0074291453627172
0.0090907696194904
0.0096417340960643
0.0086711639711615
0.0069211550304895
0.0049248572098929
0.0035523007830470
0.0041843447351806
0.0074771546293995
0.0119918448244915
0.0157540289815452
0.0180060656459296
0.0175751485800582
0.0146662304690758
0.0110047139189762
0.0075265982120951
0.0057267479526239
0.0076690378704271
0.0137012705968454
0.0206971447639788
0.0256607853076353
0.0273781491115784
0.0246223678416917
0.0190940129476436
0.0135004181109187
0.0089795056901614
0.0074121581568104
0.0110980140526724
0.0193807033974218
0.0275473133027889
0.0322461030028297
0.0320511567794410
0.0265508737439239
0.0191498707878818
0.0127983393851947
0.0084063787214113
0.0077202766791856
0.0125880820009133
0.0211423500003748
0.0282815447322629
0.0312419924304034
0.0288352222193301
0.0219672262560665
0.0147434311688635
0.0093582315554220
0.0061888264558704
0.0064337433195151
0.0110749840104352
0.0176948168722174
0.0222988916803412
0.0232126246101475
0.0198060321512022
0.0138382582590118
0.0086474252895330
0.0052530056408409
0.0035770016304006
0.0042288942770291
0.0074527310808752
0.0112497875758910
0.0133789430400178
0.0130907333596619
0.0102674334980968
0.0065546143301840
0.0038186376540698
0.0022467474978363
0.0016107497064131
0.0021431444721741
0.0037650125922084
0.0053495018972433
0.0060182729041154
0.0055147874001497
0.0039479920987615
0.0022920061059143
0.0012489591221563
0.0007244507365810
0.0005556910919704
0.0008115093522287
0.0013920490716758
0.0018595736675762
0.0019850678387107
0.0016956591824605
0.0010981859578144
0.0005764640076840
0.0002959574647145
0.0001733835619659
0.0001425695524735
0.0002201284036153
0.0003633528865078
0.0004568006523918
0.0004643925427067
0.0003678843018902
0.0002130966160717
0.0001004006807958
0.0000492889456803
0.0000300501354580
0.0000259632972635
0.0000403373199147
0.0000633947666652
0.0000752156904470
0.0000731343120481
0.0000534693290314
0.0000272910683691
0.0000114198883764
0.0000055136983707
0.0000036142029183
0.0000031282118970
0.0000045580567873
0.0000067395489866
0.0000075773774525
0.0000070820426717
0.0000047645813914
0.0000021034644230
0.0000007688680235
0.0000003837084674
0.0000002782389702
0.0000002230330986
0.0000002678260623
0.0000003611508091
0.0000003864158283
0.0000003494705509
0.0000002171187723
0.0000000816873404
0.0000000255164902
0.0000000141800317
0.0000000115000280
0.0000000077108402
0.0000000053438301
0.0000000054342463
0.0000000055082369
0.0000000049064629
0.0000000029428442
0.0000000010193783
0.0000000002888010
0.0000000001738622
0.0000000001496843
0.0000000000891946
0.0000000000284102
0.0000000000041779
0.0000000000002226
