0.0000027810947255
0.0000000000000000
0.0000002170957093
0.0000000000000000
0.0000043209441715
0.0000273904477089
0.0000092883741620
0.0000094778844946
0.0000301261346511
0.0000442264187658
0.0000938324117089
0.0001029686667619
0.0001284078272079
0.0003229247325109
0.0002410582096851
0.0003188584538288
0.0004318005907864
0.0007584997724129
0.0012519450749251
0.0013276151202752
0.0014522797853428
0.0014402556903722
0.0023464519852905
0.0032502443369879
0.0045666220651880
0.0044888541788531
0.0051549399424614
0.0054079555607038
0.0077202027194718
0.0089469252196874
0.0104985178053328
0.0126371515473225
0.0120779155942709
0.0139929303830837
0.0151459092529820
0.0196660435247652
0.0201498082110290
0.0213614809004267
0.0224070033240245
0.0242403179837889
0.0261803259424998
0.0275744953933705
0.0291903470744802
0.0305183922191915
0.0306920858375392
0.0308674855995278
0.0321303487868351
0.0323213545352236
0.0335432895883144
0.0321457561199708
0.0326895420110921
0.0307960712448880
0.0312841369488347
0.0300971465603983
0.0291931827662504
0.0283040215712960
0.0264899895845925
0.0252366353399785
0.0234128126733450
0.0226703336892520
0.0209499691512040
0.0195296958009900
0.0174442253165891
0.0159373970449203
0.0148298782572729
0.0138192462607546
0.0121107790620480
0.0105537999894717
0.0092683349729139
0.0085330284197448
0.0077143564639019
0.0066465839704021
0.0054604555760870
0.0046743453566347
0.0042467282990924
0.0037335127277698
0.0031318665045810
0.0024722984494245
0.0020512130245207
0.0017715441037115
0.0016012601825974
0.0012627193371197
0.0009755545914827
0.0007568312816033
0.0006562821111843
0.0005627539784883
0.0004533932996409
0.0003345783126345
0.0002381238503566
0.0002004364450068
0.0001690347117585
0.0001391048055420
0.0000985752865597
0.0000675187353537
0.0000487790970594
0.0000426108714208
0.0000348049101849
0.0000255757571221
0.0000161143903316
0.0000105006904374
0.0000082471224287
0.0000071614994192
0.0000056027899308
0.0000032498212452
0.0000017994950635
0.0000013203143322
0.0000011479386360
0.0000009635315511
0.0000005953916357
0.0000002311990239
0.0000001522918663
0.0000001230768562
0.0000001395458719
0.0000000789601108
0.0000000325223562
0.0000000078243187
0.0000000073047606
0.0000000124320248
0.0000000080604165
0.0000000030968917
0.0000000005953076
0.0000000001671018
0.0000000000000000
0.0000000008053102
0.0000000000000000
0.0000000000628635
