0.0010071146297264
0.0000000000000000
0.0043910358700905
0.0004574349032655
0.0059211621681229
0.0132931840648715
0.0035983492006547
0.0521740989638975
0.0072491411570243
0.0690310896939885
0.0406819696297857
0.0426359973916455
0.1068710653554809
0.0328148376207054
0.1287855930492818
0.0509912740936500
0.0859107177577577
0.0602611705120611
0.0516608703560824
0.0534643160886858
0.0335617403772430
0.0434345826551735
0.0218058442367582
0.0268191294568671
0.0168380177082779
0.0138027697696356
0.0092180807821079
0.0080997909686773
0.0046269558344441
0.0034639411838546
0.0026978950597676
0.0015325555259225
0.0010804596592479
0.0006394352288317
0.0005350046133304
0.0002085922732305
0.0002329693866044
0.0000678675860280
0.0000691930134632
0.0000231682180020
0.0000202901809988
0.0000081883239874
0.0000093862860570
0.0000000000000000
0.0000037191647113
