0.0000000012613991
0.0000000065873111
0.0000000106497235
0.0000000237175687
0.0000000827817722
0.0000001280320739
0.0000002185912674
0.0000004620124918
0.0000006419973935
0.0000013151651119
0.0000021031538681
0.0000027187901728
0.0000054191727010
0.0000086388597523
0.0000118053920755
0.0000182088356689
0.0000293329700440
0.0000398360981756
0.0000678347411369
0.0000998178148042
0.0001227248783422
0.0002179162401523
0.0002668046478278
0.0003244590863428
0.0004500422674138
0.0005299413747756
0.0006828103513920
0.0008391425927845
0.0012425104945723
0.0014603702796177
0.0018525688378114
0.0024139913647973
0.0025709748968443
0.0031332305748490
0.0038594885179655
0.0046097112579099
0.0052187055070544
0.0068187084123241
0.0076606964593237
0.0084061535279017
0.0100490144473296
0.0116867256877540
0.0128374491319480
0.0149999679880314
0.0178709503147056
0.0179274184330703
0.0205863020856151
0.0220289344053967
0.0238880258147528
0.0254846875626422
0.0303896794622945
0.0326725622622352
0.0323582187337852
0.0372338148809710
0.0339215756459077
0.0349621160128580
0.0358065293967975
0.0383984142474805
0.0391881739098678
0.0395344474135917
0.0417274973962476
0.0356899020753176
0.0346324937381518
0.0327506610156094
0.0298897275875793
0.0290751213029002
0.0288612592314509
0.0261904119658491
0.0234852397517704
0.0207015992040263
0.0173218547335020
0.0148142590382869
0.0128588849823182
0.0119102069839023
0.0100544277142802
0.0089586618395984
0.0072874828985414
0.0056292886349540
0.0045665751553749
0.0036005020671634
0.0030084159984695
0.0026884812028892
0.0021149748284051
0.0017234134651579
0.0013706519806450
0.0009118362761708
0.0007592217582842
0.0006101156095699
0.0004630870827126
0.0004154077885613
0.0003210996813041
0.0002135271362997
0.0001710003312647
0.0001092183235987
0.0000822700895691
0.0000714843475615
0.0000506848618186
0.0000387771808839
0.0000298151931516
0.0000144536771567
0.0000116084357130
0.0000068454962620
0.0000041791270307
0.0000036977636048
0.0000027387121879
0.0000010806404998
0.0000010413547930
0.0000001359583900
0.0000001065380297
0.0000000058116392
