0.0000031605795094
0.0000406972134331
0.0000118220358031
0.0003309546897103
0.0039463062272976
0.0012640138824172
0.0032351931130265
0.0108479327590050
0.0147099856704598
0.0097404380410014
0.0178783449829298
0.0507760248776454
0.0188982656916054
0.0355011855830246
0.0745587209156583
0.0795764836374346
0.0588037878797660
0.0835321660274246
0.1565605832399946
0.0631407777628343
0.0967288664562099
0.1030928421873907
0.0372682728800988
0.0531738972843375
0.0142838105650562
0.0084436953006285
0.0022297144409601
0.0010209771454729
0.0002437490327710
0.0001267312902600
0.0000305986068333
