0.0000000000000092
0.0000000000000000
0.0000000000002869
0.0000000000000000
0.0000000000028702
0.0000000000000000
0.0000000000139649
0.0000000000000000
0.0000000000489325
0.0000000000000000
0.0000000001829155
0.0000000000000000
0.0000000006502586
0.0000000000000000
0.0000000019399583
0.0000000000000000
0.0000000054973836
0.0000000000000000
0.0000000155301071
0.0000000000000000
0.0000000407567702
0.0000000000000000
0.0000001002322961
0.0000000000000000
0.0000002438419906
0.0000000000000000
0.0000005706258957
0.0000000000000000
0.0000012566791087
0.0000000000000000
0.0000027237716815
0.0000000000000000
0.0000058083906520
0.0000000000000000
0.0000117091650657
0.0000000000000000
0.0000227883193326
0.0000000000000000
0.0000444303421219
0.0000000000000000
0.0000837432947716
0.0000000000000000
0.0001489644884527
0.0000000000000000
0.0002622924043286
0.0000000000000000
0.0004617135187942
0.0000000000000000
0.0007717509841136
0.0000000000000000
0.0012311831206486
0.0000000000000000
0.0019771571232927
0.0000000000000000
0.0031269028268392
0.0000000000000000
0.0046430511894891
0.0000000000000000
0.0067094725728389
0.0000000000000000
0.0097959271599861
0.0000000000000000
0.0137760077396744
0.0000000000000000
0.0182087918712418
0.0000000000000000
0.0239010574209489
0.0000000000000000
0.0313049516868660
0.0000000000000000
0.0386553207349089
0.0000000000000000
0.0456252172863265
0.0000000000000000
0.0540035479932057
0.0000000000000000
0.0620336897944059
0.0000000000000000
0.0667476998590903
0.0000000000000000
0.0704900890030407
0.0000000000000000
0.0736567533229854
0.0000000000000000
0.0725282409822113
0.0000000000000000
0.0687070138806555
0.0000000000000000
0.0643158816466541
0.0000000000000000
0.0576097999579794
0.0000000000000000
0.0492675723098746
0.0000000000000000
0.0412213245910812
0.0000000000000000
0.0333436616178594
0.0000000000000000
0.0257197027709135
0.0000000000000000
0.0192647925393270
0.0000000000000000
0.0139912170637749
0.0000000000000000
0.0096758147460043
0.0000000000000000
0.0064785670710136
0.0000000000000000
0.0041984184391384
0.0000000000000000
0.0025841941730768
0.0000000000000000
0.0015386011302870
0.0000000000000000
0.0008824946830170
0.0000000000000000
0.0004799299085784
0.0000000000000000
0.0002522190267049
0.0000000000000000
0.0001268740822929
0.0000000000000000
0.0000605034489070
0.0000000000000000
0.0000278117442009
0.0000000000000000
0.0000121683009516
0.0000000000000000
0.0000050484554185
0.0000000000000000
0.0000020065600210
0.0000000000000000
0.0000007574856243
0.0000000000000000
0.0000002699972661
0.0000000000000000
0.0000000911658747
0.0000000000000000
0.0000000291705342
0.0000000000000000
0.0000000085656462
0.0000000000000000
0.0000000023393202
0.0000000000000000
0.0000000005978186
0.0000000000000000
0.0000000001295011
0.0000000000000000
0.0000000000249810
0.0000000000000000
0.0000000000040888
0.0000000000000000
0.0000000000003308
