0.0001702467892486
0.0012375276480579
0.0022397895962837
0.0003220741365997
0.0000160479441403
0.0000022452986375
0.0001387169202079
0.0010083363379031
0.0024348416785703
0.0085595476810935
0.0361514333413014
0.0521896505538675
0.0077269181886505
0.0004239655315896
0.0005504520387096
0.0067608473635019
0.0294454989416554
0.0563643704979528
0.1073752199123829
0.1864362497279863
0.0368311046048123
0.0103476322354293
0.0014136797610013
0.0113448917644093
0.0823676255859836
0.1516266217314435
0.0312827281883012
0.0201626875303195
0.0345747081352850
0.0322343048417696
0.0053343423263164
0.0006694647276820
0.0011478776546147
0.0095621161667039
0.0272332258688092
0.0262202521253143
0.0045508914885337
0.0021601312998547
0.0034738053476858
0.0015793296042333
0.0002179094597428
0.0000155101402989
0.0001724704523402
0.0013156554704637
0.0027761078421222
0.0012847451522540
0.0001856889890900
0.0000733526176463
0.0001110161399495
0.0000158264982263
0.0000007873363092
0.0000001101577328
0.0000068056610256
0.0000494704993829
0.0000895361893649
0.0000128749999250
0.0000006415208678
0.0000000897564148
