0.0000000000003562
0.0000000000000000
0.0000000000015334
0.0000000000858901
0.0000000003129848
0.0000000003710384
0.0000000014609374
0.0000000754670036
0.0000000064136280
0.0000003244612208
0.0000001253625241
0.0000013506466707
0.0000007742186474
0.0000044764803212
0.0000032461393942
0.0000106074644413
0.0000117224472749
0.0000247973392723
0.0000323464748076
0.0000560683519751
0.0000744608730600
0.0001137329029498
0.0001619019747239
0.0002155743885829
0.0003199916596313
0.0003898364104784
0.0005688559655539
0.0006813113163220
0.0009409106711044
0.0011388123334618
0.0014623309615388
0.0018019352932084
0.0021803933687289
0.0026928864657597
0.0031596087689954
0.0038113802048639
0.0044218248662686
0.0051828580835982
0.0059621157254049
0.0068227040441619
0.0077397504521377
0.0087108855549392
0.0097012651987390
0.0107978126923853
0.0118039066282285
0.0129655504047053
0.0139781048255688
0.0151081308313692
0.0161097998061057
0.0171383883481880
0.0180705294341487
0.0189349009140234
0.0197600706609056
0.0204044251885896
0.0210787265578087
0.0214770812086959
0.0219527086125778
0.0221000833663474
0.0223504143452438
0.0222854548562763
0.0222640586941227
0.0220492566762561
0.0217596030124801
0.0214189405945082
0.0209376460764863
0.0204749713706870
0.0198801795629526
0.0193190561581258
0.0186885015701205
0.0180700367956424
0.0174477662571763
0.0168319308961477
0.0162334510413436
0.0156786932891033
0.0151304172546926
0.0146482412945855
0.0141789825338829
0.0137638889783566
0.0133896720978729
0.0130326608753751
0.0127445703863146
0.0124351285806560
0.0121986853420915
0.0119453003889512
0.0117083830370008
0.0115071344618661
0.0112391916087766
0.0110603003078967
0.0107580672962507
0.0105601731969129
0.0102383730617471
0.0099762246801886
0.0096532756731699
0.0093098364224974
0.0089781615097484
0.0085751811633448
0.0082145397081420
0.0077826648114299
0.0073840635262410
0.0069487605909132
0.0065206841157967
0.0060911873454811
0.0056595539448975
0.0052336365787177
0.0048277356708937
0.0044103998215369
0.0040397024184396
0.0036504137979070
0.0033108020446145
0.0029700553927889
0.0026591027911273
0.0023730249552085
0.0020954552868463
0.0018591833029449
0.0016241442959111
0.0014262066014064
0.0012385263199217
0.0010721872486146
0.0009272444688152
0.0007929689849155
0.0006798690097528
0.0005775531968032
0.0004882353966160
0.0004139747829367
0.0003446211737963
0.0002908222455210
0.0002397867389294
0.0001998120764728
0.0001645753270786
0.0001345916488173
0.0001108601558842
0.0000892597139916
0.0000729910570258
0.0000584804466484
0.0000469881457244
0.0000376932243948
0.0000296927207005
0.0000237793816912
0.0000185323404459
0.0000146023189509
0.0000114017768952
0.0000087542148694
0.0000068643137209
0.0000051609283303
0.0000040064603874
0.0000029949581843
0.0000022681524065
0.0000017032025405
0.0000012544957321
0.0000009394919247
0.0000006811503416
0.0000004999990024
0.0000003646387235
0.0000002555523159
0.0000001895284078
0.0000001275499372
0.0000000933404873
0.0000000633007142
0.0000000428805699
0.0000000307513103
0.0000000188954353
0.0000000139315384
0.0000000084485514
0.0000000056499434
0.0000000037823672
0.0000000021583411
0.0000000015228428
0.0000000008645846
0.0000000004712181
0.0000000003597364
0.0000000001045054
0.0000000001222132
0.0000000000212974
0.0000000000267142
0.0000000000064810
0.0000000000032556
0.0000000000020535
0.0000000000001921
0.0000000000004062
0.0000000000000042
0.0000000000000398
0.0000000000000000
0.0000000000000014
