0.0000000000006905
0.0000000000429035
0.0000000008910822
0.0000000088245787
0.0000000492688629
0.0000001691871969
0.0000003755566207
0.0000005576943022
0.0000005819094840
0.0000004887634905
0.0000004325203425
0.0000004522065424
0.0000005654832346
0.0000013461954326
0.0000046366732059
0.0000128070543421
0.0000248342298868
0.0000337912601549
0.0000337874960542
0.0000286309028786
0.0000260477114683
0.0000268846044394
0.0000309673394450
0.0000558701066275
0.0001410744367185
0.0003047815264651
0.0004797472535354
0.0005510327709342
0.0005017183362346
0.0004360199611420
0.0004209472143557
0.0004240070834795
0.0004649013711932
0.0007564715290812
0.0015696619549149
0.0027947008009342
0.0037410726457386
0.0038190589715469
0.0033361808542692
0.0030133431287130
0.0029612586678903
0.0028709736580460
0.0030469366971314
0.0046205706104173
0.0082647600650439
0.0125521789238725
0.0146631763423216
0.0137266270745303
0.0119340288860404
0.0111924313713244
0.0108541560848838
0.0100446480237573
0.0103699842662430
0.0147197366177495
0.0230951963435698
0.0305254740029835
0.0317826235573661
0.0280589601116998
0.0248201050881206
0.0237960625521215
0.0222936349033501
0.0196342212703867
0.0196747566164705
0.0259847420534202
0.0359062726488941
0.0416329451677742
0.0392421691473603
0.0335790477995800
0.0305440060201806
0.0292363004922284
0.0260230701880664
0.0217896385935977
0.0210278291172071
0.0254343204487427
0.0307523839651494
0.0312757236644887
0.0270167424879823
0.0229679459243346
0.0214218291441181
0.0199045078104613
0.0165820797615328
0.0131929539693539
0.0120938883684446
0.0129766588300064
0.0133802173278244
0.0118311733363953
0.0095195482206910
0.0081745399959416
0.0075932582908283
0.0065937715875802
0.0050700616502996
0.0038452189688619
0.0032813472822393
0.0029478215304030
0.0024249330373184
0.0018230875879248
0.0014229598037960
0.0012118285180045
0.0010017089615953
0.0007439779191908
0.0005259628768734
0.0003940278513495
0.0003095676153953
0.0002313076558177
0.0001610808258527
0.0001129161242921
0.0000833672578471
0.0000609826819363
0.0000419124733492
0.0000279782356052
0.0000194161408672
0.0000139944791907
0.0000097350782957
0.0000062550246685
0.0000038640746699
0.0000024725162033
0.0000016214843790
0.0000009987468801
0.0000005714915195
0.0000003461039828
0.0000002388896826
0.0000001630076341
0.0000000970759837
0.0000000522095514
0.0000000280834079
0.0000000145499686
0.0000000063943371
0.0000000023690887
0.0000000008600035
0.0000000003638208
0.0000000001843894
0.0000000000925866
0.0000000000361726
0.0000000000095716
0.0000000000016002
0.0000000000001595
0.0000000000000086
0.0000000000000002
