0.0000000000193711
0.0000000000000000
0.0000000000274710
0.0000000000125486
0.0000000005036712
0.0000000000611421
0.0000000008775982
0.0000000010377928
0.0000000045328514
0.0000000026162619
0.0000000107739999
0.0000000217822390
0.0000000244950184
0.0000000461808665
0.0000000772626119
0.0000001891478878
0.0000001792493163
0.0000004364574612
0.0000005095442430
0.0000009671149830
0.0000011997230883
0.0000024819153432
0.0000031059078824
0.0000050202072122
0.0000065889136116
0.0000103283725932
0.0000141492251616
0.0000210656385401
0.0000304524067383
0.0000409965457803
0.0000569584640933
0.0000729302748428
0.0001072808195359
0.0001376066412346
0.0001950439126383
0.0002456275873022
0.0003349773366610
0.0003988020616381
0.0005443537663362
0.0006774981544259
0.0009031030172041
0.0011079236458950
0.0014019869273579
0.0016757826195253
0.0020258026596353
0.0025314316887750
0.0030634226941438
0.0037895461588951
0.0044322698458525
0.0052234872383646
0.0059082560787620
0.0070671482381735
0.0080079345610317
0.0096868745059874
0.0108108191152174
0.0123098543956566
0.0134241076392387
0.0149635207663816
0.0165535342143596
0.0185425741925598
0.0205043545440978
0.0221804586265407
0.0235112336495264
0.0247936034426167
0.0263176595030433
0.0275653617576690
0.0301413224954396
0.0305124569575110
0.0320880293098731
0.0319976181645971
0.0320877368500926
0.0327368494920668
0.0335548470337136
0.0330471140146378
0.0335959487845941
0.0320642122044734
0.0307147901919438
0.0304362369174874
0.0288156671893724
0.0282218676679403
0.0269792650306497
0.0250954315040630
0.0232089640145166
0.0218880698545877
0.0196701520711427
0.0186999069551611
0.0169454741790304
0.0153855277279736
0.0137472264493612
0.0123126773489407
0.0107486581403096
0.0096228539191138
0.0084566223627692
0.0073845406909382
0.0063872051721119
0.0054800049480835
0.0046541805230885
0.0039165351186129
0.0033547834159933
0.0027835105321704
0.0023435574293634
0.0019301441465698
0.0015836394689296
0.0012783402701394
0.0010502827813671
0.0008310579779980
0.0006791101204654
0.0005360843260838
0.0004227470458543
0.0003323847212849
0.0002582941128430
0.0001975433681061
0.0001538696345676
0.0001172496061318
0.0000882904898250
0.0000674186316691
0.0000497266939845
0.0000369660245605
0.0000269836866454
0.0000200153516328
0.0000142589871560
0.0000104739757714
0.0000073885071396
0.0000052748850309
0.0000036497632545
0.0000025840688155
0.0000017425751637
0.0000012270692109
0.0000008219800083
0.0000005480480774
0.0000003750506714
0.0000002399769672
0.0000001555682247
0.0000001037896478
0.0000000662814582
0.0000000390330087
0.0000000274446945
0.0000000153419178
0.0000000094054350
0.0000000057537366
0.0000000037059835
0.0000000017365288
0.0000000012542575
0.0000000006443359
0.0000000003245873
0.0000000001922063
0.0000000001165523
0.0000000000433459
0.0000000000279283
0.0000000000151660
0.0000000000049049
0.0000000000031226
0.0000000000013994
0.0000000000004934
0.0000000000001442
0.0000000000001237
0.0000000000000211
0.0000000000000019
0.0000000000000054
0.0000000000000000
0.0000000000000001
