0.0000000067968890
0.0000000711465614
0.0000002640857521
0.0000004238463099
0.0000003181199145
0.0000001776545667
0.0000002404435493
0.0000004756079354
0.0000006443839474
0.0000007817974212
0.0000020170215919
0.0000071858356560
0.0000198092325462
0.0000299078387714
0.0000229403567906
0.0000145317663680
0.0000194826788843
0.0000345600272469
0.0000450365476727
0.0000542975022195
0.0001129433071367
0.0002226037942567
0.0003563603881598
0.0004432258090813
0.0003662727155299
0.0003218074137454
0.0004227634873676
0.0005652274392377
0.0006440823112422
0.0007580708957883
0.0014695945312295
0.0024002213134684
0.0027158929454064
0.0026815265036210
0.0024480042755457
0.0028826499841883
0.0037270435508151
0.0038720657467658
0.0036782187578185
0.0041614198595049
0.0074897512216742
0.0110289508393589
0.0103804549491821
0.0085725334047873
0.0085074033623151
0.0119331448044712
0.0152315099122481
0.0135672895881128
0.0110049657499976
0.0119320703411497
0.0197649927617484
0.0265614045112066
0.0222310071438513
0.0161420019211334
0.0170267305047208
0.0263963777554261
0.0332218397023257
0.0268689001514707
0.0192555574654757
0.0200515601256742
0.0303532187059607
0.0369857726160638
0.0282715779148971
0.0187677446355883
0.0205752035256496
0.0335598309975141
0.0414588585825968
0.0314361357044316
0.0205794322168267
0.0206983577086480
0.0285209666455019
0.0311098091301910
0.0218727777472121
0.0136729053210442
0.0152460898292733
0.0251949571416674
0.0302861847943933
0.0219134422049152
0.0135240235672560
0.0132477260640779
0.0166059144377610
0.0159990976024397
0.0103032212169738
0.0061911463599330
0.0068729345884995
0.0111203750673967
0.0128079438839553
0.0089094231118431
0.0053465024263750
0.0051541082268962
0.0058744878840670
0.0049426699762116
0.0028838440660547
0.0016825338559474
0.0018168642641419
0.0027727565303505
0.0029735854722941
0.0019825533133257
0.0011993390846694
0.0011527523732190
0.0011858902834725
0.0008612628745164
0.0004489379467294
0.0002519264256501
0.0002564312893767
0.0003512872832598
0.0003299613310688
0.0002059124204073
0.0001336083656546
0.0001306485034652
0.0001176163433009
0.0000719360331909
0.0000331522755606
0.0000165865013994
0.0000148277884661
0.0000168482012764
0.0000116423915780
0.0000060368980117
0.0000051465913004
0.0000053673921329
0.0000037296124658
0.0000016956925384
0.0000007116835608
0.0000001414596463
0.0000000069556356
0.0000000031598173
0.0000000013170343
0.0000000002465869
