0.0000000182182095
0.0000000032285499
0.0000001169239761
0.0000000433404720
0.0000002366214220
0.0000001983210197
0.0000015547181451
0.0000006572274894
0.0000007902105721
0.0000061948114299
0.0000047677437613
0.0000277194622304
0.0000138651578098
0.0000578571051743
0.0000530383863111
0.0003409887011110
0.0001523321759851
0.0001869162109289
0.0005172448051171
0.0008928109611150
0.0006347555498790
0.0010279701307221
0.0016429921581709
0.0023571448291794
0.0022394746784168
0.0027302288095477
0.0040754932026015
0.0051583723267652
0.0053409779815727
0.0063010475177173
0.0085606498273646
0.0092396223853582
0.0105352564540440
0.0121484163702359
0.0142014527291422
0.0155067135508868
0.0176704091043657
0.0189367145525983
0.0211008009424941
0.0228182191393031
0.0245957761475635
0.0262994722592679
0.0279223696743622
0.0292267784446774
0.0305808845967671
0.0319921933896167
0.0321739481562100
0.0334251937598513
0.0338412768307331
0.0341207820236585
0.0338202747758250
0.0339182874679786
0.0330389290146785
0.0327731467174382
0.0317021187184043
0.0303385803308092
0.0294108412614728
0.0282188282798162
0.0263235507153022
0.0245308774425843
0.0234408746792088
0.0214886003123175
0.0197763250153619
0.0179999999779836
0.0164998107649343
0.0148201777455378
0.0132474296980545
0.0116824684267359
0.0104785320961319
0.0091897021266530
0.0078796431876405
0.0069053444478216
0.0059404209341583
0.0049594520166510
0.0042046175693358
0.0036496912668947
0.0029466077778105
0.0024339891194473
0.0020420335478898
0.0016740215667143
0.0013020370062728
0.0010279224631796
0.0008598265489820
0.0006981851643455
0.0005003719200206
0.0003918144803296
0.0003326328285244
0.0002441262018417
0.0001610849171067
0.0001236504678414
0.0001149532638166
0.0000733775394481
0.0000451549716846
0.0000400468151444
0.0000303411579143
0.0000190059156330
0.0000102531514895
0.0000077465422329
0.0000089619783878
0.0000036130883596
0.0000016418166262
0.0000025760611455
0.0000012436815975
0.0000005819750907
0.0000002888160599
0.0000001983685795
0.0000002845856990
0.0000000604875210
0.0000000073612006
0.0000000752528425
0.0000000135469212
0.0000000000634526
0.0000000022979768
0.0000000004072372
