0.0000000000102543
0.0000000000000000
0.0000000000022511
0.0000000001910138
0.0000000005856699
0.0000000000740723
0.0000000007350771
0.0000000111921505
0.0000000119041768
0.0000000049720551
0.0000000423805186
0.0000002263004717
0.0000001188147400
0.0000001402250867
0.0000009836071441
0.0000018288927215
0.0000010375710483
0.0000023693786752
0.0000104791734050
0.0000066556093197
0.0000096593679316
0.0000271252866876
0.0000502031586506
0.0000419712767312
0.0000556224613379
0.0001815826350561
0.0001367282429573
0.0002185517568702
0.0003386807487663
0.0005258418619664
0.0006577846532555
0.0006440648168875
0.0014369812985607
0.0013035488895360
0.0020208973639795
0.0023037158644953
0.0029430654213902
0.0045490886514711
0.0039502756475284
0.0063260720872750
0.0064688855562154
0.0091420267611988
0.0093904136175677
0.0105088657767555
0.0153444580276160
0.0134943569863045
0.0185337255404377
0.0178119146812013
0.0226406504167848
0.0238956348640213
0.0246928600476145
0.0290293603897390
0.0273610093265025
0.0363274801918178
0.0297719811645604
0.0352518091078105
0.0372343166816907
0.0360695101204978
0.0389633484980438
0.0353312622485593
0.0406906882628405
0.0348888649933229
0.0394478353151339
0.0338888966799305
0.0335916916634564
0.0361125222525886
0.0285099949954526
0.0300192511635104
0.0270961646647547
0.0265304361717878
0.0209546927093457
0.0218093756757616
0.0192622622654913
0.0150012544675003
0.0160618152305566
0.0121209326751276
0.0104727150257938
0.0094654384491756
0.0085531943697671
0.0056076352241854
0.0055547414894793
0.0050577164472712
0.0028776782347788
0.0028962596649246
0.0024656065482176
0.0014879731521591
0.0010518263930248
0.0013093937412689
0.0005966215809310
0.0004016799649447
0.0004907657033183
0.0002435340016710
0.0001450441234121
0.0000918313557816
0.0001255568508888
0.0000213420805169
0.0000282906512212
0.0000379588123747
0.0000056701162407
0.0000088427786773
0.0000020657220086
0.0000029013388105
0.0000002183371388
0.0000005863911405
0.0000008110938481
0.0000000000000000
0.0000001780543427
