0.0004674713343467
0.0032636799573933
0.0059441933765883
0.0046403735373777
0.0056902904638586
0.0069567974715058
0.0043537921477024
0.0031185434917784
0.0023175940803672
0.0012816801884829
0.0081973246896543
0.0438157895477306
0.0757267337714323
0.0603279805609327
0.0739651092304215
0.0879524257883583
0.0552783227883033
0.0396448638453742
0.0290337341153665
0.0160330425902255
0.0317376514325771
0.0560595288585102
0.0520656942470987
0.0555088075295225
0.0679147147328155
0.0526594767816152
0.0358370111307129
0.0262827543611255
0.0142692797563019
0.0076059940798142
0.0090290432767762
0.0114838874911507
0.0083581886921855
0.0101481640666066
0.0124068749332564
0.0077646294696926
0.0055616652971270
0.0041332380335843
0.0017886650329225
0.0009196396375201
0.0004061770455713
0.0000491711363121
