0.0000000006201887
0.0000000148427863
0.0000000959616772
0.0000002726629179
0.0000003957268163
0.0000003177315719
0.0000001573790188
0.0000001173725312
0.0000002355027832
0.0000003624311987
0.0000006033131716
0.0000024884257765
0.0000090132724238
0.0000190250674094
0.0000232958676534
0.0000171043840501
0.0000091800931329
0.0000093212644483
0.0000165967995895
0.0000219246117201
0.0000299836636715
0.0000919642123078
0.0002627953233159
0.0004463156712106
0.0004520727682300
0.0002908967616183
0.0001766126439980
0.0002437614378732
0.0003926855909717
0.0004399587473225
0.0004665568202477
0.0010763037140496
0.0027379075731676
0.0042330189329942
0.0038734550293397
0.0022897020578860
0.0015259284305575
0.0024324189618781
0.0037306303357975
0.0038221284213467
0.0033532946374403
0.0056641928049101
0.0128654206178303
0.0188921011872725
0.0164740384388404
0.0094170029455359
0.0066859273052683
0.0111772690738131
0.0165944167292149
0.0161722504809645
0.0124806416667688
0.0152365182716508
0.0297175637023282
0.0419915157946435
0.0361911196211081
0.0210821185689037
0.0156005256325446
0.0254163501232804
0.0365315959304174
0.0345388173835892
0.0245723765621493
0.0220796632557653
0.0345005390016736
0.0467040010470213
0.0411714814939612
0.0259408703124835
0.0197291174283786
0.0290299854741675
0.0397938902395825
0.0367930594229374
0.0249317391687225
0.0174058834821619
0.0200265708283810
0.0253658312033683
0.0239020618119955
0.0174394544477582
0.0135323729713589
0.0164551603992919
0.0206793644191480
0.0186355402500803
0.0122378911952556
0.0070139769424550
0.0052746533011777
0.0058232852723292
0.0064452967592174
0.0059961864645803
0.0047305899163924
0.0041415941314412
0.0042183559230265
0.0035898804586652
0.0022951606793638
0.0011289622381200
0.0004377885220678
0.0002951997236430
0.0005797093351898
0.0008239971750276
0.0006599915913561
0.0003017188753264
0.0000776132260333
0.0000103377430099
0.0000005459341790
0.0000000000267823
