0.0000000000000000
0.0000000000000000
0.0000000000000000
0.0000000000000000
0.0000000000000000
0.0000000000000000
0.0000000000000000
0.0000000000000000
0.0000000000000000
0.0000000000000000
0.0000000000000000
0.0000000000000000
0.0000000000000002
0.0000000000000000
0.0000000000000010
0.0000000000000000
0.0000000000000045
0.0000000000000000
0.0000000000000196
0.0000000000000000
0.0000000000000967
0.0000000000000000
0.0000000000003529
0.0000000000000000
0.0000000000012285
0.0000000000000000
0.0000000000048311
0.0000000000000000
0.0000000000151970
0.0000000000000000
0.0000000000429821
0.0000000000000000
0.0000000001332458
0.0000000000000000
0.0000000003857493
0.0000000000000000
0.0000000009784934
0.0000000000000000
0.0000000024926352
0.0000000000000000
0.0000000064837870
0.0000000000000000
0.0000000153961984
0.0000000000000000
0.0000000346813056
0.0000000000000000
0.0000000796805049
0.0000000000000000
0.0000001768996644
0.0000000000000000
0.0000003687908178
0.0000000000000000
0.0000007605379880
0.0000000000000000
0.0000015603180625
0.0000000000000000
0.0000030516972532
0.0000000000000000
0.0000057896335980
0.0000000000000000
0.0000109416673889
0.0000000000000000
0.0000200862470371
0.0000000000000000
0.0000355591525683
0.0000000000000000
0.0000622243734992
0.0000000000000000
0.0001070917630439
0.0000000000000000
0.0001779087855236
0.0000000000000000
0.0002899782028667
0.0000000000000000
0.0004674867164983
0.0000000000000000
0.0007311733810406
0.0000000000000000
0.0011141282861703
0.0000000000000000
0.0016807445926867
0.0000000000000000
0.0024788149469764
0.0000000000000000
0.0035412915243256
0.0000000000000000
0.0049939833714957
0.0000000000000000
0.0069362162041453
0.0000000000000000
0.0093172975758953
0.0000000000000000
0.0122702829802290
0.0000000000000000
0.0160049521836840
0.0000000000000000
0.0202494661171426
0.0000000000000000
0.0248714077637816
0.0000000000000000
0.0303648962449677
0.0000000000000000
0.0362064535690186
0.0000000000000000
0.0414576096401075
0.0000000000000000
0.0470687672391445
0.0000000000000000
0.0529039009431215
0.0000000000000000
0.0566699597881491
0.0000000000000000
0.0592085005034186
0.0000000000000000
0.0624531055595072
0.0000000000000000
0.0631490739886982
0.0000000000000000
0.0603596710916215
0.0000000000000000
0.0587195948974568
0.0000000000000000
0.0565035064777582
0.0000000000000000
0.0499914988578089
0.0000000000000000
0.0436247723146885
0.0000000000000000
0.0395937104784732
0.0000000000000000
0.0333469178808976
0.0000000000000000
0.0257614173057261
0.0000000000000000
0.0211677713542317
0.0000000000000000
0.0173179134293798
0.0000000000000000
0.0122054622653322
0.0000000000000000
0.0085238357975292
0.0000000000000000
0.0066185713578484
0.0000000000000000
0.0045383127641254
0.0000000000000000
0.0026174638416639
0.0000000000000000
0.0017461005360187
0.0000000000000000
0.0012147062542430
0.0000000000000000
0.0006237665298088
0.0000000000000000
0.0003024551240026
0.0000000000000000
0.0001989970030516
0.0000000000000000
0.0001069574618928
0.0000000000000000
0.0000345235916743
0.0000000000000000
0.0000148057103738
0.0000000000000000
0.0000094445094445
0.0000000000000000
0.0000024781696665
0.0000000000000000
0.0000001935077271
