0.0000000006837179
0.0000000000000000
0.0000000000000000
0.0000000019393767
0.0000000199079841
0.0000000083541490
0.0000000151231634
0.0000000565770550
0.0000000524449999
0.0000002824775052
0.0000004664995754
0.0000002725128537
0.0000008067679185
0.0000015750236697
0.0000018853861854
0.0000057333410553
0.0000050285982629
0.0000055063537317
0.0000158123313080
0.0000171957099989
0.0000265922001591
0.0000476900917472
0.0000407817443691
0.0000671625259303
0.0001252422511667
0.0001071470140123
0.0001932966604717
0.0002470002651817
0.0002481755924613
0.0004346939509290
0.0005480359650950
0.0005241594811402
0.0008409179462515
0.0010555405701491
0.0011043160991461
0.0016452342524207
0.0018860551455603
0.0022257436161532
0.0026267877289042
0.0036386702515557
0.0039692544095251
0.0045249328591504
0.0059148479933961
0.0070039571417902
0.0070807812520441
0.0092202049254707
0.0111543406996865
0.0107465256323867
0.0144879659206335
0.0156196731035860
0.0163308011888594
0.0183471041572959
0.0223415459747651
0.0231923220622069
0.0268583419499249
0.0255936454884422
0.0292513094276906
0.0344018731681740
0.0307504757309986
0.0393132672062470
0.0424530059975030
0.0294809608637732
0.0384420343651459
0.0551157640144267
0.0286162676848439
0.0395246051604229
0.0533639264601421
0.0239159054869093
0.0324822435341055
0.0527502217922499
0.0202790615330563
0.0239063447235580
0.0413311454223005
0.0151973171273426
0.0167479097070755
0.0283870994851733
0.0115556427915565
0.0098737585149503
0.0178454665367453
0.0077179103730406
0.0055177113308191
0.0093993454656138
0.0046851073673260
0.0028533321852245
0.0045767830192377
0.0026698649133607
0.0012639667925040
0.0020683855843447
0.0012637214261288
0.0005246170122906
0.0008115079975425
0.0005622122967199
0.0001984400414235
0.0002830672130425
0.0002284979957270
0.0000634463431213
0.0000911875226612
0.0000750517741847
0.0000179529319693
0.0000265022800119
0.0000215955824969
0.0000042271113478
0.0000070121644225
0.0000049495564691
0.0000006701755269
0.0000018808043022
0.0000006537370753
0.0000000582201539
0.0000004299787485
0.0000000339579257
0.0000000020490695
0.0000000569583186
0.0000000000000000
0.0000000000000000
0.0000000029589795
