0.0000000000000045
0.0000000000000000
0.0000000000003955
0.0000000000000000
0.0000000000069576
0.0000000000000000
0.0000000000353926
0.0000000000000000
0.0000000002867625
0.0000000000000000
0.0000000010265591
0.0000000000000000
0.0000000046486290
0.0000000000000000
0.0000000179211875
0.0000000000000000
0.0000001110811519
0.0000000000000000
0.0000003473514901
0.0000000000000000
0.0000010490998515
0.0000000000000000
0.0000031942199435
0.0000000000000000
0.0000134786434278
0.0000000000000000
0.0000380486451277
0.0000000000000000
0.0000924964019700
0.0000000000000000
0.0002310665008190
0.0000000000000000
0.0005577770188105
0.0000000000000000
0.0012959409287235
0.0000000000000000
0.0026454036310384
0.0000000000000000
0.0055841188605631
0.0000000000000000
0.0090044388391081
0.0000000000000000
0.0157361627942376
0.0000000000000000
0.0244666322323586
0.0000000000000000
0.0373343647771995
0.0000000000000000
0.0512998947027317
0.0000000000000000
0.0698367703738905
0.0000000000000000
0.0834013245751561
0.0000000000000000
0.0883770946879067
0.0000000000000000
0.1062762896348627
0.0000000000000000
0.1041454594964545
0.0000000000000000
0.0873182444099692
0.0000000000000000
0.0810420388970810
0.0000000000000000
0.0740285306654962
0.0000000000000000
0.0541254478785119
0.0000000000000000
0.0349455371174463
0.0000000000000000
0.0280992550734521
0.0000000000000000
0.0193209206093248
0.0000000000000000
0.0102129326200966
0.0000000000000000
0.0051876626250128
0.0000000000000000
0.0029050098987112
0.0000000000000000
0.0014950044805762
0.0000000000000000
0.0006288994885764
0.0000000000000000
0.0002594402480919
0.0000000000000000
0.0000731863048216
0.0000000000000000
0.0000125693166152
0.0000000000000000
0.0000030098906369
0.0000000000000000
0.0000007461120667
0.0000000000000000
0.0000000728157776
0.0000000000000000
0.0000000024652466
0.0000000000000000
0.0000000006046704
0.0000000000000000
0.0000000000550849
