0.0000000000001131
0.0000000000027583
0.0000000000197600
0.0000000000853643
0.0000000005097317
0.0000000000803342
0.0000000004520311
0.0000000021718088
0.0000000060726725
0.0000000044399208
0.0000000087071802
0.0000000255395880
0.0000000291745310
0.0000000596766611
0.0000000970024282
0.0000001782736644
0.0000002268772669
0.0000003828405498
0.0000006056558621
0.0000009134885343
0.0000014923829481
0.0000020397217605
0.0000030465456803
0.0000044935878843
0.0000067306168857
0.0000089965870981
0.0000132557606964
0.0000183563487682
0.0000255095739922
0.0000359531329932
0.0000479137672537
0.0000644203085570
0.0000867126838464
0.0001175156447656
0.0001516457954613
0.0002025535935311
0.0002595178867387
0.0003351707930632
0.0004317699062039
0.0005443632683232
0.0006850124214560
0.0008631898510532
0.0010788978463792
0.0013096059610591
0.0016142573854858
0.0019737116487376
0.0023785576134074
0.0028396630833195
0.0033938116515261
0.0040107533630790
0.0047537488583839
0.0054856914071419
0.0063418236659400
0.0073979397598217
0.0084283688164671
0.0095397931343655
0.0107590343444968
0.0121349545698505
0.0134380252600547
0.0149931013355156
0.0163789125155105
0.0178330171473455
0.0195110946737580
0.0210214103702024
0.0224571489612735
0.0238919170211099
0.0253074786565624
0.0265187202894016
0.0279744795029563
0.0287726931754941
0.0296325636434647
0.0305200878039685
0.0310787203802649
0.0313782135564438
0.0315855014867756
0.0316085000073273
0.0312326504515714
0.0310979775973565
0.0303393104471092
0.0295706168157115
0.0287122792714071
0.0276501835922344
0.0263805019031897
0.0252083528917908
0.0238481183654094
0.0222554766061512
0.0209065597760150
0.0193274095820173
0.0178714740427037
0.0164163412792751
0.0149337578184384
0.0134144359515497
0.0121654286478258
0.0108913282320582
0.0096364532413700
0.0085382338220977
0.0074249711893050
0.0065024869757551
0.0056802462370295
0.0048683424591368
0.0041084499945266
0.0035262918869302
0.0029770715770357
0.0025059098834010
0.0020905238019215
0.0017013058255502
0.0014033051616982
0.0011661296441837
0.0009387293998457
0.0007498573794168
0.0006055686539536
0.0004733439134170
0.0003823751962359
0.0002989047377456
0.0002261810943993
0.0001776338158609
0.0001389926814408
0.0001042591606088
0.0000791123472535
0.0000580319960350
0.0000429454708973
0.0000338864562298
0.0000242143657457
0.0000171917302090
0.0000123480357806
0.0000089980357396
0.0000064625141074
0.0000047260531095
0.0000031177960989
0.0000021267034049
0.0000015658036358
0.0000010357111947
0.0000007190541142
0.0000004639881484
0.0000003055434100
0.0000002018009598
0.0000001448134101
0.0000000867288478
0.0000000541284793
0.0000000340930853
0.0000000208244493
0.0000000141471329
0.0000000088863706
0.0000000052134427
0.0000000025236928
0.0000000018061546
0.0000000008996837
0.0000000006349883
0.0000000003835480
0.0000000001851227
0.0000000000636478
0.0000000000504973
0.0000000000318726
0.0000000000132424
0.0000000000105150
0.0000000000023857
0.0000000000006190
0.0000000000002734
0.0000000000009436
0.0000000000000109
0.0000000000000642
