0.0000000000000000
0.0000000000000000
0.0000000000000000
0.0000000000000000
0.0000000000000000
0.0000000000000000
0.0000000000000003
0.0000000000000001
0.0000000000000029
0.0000000000000018
0.0000000000000238
0.0000000000000183
0.0000000000001297
0.0000000000001551
0.0000000000004451
0.0000000000008940
0.0000000000014200
0.0000000000033167
0.0000000000046567
0.0000000000099046
0.0000000000126638
0.0000000000264649
0.0000000000375362
0.0000000000552265
0.0000000000974792
0.0000000001253872
0.0000000002147400
0.0000000002916728
0.0000000004219413
0.0000000006257342
0.0000000008720640
0.0000000012496141
0.0000000017804610
0.0000000024408989
0.0000000033732019
0.0000000047563218
0.0000000064886699
0.0000000088732067
0.0000000120001276
0.0000000162565868
0.0000000222172203
0.0000000292601236
0.0000000394164875
0.0000000524253839
0.0000000688826217
0.0000000905748673
0.0000001196722204
0.0000001565290890
0.0000002008097309
0.0000002645631384
0.0000003402160894
0.0000004387783725
0.0000005596196712
0.0000007213189418
0.0000009235809078
0.0000011536642835
0.0000014869041685
0.0000018727731530
0.0000023396759458
0.0000029516568153
0.0000036819386598
0.0000046302626402
0.0000056728356232
0.0000071196478464
0.0000088029678760
0.0000107566241056
0.0000133160580571
0.0000163060962286
0.0000200495540663
0.0000240866960767
0.0000296423712755
0.0000359542600322
0.0000430792458970
0.0000523760858755
0.0000627615994937
0.0000754764644421
0.0000895715077426
0.0001074400845929
0.0001283967826717
0.0001503472073367
0.0001793437619839
0.0002112316495159
0.0002489884238294
0.0002904334582733
0.0003411378592452
0.0003990671382408
0.0004601098116670
0.0005373314727705
0.0006201187746279
0.0007182396376249
0.0008178616141239
0.0009459582898411
0.0010840605126360
0.0012241722673224
0.0014046512093681
0.0015825075759561
0.0018025598327454
0.0020143972408915
0.0022709314807341
0.0025681398222181
0.0028244912422954
0.0031887215867554
0.0035157563486754
0.0039203353389577
0.0043106302081081
0.0047251766259931
0.0052764484273004
0.0056634196344071
0.0062618196921036
0.0067892023338148
0.0073781198024529
0.0079819906015704
0.0085350970502633
0.0093689285872644
0.0098495177190616
0.0106181204138647
0.0113515262889933
0.0120107069611053
0.0128129227515207
0.0133485783867726
0.0143587765389145
0.0148381298589974
0.0155688839294307
0.0164097866466815
0.0168992941322518
0.0177018575272745
0.0180693358443408
0.0189664073654977
0.0193347987887251
0.0196665587640908
0.0204647272042668
0.0205673695770461
0.0210303386821607
0.0212066530023971
0.0214945419774545
0.0217691467893639
0.0214912417568674
0.0219089521687909
0.0216897900215466
0.0215654472387081
0.0215385043224119
0.0211344747758214
0.0210923911163081
0.0205605233784775
0.0202018370726133
0.0199455672380912
0.0191650557878873
0.0188147335044288
0.0183159328942542
0.0175869633039893
0.0171210160667403
0.0163155292009461
0.0158969104239495
0.0150532732046426
0.0142767719644879
0.0137333253345781
0.0128062468815351
0.0122930334710646
0.0115416722581226
0.0107440624987541
0.0102362562703553
0.0094640527225538
0.0088546329633351
0.0080690525883430
0.0074360715376011
0.0069248803339916
0.0062195108691651
0.0057786850155484
0.0051656127346720
0.0047723581546988
0.0043248349982382
0.0037265695355873
0.0034924763416866
0.0028998216760134
0.0026474946452509
0.0023630971706641
0.0019979317247820
0.0018299738108197
0.0015238968919650
0.0014445332282344
0.0011599533266613
0.0009489918796004
0.0008899394674452
0.0006831246230421
0.0006215024465224
0.0005139368288730
0.0004116050165722
0.0004326607092475
0.0002813938623425
0.0002739726605695
0.0002193301054088
0.0001624489609796
0.0001547851102588
0.0001118715523374
0.0001000351689367
0.0000768559792512
0.0000736865394913
0.0000528427098341
0.0000374694434207
0.0000361298597397
0.0000218707388978
0.0000196223733282
0.0000141845622975
0.0000075022870985
0.0000131411269441
0.0000032746097371
0.0000043197423522
0.0000038189421362
0.0000001840976392
0.0000015121107583
0.0000000765402851
0.0000001077617031
0.0000000975018288
0.0000000000000000
0.0000000329409404
