0.0000000000013232
0.0000000003574874
0.0000000009014000
0.0000000010750628
0.0000000043924526
0.0000000056665547
0.0000000106508349
0.0000000261711763
0.0000000320482390
0.0000000636048927
0.0000001143307242
0.0000001738941635
0.0000002868605311
0.0000004638552585
0.0000006282262939
0.0000010484231317
0.0000016466242422
0.0000022598418692
0.0000035337594970
0.0000049771839996
0.0000070131239275
0.0000102419104087
0.0000144641926912
0.0000191617672972
0.0000276311401350
0.0000375553797007
0.0000500093821154
0.0000686330029619
0.0000891193418745
0.0001173169235333
0.0001550597208522
0.0002023483014448
0.0002560774662212
0.0003322877999659
0.0004178356921803
0.0005236437916163
0.0006567271280877
0.0008137250897622
0.0009984621327233
0.0012288685444414
0.0014878567640269
0.0017807040752865
0.0021554404708823
0.0025473576781676
0.0030130469916913
0.0035488774421204
0.0041438130519559
0.0047810409862626
0.0055514818365177
0.0063179357885108
0.0071920041744093
0.0081959225052387
0.0091857618879538
0.0102539916721889
0.0114447053384740
0.0126243936838855
0.0138480001565520
0.0152519822302193
0.0164197667429869
0.0178053639202155
0.0192302643761672
0.0204584949210937
0.0217048366421807
0.0230503202199879
0.0240721825862894
0.0252881559343741
0.0264037389946189
0.0270056300413111
0.0279524940721603
0.0286736344799515
0.0290008258341546
0.0294217152269998
0.0296769644335031
0.0294377406921610
0.0296839511270316
0.0293076602126999
0.0285920910456573
0.0282559285783589
0.0275050776264994
0.0265241726218632
0.0257732205985215
0.0245530919000261
0.0232379780182988
0.0224355463987856
0.0209047453957417
0.0195152995223768
0.0183421820207298
0.0169097806011615
0.0155757582793183
0.0144539800267710
0.0129330075911610
0.0117149588454883
0.0107564924797975
0.0094494789872283
0.0084456640938506
0.0074964101091277
0.0065228045295143
0.0057313482804486
0.0050521106299652
0.0042246130690055
0.0036589715855480
0.0031645567126937
0.0026166744858638
0.0022276279016280
0.0018544989832051
0.0015113159203896
0.0012594906713565
0.0010501035962259
0.0008110386135459
0.0006676702632898
0.0005391109114502
0.0004160601246374
0.0003325575137601
0.0002580819912299
0.0001940188348213
0.0001508947949186
0.0001187460509556
0.0000822221440630
0.0000633236658308
0.0000475024215620
0.0000332666707356
0.0000241073139186
0.0000173293599187
0.0000117072907540
0.0000080681558898
0.0000059837802802
0.0000034831416727
0.0000023765886328
0.0000016499527643
0.0000009580724298
0.0000005546861043
0.0000003633946044
0.0000002092953818
0.0000000942758346
0.0000000664499203
0.0000000305779341
0.0000000124382484
0.0000000076093883
0.0000000035622337
0.0000000011963384
0.0000000004217042
0.0000000003252376
0.0000000000749372
0.0000000000183344
0.0000000000101472
0.0000000000048440
0.0000000000004706
0.0000000000000577
0.0000000000001239
0.0000000000000028
