0.0000000000091346
0.0000000000075173
0.0000000000366167
0.0000000000510501
0.0000000001304005
0.0000000002918776
0.0000000009037895
0.0000000013285848
0.0000000029318649
0.0000000050779997
0.0000000099140364
0.0000000202259813
0.0000000361256373
0.0000000609880250
0.0000000963597966
0.0000001757978106
0.0000002803928509
0.0000004910216918
0.0000007518962136
0.0000011184468588
0.0000017954715328
0.0000027279622931
0.0000041316986659
0.0000061291312355
0.0000086939114324
0.0000124347370617
0.0000184428863523
0.0000252098053482
0.0000353819082424
0.0000482470161885
0.0000647592721278
0.0000900119870362
0.0001185096161451
0.0001553639641206
0.0002028982551760
0.0002650790595435
0.0003409168866991
0.0004375611418975
0.0005469279954709
0.0006828897351653
0.0008664696174469
0.0010601351809028
0.0013027100352541
0.0015816075278045
0.0019072804207055
0.0023109384953469
0.0027536896840519
0.0032349365690078
0.0038106442266771
0.0044770806910045
0.0051827817874833
0.0059949623615437
0.0068391266908090
0.0077819641343142
0.0088732341387141
0.0099575544748421
0.0110937308195489
0.0123614294913990
0.0136512344070271
0.0150131994371315
0.0164199064691666
0.0177322768689203
0.0191678135556037
0.0206351427985497
0.0219628724883889
0.0232807343063924
0.0245671185323454
0.0257165516752957
0.0268891559544375
0.0278735039333537
0.0286141596491782
0.0294013273650322
0.0299789296003145
0.0303348684672667
0.0305919306129473
0.0305959318011738
0.0304379497750029
0.0302449483073262
0.0297163633836537
0.0290276154288316
0.0283056704067971
0.0273457407482590
0.0263048203166730
0.0251725625059675
0.0238447363877127
0.0225300012703883
0.0212144994751954
0.0197273218840608
0.0183009526605696
0.0168766607765774
0.0154145796466833
0.0140644647184090
0.0127124438957400
0.0113719043520069
0.0101794343816463
0.0090251853332377
0.0079240529705977
0.0069502543077396
0.0060179515100793
0.0051843312685539
0.0044596855542883
0.0037800598890884
0.0031801949030618
0.0026770334230539
0.0022169962503599
0.0018289773288368
0.0015033714291733
0.0012101020366020
0.0009776886528669
0.0007856246278347
0.0006149618564992
0.0004848385888523
0.0003780463041747
0.0002872078646756
0.0002230899269950
0.0001674299768615
0.0001232666313858
0.0000931034769684
0.0000671638615005
0.0000482239627905
0.0000353708429253
0.0000240381273832
0.0000170208132551
0.0000120247739130
0.0000076518616366
0.0000052576588224
0.0000034476399744
0.0000021068099028
0.0000014521168451
0.0000008696796802
0.0000004792373872
0.0000003140616819
0.0000001633362063
0.0000000934807540
0.0000000556065729
0.0000000208688870
0.0000000127447402
0.0000000067285920
0.0000000019091667
0.0000000006613039
0.0000000001209698
0.0000000000116509
0.0000000000012538
0.0000000000000546
