0.0000223801247852
0.0001171608623220
0.0000103991601865
0.0001121923214133
0.0003073688964955
0.0002342951427403
0.0013394317978209
0.0014102362045099
0.0011144958650479
0.0038793050483112
0.0043162065681159
0.0056119257246572
0.0128901668008645
0.0039576963046433
0.0170101277970434
0.0313531940582622
0.0132937116051299
0.0372898322179060
0.0129254306406099
0.0340231541154247
0.0693037777778688
0.0265517083074777
0.0426976647488847
0.0491069093381157
0.0494177653058716
0.0453948824824897
0.0429555877730048
0.0339436019893790
0.0801870557487966
0.0694843485717207
0.0377719943681282
0.0398216477407843
0.0420311852830033
0.0212350553705223
0.0363381833340720
0.0094496607122512
0.0227904724214665
0.0475523377810191
0.0107077930868981
0.0216980349147534
0.0040899943563387
0.0103288795445511
0.0010369846929975
0.0047927976136543
0.0000598456750610
0.0000053118827319
0.0000278079218682
