0.0000000007443798
0.0000000000000000
0.0000002033979438
0.0000000000000000
0.0000032373188747
0.0000000000000000
0.0000034219372331
0.0000000000000000
0.0000197502279202
0.0000000000000000
0.0000601794789043
0.0000000000000000
0.0001131079349902
0.0000000000000000
0.0003051014153587
0.0000000000000000
0.0006582259992419
0.0000000000000000
0.0013004857647999
0.0000000000000000
0.0021885071321159
0.0000000000000000
0.0049705609528576
0.0000000000000000
0.0073918376389536
0.0000000000000000
0.0104566640067976
0.0000000000000000
0.0203241998692212
0.0000000000000000
0.0259839437857363
0.0000000000000000
0.0334643204838480
0.0000000000000000
0.0464700432212885
0.0000000000000000
0.0606798639806586
0.0000000000000000
0.0660248062686948
0.0000000000000000
0.0729500240547011
0.0000000000000000
0.0884645760051247
0.0000000000000000
0.0834758203109105
0.0000000000000000
0.0852366218910529
0.0000000000000000
0.0797887585867616
0.0000000000000000
0.0742873074023162
0.0000000000000000
0.0596222831702313
0.0000000000000000
0.0528593425470402
0.0000000000000000
0.0410410726820834
0.0000000000000000
0.0277769291937978
0.0000000000000000
0.0213156605148466
0.0000000000000000
0.0136865592551676
0.0000000000000000
0.0081989319686496
0.0000000000000000
0.0051530088345608
0.0000000000000000
0.0028572089475900
0.0000000000000000
0.0014625460591845
0.0000000000000000
0.0007631049189166
0.0000000000000000
0.0003785497983047
0.0000000000000000
0.0001541417635437
0.0000000000000000
0.0000662393893201
0.0000000000000000
0.0000296023446720
0.0000000000000000
0.0000091390517149
0.0000000000000000
0.0000027915909597
0.0000000000000000
0.0000010424392935
0.0000000000000000
0.0000002465007795
0.0000000000000000
0.0000000278642973
0.0000000000000000
0.0000000013329349
0.0000000000000000
0.0000000000214272
