0.0000000212548165
0.0000001986054366
0.0000000105168509
0.0000002079144039
0.0000012558550473
0.0000022195827240
0.0000007950079385
0.0000043831449002
0.0000196661685778
0.0000085512041761
0.0000163573800227
0.0000698857692500
0.0001229471152703
0.0000519717682910
0.0001735358735729
0.0005778140336938
0.0003764736017740
0.0004274913585282
0.0012469172740776
0.0021661344589222
0.0011160603348629
0.0022642091215675
0.0058355346077342
0.0047275545613699
0.0043231372550085
0.0089702402618859
0.0150207400590693
0.0090320954490587
0.0128621449953712
0.0242966286271666
0.0236799078496369
0.0190564650959648
0.0279762770174935
0.0422471130360119
0.0298036538638271
0.0343240676194739
0.0457524161825035
0.0495590131480452
0.0378176579111203
0.0449652881670207
0.0540105916521662
0.0449850800309174
0.0435052248954666
0.0440409225947186
0.0465404668806059
0.0361824443044994
0.0384991970234546
0.0342731512198790
0.0320079854721518
0.0258740773218902
0.0258552281657226
0.0217837276334057
0.0185537377786776
0.0156496307801875
0.0139498123763700
0.0114659273917738
0.0089205091706292
0.0078691632262754
0.0062640600691788
0.0050231210878670
0.0036598498117384
0.0032282861595168
0.0023192145708806
0.0018015205091914
0.0012945521219061
0.0010750296563203
0.0007138860895969
0.0005344139897631
0.0003773135820959
0.0002781296032882
0.0001901042022076
0.0001262229896892
0.0000914071033938
0.0000541369648794
0.0000411023140110
0.0000226113452720
0.0000176815299269
0.0000088581474040
0.0000060508848381
0.0000035377332775
0.0000022510551318
0.0000012692368323
0.0000005686669525
0.0000005022802886
0.0000001718287828
0.0000001128221610
0.0000000504350155
0.0000000419765780
0.0000000106519439
0.0000000034662006
0.0000000045893629
0.0000000011221168
0.0000000002785538
0.0000000000147504
0.0000000001378280
