0.0001995231919246
0.0000000000000000
0.0001248688654703
0.0017559640825933
0.0001299433399000
0.0010989461459848
0.0016491203327841
0.0037509569897387
0.0012213628540556
0.0028178450177561
0.0241181536932855
0.0041062194028627
0.0152012982422998
0.0231797591310455
0.0213417160196987
0.0175290037381582
0.0195243464684226
0.0553170477263664
0.0356161544530288
0.0361062037019341
0.0583941086227173
0.0521957327916863
0.0479505761963673
0.0434411084513657
0.0447788552756335
0.0702139481770370
0.0316347977002014
0.0472637000707867
0.0544008116896560
0.0426693167857375
0.0364889557958456
0.0364554591158062
0.0339019220980607
0.0265268461866053
0.0204779035898326
0.0198593771299706
0.0150432531813539
0.0141308730740757
0.0093257105882768
0.0093971393895957
0.0084571472338620
0.0023835777919782
0.0053404912347832
0.0023919380735741
0.0002195671699017
0.0014969617849509
0.0002284900345811
0.0000000000000000
0.0001429973684473
