0.0000000007178477
0.0000000111634769
0.0000000695990134
0.0000002281709515
0.0000004414687573
0.0000005797969074
0.0000008056989344
0.0000018901824990
0.0000046433448443
0.0000082957251056
0.0000107951100023
0.0000127213995929
0.0000173169362145
0.0000252806313387
0.0000348183920323
0.0000456199632527
0.0000604773921440
0.0000849493101617
0.0001224220762125
0.0001654139898166
0.0002002169244220
0.0002342400857877
0.0002940415180163
0.0003806857742009
0.0004747148932012
0.0005794969501291
0.0007174191673502
0.0008986357076782
0.0011073605173760
0.0013181045923233
0.0015194630857922
0.0017470485520492
0.0020714295236811
0.0024793330798523
0.0028899869928507
0.0033222349007340
0.0038629730376147
0.0044982414832806
0.0051078257720093
0.0056611325333381
0.0062723265238430
0.0070175453853403
0.0079033454896246
0.0088645630113031
0.0097794900752148
0.0106963194634698
0.0117631468261410
0.0129066703601692
0.0138760832802858
0.0146817918101742
0.0156694493249302
0.0169107580679568
0.0181316356582454
0.0192032678583541
0.0201654069443573
0.0211180979668233
0.0221054004094310
0.0230141594022396
0.0236963980692909
0.0241987116441750
0.0248448421666763
0.0256666304769017
0.0262369614847427
0.0264172734033060
0.0264798858460341
0.0265990667023381
0.0266255603201256
0.0264328668758605
0.0261570921214482
0.0258387423440550
0.0254533091605182
0.0250187125474385
0.0243879402505366
0.0234831393972637
0.0225001714388579
0.0216314513943403
0.0207575263789262
0.0197314061302192
0.0187281067067768
0.0178101383255923
0.0167917808056904
0.0156580930508496
0.0145278690561470
0.0134111004162554
0.0122847508106100
0.0112499050142901
0.0103441543008342
0.0094430855679376
0.0085443741255152
0.0077339440053006
0.0069655304450808
0.0061778458490326
0.0054312363743205
0.0047792603702162
0.0041770952067658
0.0036273500505870
0.0031807092712744
0.0027865919381967
0.0023855558759072
0.0020227908909630
0.0017344405112535
0.0014752498366158
0.0012208506663353
0.0010042103026194
0.0008318224170465
0.0006853579209858
0.0005666820598592
0.0004710185958216
0.0003808459066049
0.0002999908602051
0.0002416304074296
0.0001968404702201
0.0001523740369637
0.0001139218471661
0.0000879703093523
0.0000691390897202
0.0000529398728243
0.0000403887057848
0.0000312057586882
0.0000234758843159
0.0000171362681764
0.0000125856071618
0.0000090931694466
0.0000062901851429
0.0000044112752930
0.0000032300800689
0.0000022940847850
0.0000015605332002
0.0000011104965981
0.0000008008446548
0.0000005150164502
0.0000003054958709
0.0000001968149999
0.0000001312371940
0.0000000785522176
0.0000000477651964
0.0000000335490321
0.0000000211632207
0.0000000102099870
0.0000000050025848
0.0000000034033861
0.0000000021030746
0.0000000008358321
0.0000000001913204
0.0000000000237069
0.0000000000014696
0.0000000000000384
0.0000000000000003
