0.0000152467786556
0.0045366146104296
0.0000000000000000
0.0000346722851456
0.0103977770563974
0.0241563051304422
0.0000268540006020
0.0039821098366903
0.0550103013801853
0.0229859156705381
0.0035989822912883
0.0203959929591999
0.0524199193243023
0.0703828872637199
0.0185380702141956
0.0197109166828015
0.1477903106214203
0.0626060066674170
0.0178764988826061
0.0542340685057537
0.0780884528828915
0.0323818883815944
0.0490257054759552
0.0267224621759760
0.0119562621036342
0.0887431576201119
0.0226150159409442
0.0025389216112751
0.0322077713906270
0.0401502292558362
0.0007315843214980
0.0064653781883881
0.0145047061880730
0.0001453963630262
0.0013462952518977
0.0028775977438519
0.0000202537002504
0.0001625195781477
0.0005494047684373
0.0000037947453638
0.0000091099037726
0.0000524079015185
0.0000003649361234
0.0000017060801577
0.0000000000000000
0.0000000005470815
0.0000001627817757
