0.0000000000000009
0.0000000000000000
0.0000000000000072
0.0000000000000000
0.0000000000000529
0.0000000000000000
0.0000000000003711
0.0000000000000000
0.0000000000017208
0.0000000000000000
0.0000000000087930
0.0000000000000000
0.0000000000371055
0.0000000000000000
0.0000000001406763
0.0000000000000000
0.0000000005428154
0.0000000000000000
0.0000000017724343
0.0000000000000000
0.0000000057912483
0.0000000000000000
0.0000000176901501
0.0000000000000000
0.0000000499221633
0.0000000000000000
0.0000001392803727
0.0000000000000000
0.0000003594930468
0.0000000000000000
0.0000009038901018
0.0000000000000000
0.0000021355318334
0.0000000000000000
0.0000049383020535
0.0000000000000000
0.0000107470320615
0.0000000000000000
0.0000223448829872
0.0000000000000000
0.0000463242100717
0.0000000000000000
0.0000864189802611
0.0000000000000000
0.0001652809054184
0.0000000000000000
0.0002960531931524
0.0000000000000000
0.0005036430298938
0.0000000000000000
0.0008601935115500
0.0000000000000000
0.0013738920257542
0.0000000000000000
0.0021587549985408
0.0000000000000000
0.0032700700886719
0.0000000000000000
0.0048322814702991
0.0000000000000000
0.0068768483259984
0.0000000000000000
0.0095376097729307
0.0000000000000000
0.0129794644633101
0.0000000000000000
0.0168594661484812
0.0000000000000000
0.0217317975165528
0.0000000000000000
0.0269938433480987
0.0000000000000000
0.0327263272309829
0.0000000000000000
0.0387326625714963
0.0000000000000000
0.0446754362933804
0.0000000000000000
0.0503258973076410
0.0000000000000000
0.0549303137579251
0.0000000000000000
0.0592874582238799
0.0000000000000000
0.0615100448578742
0.0000000000000000
0.0628997384850924
0.0000000000000000
0.0626279219042254
0.0000000000000000
0.0607286771957484
0.0000000000000000
0.0575732845057619
0.0000000000000000
0.0531324722147913
0.0000000000000000
0.0482035688469773
0.0000000000000000
0.0419404338338990
0.0000000000000000
0.0363610551093660
0.0000000000000000
0.0301980954821653
0.0000000000000000
0.0245807150719528
0.0000000000000000
0.0195330020894808
0.0000000000000000
0.0150613055941523
0.0000000000000000
0.0113129217691525
0.0000000000000000
0.0081733401869252
0.0000000000000000
0.0059263934164141
0.0000000000000000
0.0039593772211827
0.0000000000000000
0.0026863215339613
0.0000000000000000
0.0017463959179884
0.0000000000000000
0.0010686018973634
0.0000000000000000
0.0006556987447570
0.0000000000000000
0.0003820895315011
0.0000000000000000
0.0002179921090182
0.0000000000000000
0.0001100238312576
0.0000000000000000
0.0000639268548909
0.0000000000000000
0.0000299520138835
0.0000000000000000
0.0000131095044592
0.0000000000000000
0.0000073084219116
0.0000000000000000
0.0000026859813153
0.0000000000000000
0.0000011366916783
0.0000000000000000
0.0000004651263396
0.0000000000000000
0.0000001813095000
0.0000000000000000
0.0000000553326956
0.0000000000000000
0.0000000163989362
0.0000000000000000
0.0000000079685795
0.0000000000000000
0.0000000006787262
0.0000000000000000
0.0000000006136150
0.0000000000000000
0.0000000000122557
0.0000000000000000
0.0000000000175773
0.0000000000000000
0.0000000000000764
0.0000000000000000
0.0000000000001429
