0.0000000000000076
0.0000000000000000
0.0000000000000606
0.0000000000001741
0.0000000000002220
0.0000000000013933
0.0000000000008642
0.0000000000051463
0.0000000000035492
0.0000000000135268
0.0000000000211774
0.0000000000292742
0.0000000001113433
0.0000000002740236
0.0000000003755231
0.0000000018628978
0.0000000013203279
0.0000000067225738
0.0000000050057843
0.0000000175889588
0.0000000157312966
0.0000000381425960
0.0000000458060229
0.0000000700748406
0.0000001230265392
0.0000001292735190
0.0000002920033923
0.0000002690220229
0.0000006568387627
0.0000005972572625
0.0000013628748289
0.0000013827418550
0.0000025563746351
0.0000030447627271
0.0000045736586442
0.0000063557734503
0.0000078125177557
0.0000130512136571
0.0000133912940361
0.0000250222744005
0.0000245900353375
0.0000445637553341
0.0000460148251923
0.0000744084104709
0.0000859753023867
0.0001147208940384
0.0001552290208278
0.0001735155462552
0.0002589800966057
0.0002717946292412
0.0004071395189880
0.0004322436258744
0.0006050013124321
0.0006860235628375
0.0008502290792496
0.0010369395566974
0.0011806673469211
0.0014569971618822
0.0016344466322239
0.0019782593334251
0.0022414387781757
0.0026481374019754
0.0030836124024274
0.0035104720470456
0.0041536774614412
0.0046448921379018
0.0053601264502552
0.0059905663039245
0.0066946792328999
0.0074432543577563
0.0081142557816405
0.0090833751783586
0.0096631741293134
0.0109550740076258
0.0115545416984544
0.0130498301584091
0.0137918323442349
0.0153035853248804
0.0161941850624184
0.0174073180789117
0.0185386396284893
0.0191914931549582
0.0205799105368220
0.0208023688153610
0.0223376823444640
0.0224502916942538
0.0239806728481358
0.0242488478123625
0.0254479159459429
0.0259842786713967
0.0265536651286896
0.0271080760442866
0.0270929155021994
0.0273355654900563
0.0269461221053773
0.0268948283081059
0.0263086238819777
0.0260546987429091
0.0255659235359821
0.0250281220588428
0.0245778939894217
0.0239253797602414
0.0230924130275261
0.0223794477362961
0.0211711443367623
0.0202244819243835
0.0188476751900364
0.0178512650845266
0.0163430098950414
0.0154452507462668
0.0141284735843706
0.0130857576751636
0.0121083934397632
0.0109891915384896
0.0100546283101565
0.0090663889628213
0.0080800821311779
0.0071688836599898
0.0063273791794803
0.0054665217790314
0.0047896983969147
0.0040767508646685
0.0035814070660740
0.0029473129675266
0.0026450910018960
0.0020959573034891
0.0018523588352166
0.0014814922755757
0.0012010951379657
0.0009928512816080
0.0007486171813344
0.0006076084757179
0.0004414087177956
0.0003525739356003
0.0002454007827098
0.0001918627048999
0.0001349795013405
0.0000990097340583
0.0000722996438381
0.0000504806718473
0.0000377337560210
0.0000252193415309
0.0000189974659567
0.0000123711210360
0.0000091397694562
0.0000058464717485
0.0000041073890593
0.0000026937172426
0.0000017191437105
0.0000011585489227
0.0000006992125560
0.0000004659408315
0.0000002671340174
0.0000001792718581
0.0000000994916604
0.0000000634461157
0.0000000365195052
0.0000000211894808
0.0000000126036122
0.0000000069598674
0.0000000040933402
0.0000000021122472
0.0000000012818000
0.0000000006207261
0.0000000003612803
0.0000000001780919
0.0000000000935630
0.0000000000467684
0.0000000000233977
0.0000000000112776
0.0000000000051051
0.0000000000026215
0.0000000000009963
0.0000000000005373
0.0000000000001907
0.0000000000000894
0.0000000000000303
0.0000000000000150
0.0000000000000039
0.0000000000000016
0.0000000000000007
0.0000000000000000
0.0000000000000001
