0.0000000007131010
0.0000000000000000
0.0000000145709877
0.0000000000000000
0.0000001144813909
0.0000000000000000
0.0000004500192175
0.0000000000000000
0.0000010907322854
0.0000000000000000
0.0000026982688330
0.0000000000000000
0.0000087109754534
0.0000000000000000
0.0000233998582647
0.0000000000000000
0.0000470942358396
0.0000000000000000
0.0000948708161140
0.0000000000000000
0.0002204716363197
0.0000000000000000
0.0004492137544617
0.0000000000000000
0.0007602995376954
0.0000000000000000
0.0013288924967939
0.0000000000000000
0.0024554560816314
0.0000000000000000
0.0040541323984061
0.0000000000000000
0.0060173874548115
0.0000000000000000
0.0092031904706857
0.0000000000000000
0.0139269006476919
0.0000000000000000
0.0191734169743953
0.0000000000000000
0.0255651976236338
0.0000000000000000
0.0339069551957132
0.0000000000000000
0.0426540133240750
0.0000000000000000
0.0503317790246192
0.0000000000000000
0.0600255622769633
0.0000000000000000
0.0678669640582099
0.0000000000000000
0.0720175983221020
0.0000000000000000
0.0758940510089869
0.0000000000000000
0.0782769089419668
0.0000000000000000
0.0750873186659711
0.0000000000000000
0.0691348249641636
0.0000000000000000
0.0647683672984845
0.0000000000000000
0.0559289724047378
0.0000000000000000
0.0455226837965722
0.0000000000000000
0.0373997670420991
0.0000000000000000
0.0290983073308207
0.0000000000000000
0.0207499565807092
0.0000000000000000
0.0144864043977071
0.0000000000000000
0.0101746897120903
0.0000000000000000
0.0059323673977943
0.0000000000000000
0.0035484824979564
0.0000000000000000
0.0021722954095258
0.0000000000000000
0.0008957580812791
0.0000000000000000
0.0004937767583055
0.0000000000000000
0.0002172584371983
0.0000000000000000
0.0000498528091738
0.0000000000000000
0.0000298021154068
0.0000000000000000
0.0000013715189569
0.0000000000000000
0.0000008888850780
0.0000000000000000
0.0000000107770302
0.0000000000000000
0.0000000072182904
