0.0000000001664153
0.0000000000000000
0.0000000083402088
0.0000000004956017
0.0000000805340077
0.0000000251860742
0.0000002996168258
0.0000002574366149
0.0000005245490475
0.0000010677531594
0.0000008194639923
0.0000022268284343
0.0000025942215784
0.0000033361332267
0.0000079001688575
0.0000070614761228
0.0000179395082671
0.0000201711016759
0.0000304075932822
0.0000514412898958
0.0000500736968578
0.0000962568672908
0.0001094287904267
0.0001472441473207
0.0002203756929992
0.0002593852990925
0.0003512936672384
0.0004684980421144
0.0005565793726876
0.0007143613905694
0.0009201131475318
0.0010655470281870
0.0013688098743285
0.0016589299163160
0.0019279515796941
0.0023864928594693
0.0027801714158391
0.0031788312644451
0.0038322353535954
0.0042880566263973
0.0049144705900982
0.0057462228579169
0.0062079977281653
0.0071824862010407
0.0079291858283539
0.0085143798535805
0.0097849912009693
0.0101611397908392
0.0112895566392960
0.0123366269261537
0.0125788927164982
0.0142950153185856
0.0143731286052619
0.0153357519523209
0.0165907741844810
0.0161968893488465
0.0180448641284231
0.0179146852617073
0.0183792761889250
0.0198874880017283
0.0188104888389103
0.0205132214329598
0.0202876042288458
0.0199782781808484
0.0216106625746562
0.0200899158394270
0.0214322183681944
0.0213268925927816
0.0204228725748057
0.0220927819852576
0.0203817099056031
0.0211753956348123
0.0213935143843255
0.0198735124914140
0.0215284273305993
0.0198950466318475
0.0200704479815266
0.0206006755793651
0.0186599118904555
0.0200360135420573
0.0186662529528842
0.0181558164262272
0.0188783815738696
0.0167660012719076
0.0176290022245396
0.0165420910050757
0.0154196645099285
0.0160756260761184
0.0139755618777182
0.0143073112653312
0.0134730676941263
0.0120670936646932
0.0125349388781884
0.0106750419929945
0.0105021809792272
0.0099245138724309
0.0084518373633858
0.0086683696020950
0.0072774451259891
0.0068403018234959
0.0064784361463740
0.0052749306700187
0.0053039957021816
0.0043902732655370
0.0038957216566124
0.0036810415141374
0.0028783675107666
0.0027958254042470
0.0022962737064073
0.0019240408837734
0.0018155208722203
0.0013580346411606
0.0012639803647089
0.0010400874266363
0.0008106464038549
0.0007542576653265
0.0005532072903207
0.0004819463384800
0.0003969433050696
0.0002916424049432
0.0002625739150994
0.0001918670841183
0.0001530166874622
0.0001258791370333
0.0000897795159255
0.0000758124446937
0.0000546091027706
0.0000412229258653
0.0000330579141497
0.0000229200317193
0.0000179696593001
0.0000127500287634
0.0000093898482067
0.0000070692713157
0.0000047242963288
0.0000035538832988
0.0000024623077802
0.0000017289318146
0.0000012239675607
0.0000007942741900
0.0000005847546189
0.0000003810027175
0.0000002536604007
0.0000001734190720
0.0000001095949055
0.0000000768080304
0.0000000463737892
0.0000000306914572
0.0000000198580382
0.0000000120564953
0.0000000079743065
0.0000000045873968
0.0000000030317525
0.0000000017862248
0.0000000010494204
0.0000000006703450
0.0000000003671966
0.0000000002307099
0.0000000001266618
0.0000000000739502
0.0000000000432848
0.0000000000221271
0.0000000000139143
0.0000000000068139
0.0000000000038385
0.0000000000019807
0.0000000000010233
0.0000000000006160
0.0000000000002231
0.0000000000001288
0.0000000000000652
0.0000000000000335
0.0000000000000102
0.0000000000000037
0.0000000000000038
0.0000000000000007
0.0000000000000002
0.0000000000000001
0.0000000000000001
0.0000000000000000
0.0000000000000000
0.0000000000000000
