0.0000000006832845
0.0000000101434874
0.0000000556646734
0.0000001629178718
0.0000004527932984
0.0000014379781152
0.0000034382664990
0.0000069576363443
0.0000144402381629
0.0000275256714795
0.0000483005168255
0.0000832258054959
0.0001388542210101
0.0001914534639253
0.0002708572492121
0.0004188202724671
0.0005673735822357
0.0007363987870070
0.0010553243717401
0.0015859526519501
0.0022761835706894
0.0031460729571795
0.0040843131638148
0.0055055378680899
0.0074651276299830
0.0088680922757115
0.0100772917211311
0.0126095358843622
0.0160491655486058
0.0188058099900908
0.0208168875974893
0.0250476745351049
0.0322584425349823
0.0362744349164553
0.0368338604389114
0.0413730409709321
0.0492079174843127
0.0488719953614413
0.0447502916520894
0.0472149857344776
0.0531734481465725
0.0540362354800067
0.0499956914950472
0.0515739085093119
0.0585027792667393
0.0510846746474437
0.0385639429320034
0.0344772539578456
0.0290922821131900
0.0219415751345671
0.0162902327572444
0.0137935848470690
0.0141802342211136
0.0116534860481326
0.0080924473917095
0.0066192520409093
0.0046914660956543
0.0026711692330741
0.0014046681362715
0.0006667722669458
0.0003856940077984
0.0002337999056142
0.0001125109353493
0.0000488616659676
0.0000175038420930
0.0000055668395797
0.0000020831051516
0.0000007606046743
0.0000002865168652
0.0000000954014562
0.0000000226214510
0.0000000045295656
0.0000000005526430
