0.0000000001472696
0.0000000000000000
0.0000000005673974
0.0000000005569871
0.0000000005504597
0.0000000092256962
0.0000000013996510
0.0000000300332895
0.0000000296387401
0.0000000337437966
0.0000002118103256
0.0000000783479753
0.0000005419400843
0.0000005435585993
0.0000007604362938
0.0000024639687254
0.0000015433537077
0.0000051871036066
0.0000054125168201
0.0000088659356706
0.0000171164534561
0.0000158098849182
0.0000333417888356
0.0000370533695836
0.0000617260554753
0.0000838664526502
0.0001008532662977
0.0001633784460176
0.0001916212150346
0.0002849389140858
0.0003407621164736
0.0004513163532236
0.0006274866992820
0.0007402056801419
0.0009845528328554
0.0011786840122494
0.0015333668521242
0.0019161958638279
0.0021609851312363
0.0028501729614906
0.0032404549363773
0.0041146282250750
0.0046930241531858
0.0051330391390114
0.0069466945184225
0.0070058911789923
0.0088235837409162
0.0093023748017360
0.0106822906075036
0.0132038357657244
0.0127051041900890
0.0153374582042891
0.0157796409983281
0.0188306755226897
0.0195877342339966
0.0201853445042660
0.0223101740029432
0.0240220100189608
0.0256840797095671
0.0259956686586547
0.0272146235037695
0.0286558141591246
0.0314113742206567
0.0290263826573562
0.0326699709186584
0.0306484104878436
0.0342530486163609
0.0328447278818911
0.0317049650101465
0.0339549649045354
0.0298448277369397
0.0339786780460358
0.0278179890821921
0.0290239115011914
0.0274954979997790
0.0251102751115570
0.0243052687318207
0.0226236451418892
0.0213506074517657
0.0188959686534338
0.0184862261051923
0.0170057538971223
0.0156971489913724
0.0127137530030584
0.0123106271200019
0.0109393446005164
0.0087058871117531
0.0078859811711781
0.0064869611317313
0.0053312383427642
0.0047807809001875
0.0037297853396840
0.0039641524575194
0.0021878962284739
0.0023734643265307
0.0020338187420197
0.0014148272246820
0.0011540251842463
0.0006622017349765
0.0007974529895423
0.0002547886366372
0.0003863784305839
0.0001417897444152
0.0001546571658423
0.0000588168475568
0.0000550532939359
0.0000350475551977
0.0000128039918624
0.0000158617406257
0.0000024514988620
0.0000051050932838
0.0000003149352686
0.0000015713105308
0.0000000000000000
0.0000002250408128
