0.0000000000000002
0.0000000000000013
0.0000000000000016
0.0000000000000128
0.0000000000000176
0.0000000000000765
0.0000000000001654
0.0000000000004637
0.0000000000010198
0.0000000000024175
0.0000000000053282
0.0000000000111334
0.0000000000257153
0.0000000000503194
0.0000000001063357
0.0000000002120495
0.0000000004109825
0.0000000007772239
0.0000000015715143
0.0000000026861304
0.0000000053952859
0.0000000094984323
0.0000000166348315
0.0000000305856057
0.0000000513244480
0.0000000876506296
0.0000001554989248
0.0000002464128180
0.0000004213497651
0.0000006911242402
0.0000010558260770
0.0000017781162269
0.0000026420386061
0.0000041418787592
0.0000062975554637
0.0000094256570353
0.0000140417773883
0.0000202712195867
0.0000302202289772
0.0000418334645685
0.0000602970538725
0.0000843068400231
0.0001159723805869
0.0001588812652116
0.0002165985565259
0.0002907592145977
0.0003816533736534
0.0005116122859761
0.0006568041400169
0.0008548975978570
0.0010860113292653
0.0013897405920423
0.0017313098327456
0.0021559532567356
0.0026906722355302
0.0032313562431522
0.0039994066542966
0.0047289827084778
0.0057227850157627
0.0067011997621891
0.0079019666462385
0.0092343029285479
0.0105191773660382
0.0123179030834449
0.0136400265845244
0.0157523160606286
0.0173281836328235
0.0193904737133506
0.0213593490699614
0.0231240943230180
0.0255434710339076
0.0267186206854933
0.0293975848285291
0.0303091588595306
0.0323926204393785
0.0335291471279050
0.0344124344010298
0.0359248100253421
0.0355932599037054
0.0370075244298666
0.0357629856592650
0.0365968435397153
0.0353942219253374
0.0344539336923120
0.0338274431161366
0.0317122581721710
0.0311008773045408
0.0281667259411513
0.0273765693131053
0.0247041062531304
0.0229330544710754
0.0208556921778665
0.0184978093194307
0.0171785952119082
0.0145451622427184
0.0131810667947644
0.0111599790887518
0.0099415691246291
0.0081914100701186
0.0069145590954493
0.0060689755920051
0.0047784410052359
0.0039458893410612
0.0031867983986613
0.0027070171783374
0.0019688540254539
0.0016108511146462
0.0013102904903020
0.0009493905264617
0.0007004337385291
0.0005605332409284
0.0004345684094618
0.0002704215564558
0.0002232721001380
0.0001611828708170
0.0001050106605062
0.0000682932043833
0.0000581188638937
0.0000368790144654
0.0000187055785897
0.0000169577238036
0.0000101951756709
0.0000056512926262
0.0000031778361497
0.0000031156556324
0.0000014013397394
0.0000005112867240
0.0000006073904431
0.0000002774129322
0.0000001115053273
0.0000000510065200
0.0000000603139123
0.0000000204878278
0.0000000052329866
0.0000000079742358
0.0000000029199552
0.0000000007329842
0.0000000001987566
0.0000000003731544
0.0000000000865842
0.0000000000123470
0.0000000000202936
0.0000000000069656
0.0000000000013959
0.0000000000002067
0.0000000000006800
0.0000000000001088
