0.0000000147417030
0.0000001367583884
0.0000000000000000
0.0000005304864686
0.0000049239911712
0.0000000248831255
0.0000041033700788
0.0000383954751231
0.0000030485947223
0.0000068445064960
0.0000725950489691
0.0000844510317936
0.0001341784860480
0.0013069858841975
0.0006125877893363
0.0010356504062846
0.0095936082152152
0.0012437277362727
0.0009595970492990
0.0096278670194086
0.0213317819926924
0.0011710778800820
0.0210881286563207
0.1507658476403470
0.0046873410412389
0.0158902521167762
0.1209281501420785
0.0422123389267240
0.0086319460814355
0.0920153690740648
0.1362434465057065
0.0082804420546792
0.0624799503349059
0.1053314841802576
0.0211710461452064
0.0097936181404595
0.0703192781295640
0.0162134206402277
0.0043170586400964
0.0412109199582701
0.0107768861476220
0.0001997724961392
0.0026301991430727
0.0072074197494007
0.0000000000000000
0.0000363485132649
0.0003372041952654
