0.0000000000000046
0.0000000000000067
0.0000000000000622
0.0000000000001029
0.0000000000000615
0.0000000000003117
0.0000000000004308
0.0000000000016500
0.0000000000030188
0.0000000000047135
0.0000000000134125
0.0000000000171291
0.0000000000316694
0.0000000000598339
0.0000000001110324
0.0000000002492840
0.0000000003443288
0.0000000006403820
0.0000000011025397
0.0000000016337409
0.0000000031259747
0.0000000045906870
0.0000000088218632
0.0000000141245996
0.0000000194751299
0.0000000345179109
0.0000000494249989
0.0000000844934522
0.0000001254963955
0.0000001849447523
0.0000003044922509
0.0000004212632519
0.0000006601598421
0.0000009156776371
0.0000013827953222
0.0000020613606642
0.0000027984470709
0.0000042046504772
0.0000057423323205
0.0000083540261354
0.0000112794669192
0.0000154334256566
0.0000218791289199
0.0000294578801723
0.0000410619574930
0.0000522170969904
0.0000721122631983
0.0000961320093738
0.0001240420011872
0.0001660988450994
0.0002078055430925
0.0002790351637922
0.0003557754182701
0.0004441425232787
0.0005684213222357
0.0007076633705882
0.0008988988593036
0.0011008437832038
0.0013602658581185
0.0016680293848156
0.0020319523030781
0.0024651019392680
0.0029052503473444
0.0035319446818353
0.0041671176738674
0.0048955068816058
0.0057744144544688
0.0066131808840757
0.0077787267124114
0.0088232827980251
0.0100233133283440
0.0114998875050362
0.0127819317148972
0.0145147266172683
0.0158875041591991
0.0175659682820343
0.0194677379531880
0.0208069684348243
0.0228688337247738
0.0243256465936820
0.0260187064189332
0.0278420190911137
0.0287606258902252
0.0304539622018242
0.0314679765739821
0.0322891154327933
0.0333983704465289
0.0335903604987062
0.0341083344869056
0.0341253229961206
0.0336711417583372
0.0335922603386566
0.0326234110251128
0.0318902752017354
0.0308994403902929
0.0292234388564188
0.0281660354896133
0.0263394798189626
0.0246538600685613
0.0231487192774802
0.0209485303105959
0.0194200865596407
0.0176285979622915
0.0156371222029229
0.0141619346670446
0.0123778453594685
0.0108815117313058
0.0095861876253117
0.0081102630217731
0.0069889972050934
0.0059339560643482
0.0049373040118642
0.0041373877503402
0.0033921063265694
0.0027562844315556
0.0022397749975943
0.0017956580545949
0.0014014368741059
0.0011033362209288
0.0008573450267119
0.0006506674424319
0.0005029172583631
0.0003712753054326
0.0002684592578236
0.0002025240944506
0.0001444537259470
0.0001021544680986
0.0000746608732441
0.0000484256174623
0.0000337338706016
0.0000239123550114
0.0000146299236887
0.0000102901574071
0.0000065034427134
0.0000036959247656
0.0000026497909487
0.0000015281493481
0.0000008212142144
0.0000005839916572
0.0000002745596233
0.0000001556643049
0.0000001071396748
0.0000000366005157
0.0000000246675217
0.0000000124030437
0.0000000039565334
0.0000000034046123
0.0000000008152940
0.0000000002487497
0.0000000002341241
0.0000000000383059
0.0000000000037253
0.0000000000010050
0.0000000000011654
0.0000000000001129
