0.0000152329075250
0.0000000000000000
0.0000049799704256
0.0000000000000000
0.0001401508401437
0.0002949637985561
0.0001186398548689
0.0001135665769240
0.0003593899669629
0.0027194259004968
0.0009057088329374
0.0024549582548107
0.0008215572220555
0.0070925460052952
0.0029470728334240
0.0155556900053214
0.0055741823807458
0.0097217314095739
0.0066454187902065
0.0335602552171631
0.0161186047228921
0.0334272685759816
0.0229939284982963
0.0251707428719696
0.0251889370746036
0.0425092617302593
0.0502878534951557
0.0541133062611542
0.0452233737530891
0.0378040947827225
0.0418573421851281
0.0274172645741110
0.0617995723645215
0.0511924140899184
0.0636193169595312
0.0296448274032592
0.0392608268240796
0.0266585401043565
0.0268674306093472
0.0260789181374909
0.0481593990275370
0.0157389503366711
0.0224349095208898
0.0107007366726796
0.0107253218647477
0.0193809389923836
0.0054987938076445
0.0081179758791835
0.0034241416548805
0.0036830349625057
0.0074516013070954
0.0021491019390379
0.0021723265624177
0.0003995308929684
0.0000000000000000
0.0027763057581733
0.0000000000000000
0.0009076350358798
