0.0000000000001227
0.0000000000027948
0.0000000000209072
0.0000000001003295
0.0000000006490365
0.0000000037616922
0.0000000136488631
0.0000000314866672
0.0000000513783509
0.0000000701277963
0.0000000932616221
0.0000001230270966
0.0000001612195376
0.0000002193308162
0.0000003125798823
0.0000005150844292
0.0000010016990929
0.0000018143870350
0.0000026882342643
0.0000034997046676
0.0000045036668979
0.0000057882047455
0.0000074011804909
0.0000097664176341
0.0000130543787214
0.0000180160357829
0.0000272669471720
0.0000412706310395
0.0000555577792156
0.0000685279293983
0.0000846484918174
0.0001051527125589
0.0001303713696615
0.0001663257711249
0.0002131451717357
0.0002708260306020
0.0003567254622096
0.0004721727254288
0.0005814886697549
0.0006773563028151
0.0007974572509544
0.0009489137807404
0.0011298528796260
0.0013783125540700
0.0016849920876838
0.0020143705983269
0.0024202991857555
0.0029003322302875
0.0033127967471905
0.0036572359891367
0.0040951568736230
0.0046407730631732
0.0052664265373943
0.0060783038247073
0.0070127097558951
0.0078996394723591
0.0088392062049462
0.0098391434045637
0.0106165826829991
0.0112324889279701
0.0120414889466404
0.0130409893995409
0.0141473829743349
0.0155026846329204
0.0169156817968178
0.0180463904144907
0.0190572671154507
0.0200214752317502
0.0206389068265771
0.0210654620301120
0.0217232028846818
0.0225581311513782
0.0234609450544492
0.0245132884558993
0.0254056409850702
0.0258005383786118
0.0259477755787417
0.0259966076420728
0.0257710766276144
0.0254484180483527
0.0253001314987202
0.0252346856925959
0.0251840860310641
0.0251462847400165
0.0248390436770808
0.0241086682558765
0.0232264003516318
0.0223351378558987
0.0213726655869371
0.0204310907597256
0.0195831538013269
0.0187603194469966
0.0179504710712941
0.0171301824150709
0.0161608926604058
0.0150357042870217
0.0139225876827528
0.0128933902007619
0.0119293094808539
0.0110282618263058
0.0101692161416037
0.0093360966892208
0.0085412675262334
0.0077757039413495
0.0070111800545336
0.0062654778097497
0.0055835437401414
0.0049821746711694
0.0044559113494519
0.0039732359497414
0.0035068332085720
0.0030682683719218
0.0026697388205348
0.0023091830170497
0.0019883260361269
0.0017087290572746
0.0014648936091612
0.0012565213133205
0.0010836979560993
0.0009275719862201
0.0007760338612222
0.0006394880317288
0.0005238281340489
0.0004272739754081
0.0003502848225162
0.0002895808024989
0.0002383739503914
0.0001955158875032
0.0001617682226209
0.0001318188995040
0.0001026284492103
0.0000776308925867
0.0000585114425819
0.0000442986697870
0.0000343233857271
0.0000272737604664
0.0000215016588487
0.0000167338057667
0.0000131710996012
0.0000100786041686
0.0000070442275266
0.0000045899817284
0.0000029701239321
0.0000019791218754
0.0000014100173670
0.0000010712021349
0.0000008086084791
0.0000005941075904
0.0000004411494919
0.0000003113901181
0.0000001830224845
0.0000000848591622
0.0000000312750063
0.0000000085999724
0.0000000014553850
0.0000000001157683
0.0000000000032463
