0.0000188313878777
0.0000370080628528
0.0001022155763118
0.0002008774126073
0.0001395318866586
0.0002757549000474
0.0000959204009465
0.0002252354022843
0.0003588657208328
0.0010803442013712
0.0013413275866169
0.0026703114542851
0.0042790043744031
0.0029506655593686
0.0055440330952593
0.0025724790035396
0.0051443195114137
0.0070830049119661
0.0154069757804692
0.0142750073753832
0.0204228354674228
0.0219604045918266
0.0151716228225249
0.0237700565824527
0.0199611565005317
0.0305760716868480
0.0284496586266530
0.0568449424880878
0.0392903127368034
0.0522361882464041
0.0431006779248804
0.0344742618467649
0.0355112542806951
0.0448663334619410
0.0596837928226941
0.0379425578787827
0.0720126120910893
0.0291122167699076
0.0438981782761273
0.0329385841809997
0.0380870757042813
0.0176270719765253
0.0217948721496010
0.0282036020181635
0.0152303522318930
0.0282489005927322
0.0060720108470765
0.0116169247348567
0.0084859544472127
0.0137279814098001
0.0020770702920756
0.0004171591922101
0.0008198149655871
0.0005280450498373
0.0010377315002153
