0.0000497171930158
0.0000000000000000
0.0000684555446098
0.0000000000000000
0.0014277557596691
0.0000000000000000
0.0019876799969670
0.0000000000000000
0.0042187452328440
0.0000000000000000
0.0063936262507425
0.0000000000000000
0.0194487073604139
0.0000000000000000
0.0274288329630138
0.0000000000000000
0.0439865554455862
0.0000000000000000
0.0652338236497240
0.0000000000000000
0.0701140413574119
0.0000000000000000
0.0992678085246091
0.0000000000000000
0.1002391182367098
0.0000000000000000
0.1293763980421334
0.0000000000000000
0.0940303470521227
0.0000000000000000
0.1134874180939181
0.0000000000000000
0.0698114953614288
0.0000000000000000
0.0592356714333625
0.0000000000000000
0.0430132826716774
0.0000000000000000
0.0213103909231201
0.0000000000000000
0.0166147881601943
0.0000000000000000
0.0059705458401915
0.0000000000000000
0.0048492720062556
0.0000000000000000
0.0010949960173651
0.0000000000000000
0.0011363218816640
0.0000000000000000
0.0000859123657954
0.0000000000000000
0.0001182926354545
