0.0000000000000000
0.0000000000000000
0.0000000000000015
0.0000000000000000
0.0000000000000256
0.0000000000000000
0.0000000000002392
0.0000000000000000
0.0000000000018459
0.0000000000000000
0.0000000000114858
0.0000000000000000
0.0000000000550635
0.0000000000000000
0.0000000002485596
0.0000000000000000
0.0000000010840042
0.0000000000000000
0.0000000039586172
0.0000000000000000
0.0000000125871238
0.0000000000000000
0.0000000386727704
0.0000000000000000
0.0000001145664101
0.0000000000000000
0.0000003138518911
0.0000000000000000
0.0000008051406665
0.0000000000000000
0.0000019870136081
0.0000000000000000
0.0000046506894287
0.0000000000000000
0.0000103100505006
0.0000000000000000
0.0000219896197985
0.0000000000000000
0.0000448639838051
0.0000000000000000
0.0000875380741764
0.0000000000000000
0.0001647726256646
0.0000000000000000
0.0002996492758788
0.0000000000000000
0.0005243893077238
0.0000000000000000
0.0008858549664702
0.0000000000000000
0.0014531066280936
0.0000000000000000
0.0023065192454778
0.0000000000000000
0.0035440875457130
0.0000000000000000
0.0052876677436409
0.0000000000000000
0.0076630546905026
0.0000000000000000
0.0107740408379723
0.0000000000000000
0.0147180204113570
0.0000000000000000
0.0195629669128731
0.0000000000000000
0.0252348896798175
0.0000000000000000
0.0316490503609980
0.0000000000000000
0.0386197847494016
0.0000000000000000
0.0458137322524437
0.0000000000000000
0.0527591012034609
0.0000000000000000
0.0590890948879881
0.0000000000000000
0.0643396666599471
0.0000000000000000
0.0679613827232705
0.0000000000000000
0.0697516202291626
0.0000000000000000
0.0694816125990788
0.0000000000000000
0.0671186511872010
0.0000000000000000
0.0628194120525657
0.0000000000000000
0.0570252773677984
0.0000000000000000
0.0500729541902098
0.0000000000000000
0.0424754175031370
0.0000000000000000
0.0348767482376069
0.0000000000000000
0.0275940018550226
0.0000000000000000
0.0210426841281416
0.0000000000000000
0.0154436010368568
0.0000000000000000
0.0108894175008101
0.0000000000000000
0.0073439582382280
0.0000000000000000
0.0047398396525566
0.0000000000000000
0.0029248885683445
0.0000000000000000
0.0017034082385852
0.0000000000000000
0.0009467236561364
0.0000000000000000
0.0004960426906537
0.0000000000000000
0.0002418400781181
0.0000000000000000
0.0001122173218935
0.0000000000000000
0.0000476818123259
0.0000000000000000
0.0000186219286465
0.0000000000000000
0.0000068461903353
0.0000000000000000
0.0000022000722236
0.0000000000000000
0.0000006476723975
0.0000000000000000
0.0000001775958683
0.0000000000000000
0.0000000379924523
0.0000000000000000
0.0000000069828823
0.0000000000000000
0.0000000010508540
0.0000000000000000
0.0000000000478812
