0.0000862481726654
0.0000000000000000
0.0001628169124613
0.0000495148632728
0.0000582997869089
0.0001269059069216
0.0029506493125013
0.0001356086972940
0.0055893479505935
0.0017866198532316
0.0020531405595078
0.0043611616110799
0.0013415802320718
0.0046368896076096
0.0030986539917237
0.0040537166128923
0.0028712764249581
0.0028303676674778
0.0272030910231079
0.0020192781202937
0.0485998113265093
0.0208209503247302
0.0180026994613285
0.0466284550991302
0.0085015431133099
0.0424827617988082
0.0221013019098384
0.0315574945930197
0.0278053024285397
0.0177881768601515
0.0268990215858893
0.0114313451875719
0.0178170065847964
0.0532072272221571
0.0082031079985888
0.0875167426693298
0.0292662083955968
0.0318019319139405
0.0646084544601359
0.0097531467505599
0.0661644594450517
0.0254252775564453
0.0492986901885405
0.0338312373490228
0.0212150520832564
0.0341750606040772
0.0111271408142401
0.0227278838958128
0.0127991391029141
0.0083607595500154
0.0103712369057787
0.0043740441038539
0.0032260628108974
0.0033864868537788
0.0008575647134332
0.0009164617405451
0.0010003561555201
0.0000602286137207
0.0003205908480201
0.0001136979094719
0.0000000000000000
0.0000407117650986
