0.0060328723658230
0.0025589768379215
0.0078534223601183
0.0143506529366820
0.0072078254848477
0.0175236087022134
0.0107923310474461
0.0208420945012721
0.0191869799998281
0.0258667621929362
0.0401434469157372
0.0299240704989436
0.0508555759023834
0.0359015613767215
0.0409844621234609
0.0423010332640718
0.0382101468699931
0.0472307332407081
0.0433753815012334
0.0547434647200687
0.0452779957759849
0.0485055979895935
0.0426496780756918
0.0351013236924084
0.0378613927863385
0.0293008371254657
0.0321960576236618
0.0294848177921503
0.0246226733327998
0.0245793772734844
0.0174071729204313
0.0162594343539383
0.0127520448032703
0.0098066597396979
0.0103101167575376
0.0059674437088112
0.0067826208398700
0.0043837241948796
0.0028091859975202
0.0030992814203716
0.0011570860654365
0.0015387157466766
0.0009109548767413
0.0004802308452491
0.0005327646954598
0.0001619656499534
0.0001231895077312
0.0000522535664346
