0.0000000000000003
0.0000000000000048
0.0000000000000571
0.0000000000008524
0.0000000000012012
0.0000000000052599
0.0000000000177948
0.0000000001175318
0.0000000001795092
0.0000000006252669
0.0000000015333193
0.0000000041529992
0.0000000078234760
0.0000000184950508
0.0000000386320786
0.0000000734244400
0.0000001441927677
0.0000002613696222
0.0000004789956230
0.0000007902331896
0.0000014209538169
0.0000022249413540
0.0000036675477228
0.0000056974782651
0.0000089264064227
0.0000133130081961
0.0000200674322419
0.0000296290564105
0.0000420522239469
0.0000614243469995
0.0000848784292987
0.0001196348850514
0.0001612435924799
0.0002238807324112
0.0002929368183269
0.0003957743083123
0.0005164435613025
0.0006706494649558
0.0008673109825941
0.0011021267458544
0.0014048868228562
0.0017300759769912
0.0021952157818405
0.0026295058663512
0.0032631991492365
0.0038830484019914
0.0046968282926757
0.0055237540971746
0.0065567243949979
0.0076653576924719
0.0087963728662303
0.0102710675216814
0.0114645514968800
0.0131441878989966
0.0144845604642609
0.0163860392212903
0.0177659414536779
0.0198589312296827
0.0214108096642906
0.0232008674385217
0.0249934617608184
0.0263868810167524
0.0280266542849328
0.0290686344197202
0.0307133836177453
0.0311538523231036
0.0327704247829498
0.0328731779573753
0.0337251602756464
0.0336669458494409
0.0337839616141204
0.0332702651409908
0.0327795333989606
0.0321599213231638
0.0308869168354472
0.0303444834436488
0.0286763705280637
0.0277036012254883
0.0259244026862158
0.0246115043918519
0.0225809138680093
0.0211061815481869
0.0191010279054653
0.0174164685933172
0.0157916164169794
0.0141655698937041
0.0127423062609104
0.0113238772690363
0.0100458150797331
0.0086634479338086
0.0075890751939338
0.0062958424534303
0.0053903588796339
0.0044389081360476
0.0037573020902485
0.0030952515335368
0.0026260838144190
0.0021361593316805
0.0017449363927891
0.0013985858418173
0.0010524038591927
0.0008177035069168
0.0005928073309826
0.0004548698730361
0.0003318241363031
0.0002623640051095
0.0001893139418662
0.0001455402882157
0.0001023065864319
0.0000679386167151
0.0000436899327625
0.0000251123806396
0.0000139646715594
0.0000073362304107
0.0000036460895624
0.0000016708749847
0.0000007288658708
0.0000002990918272
0.0000001094827901
0.0000000393496712
0.0000000124857975
0.0000000034272144
0.0000000009155741
0.0000000002235734
0.0000000000519739
0.0000000000113395
0.0000000000022808
0.0000000000002471
