0.0000000007343146
0.0000000000000000
0.0000000029320227
0.0000000069060293
0.0000000089940347
0.0000000275748755
0.0000000346534578
0.0000000845864498
0.0000000908607939
0.0000002962372993
0.0000002281763224
0.0000007363008260
0.0000005956742991
0.0000017835196418
0.0000013116046198
0.0000042464960786
0.0000026576281202
0.0000088196969969
0.0000055458611999
0.0000162270350799
0.0000108612239229
0.0000300839639189
0.0000182626798301
0.0000545498806651
0.0000322957464605
0.0000785313419196
0.0000543903473458
0.0001188354956829
0.0000764783764648
0.0001608893457311
0.0001208448495066
0.0001679359929984
0.0001825690344696
0.0002339840578706
0.0002242520302018
0.0003180196642535
0.0003218829653743
0.0003550571758434
0.0004300823571526
0.0004739763909577
0.0004740475122515
0.0005792167862708
0.0006640577191796
0.0006027852203261
0.0009337956404498
0.0008030260484944
0.0011921525967799
0.0010498820535631
0.0017794399310045
0.0012483076696648
0.0026624085688936
0.0017771556603217
0.0033767323307638
0.0025247227038973
0.0047668746695543
0.0032155695562558
0.0061514031982520
0.0047068216095580
0.0062675974840776
0.0066843580849346
0.0084086702107516
0.0079083439235763
0.0110406085809001
0.0108621504577619
0.0120397833394130
0.0138963572692775
0.0155369294320124
0.0141463369951814
0.0181322785938350
0.0176908553094312
0.0173637880929280
0.0215613848473626
0.0207979970320300
0.0220151854979599
0.0231337051820813
0.0263796441755411
0.0216227582466982
0.0290475525172503
0.0238809718292349
0.0266947399764726
0.0246469327585820
0.0290485228388898
0.0235724121221206
0.0294022909518335
0.0251131018038489
0.0258464195895064
0.0244539092292744
0.0261089716630731
0.0218705287812159
0.0242594774083710
0.0214512100088832
0.0221061143912370
0.0203472380908138
0.0221489421451803
0.0181079867857280
0.0195110412003646
0.0169532160089254
0.0162209303159284
0.0149905656617926
0.0153882682123570
0.0125494594672372
0.0136503149445147
0.0117786873193308
0.0108387053259367
0.0102840328208363
0.0098365131088070
0.0079919564074823
0.0080192673558932
0.0068280618641328
0.0064348527568665
0.0057645066459780
0.0055426123483466
0.0046778164036425
0.0038798446110527
0.0037624624199654
0.0028010876158922
0.0028821086115394
0.0021520110880829
0.0020275355144124
0.0015243606105927
0.0016457319770425
0.0009607658299542
0.0012880770086011
0.0007432429213311
0.0006618723278354
0.0005994848777356
0.0004650722429735
0.0003215040095916
0.0003555055422360
0.0002350453133157
0.0001712452228003
0.0001668133355752
0.0001048546168377
0.0000800716492574
0.0000673113739927
0.0000474695770751
0.0000383372608695
0.0000275501113030
0.0000289702568509
0.0000147712267837
0.0000216501543032
0.0000109220677998
0.0000100061643140
0.0000087997479987
0.0000066160752350
0.0000039778547987
0.0000048793253040
0.0000026337853716
0.0000016911940844
0.0000019159576842
0.0000007375625306
0.0000006133597097
0.0000003258773953
0.0000002183931098
0.0000000678035145
0.0000000555556706
0.0000000241421472
0.0000000000000000
0.0000000061413713
