0.0000061951751141
0.0000168764761826
0.0000172055427163
0.0000574777164459
0.0000702021769749
0.0003037929583429
0.0006487778240405
0.0008680719148961
0.0018638053785830
0.0025212450453492
0.0046159656420051
0.0065440149496138
0.0124077989895613
0.0117412039922827
0.0199313335546156
0.0258756557065746
0.0317272385209087
0.0394441286602036
0.0593962147022022
0.0501282611530359
0.0608539800767644
0.0867507417246801
0.0328204510849093
0.0699311496052185
0.0332458406123006
0.0384724958884509
0.0473799609388288
0.0638442024061287
0.0501731579599371
0.0579329870942181
0.0740897102012754
0.0214053784882596
0.0504822398941482
0.0082871405678448
0.0081252963343434
0.0100495450364205
0.0074211487958358
0.0049950939755452
0.0040336986393580
0.0002941804860065
0.0003468726733067
0.0004783182020566
0.0001076608482276
0.0002932823862858
