0.0001798350490433
0.0000000000000000
0.0008203209404916
0.0000000000000000
0.0014234493791900
0.0000000000000000
0.0041679664409119
0.0000000000000000
0.0082357176159388
0.0000000000000000
0.0120242910509572
0.0000000000000000
0.0243734183942879
0.0000000000000000
0.0358232319020911
0.0000000000000000
0.0396019362897336
0.0000000000000000
0.0511779176103438
0.0000000000000000
0.0911820273217282
0.0000000000000000
0.0962208779752194
0.0000000000000000
0.0698280139686409
0.0000000000000000
0.0904711854462095
0.0000000000000000
0.1245484604161503
0.0000000000000000
0.0942770656524891
0.0000000000000000
0.0520433803695991
0.0000000000000000
0.0674085913382217
0.0000000000000000
0.0632162883343273
0.0000000000000000
0.0266201706187949
0.0000000000000000
0.0151295098037415
0.0000000000000000
0.0165106539449018
0.0000000000000000
0.0094913564466026
0.0000000000000000
0.0022656878418827
0.0000000000000000
0.0014136861205387
0.0000000000000000
0.0012631318990727
0.0000000000000000
0.0002818278288902
