0.0000000000011315
0.0000000000078030
0.0000000000140067
0.0000000000404078
0.0000000001375639
0.0000000002265387
0.0000000005037818
0.0000000012496938
0.0000000025293242
0.0000000050262587
0.0000000114931835
0.0000000251606213
0.0000000434885299
0.0000000857286563
0.0000001661501329
0.0000002737734340
0.0000005058660427
0.0000009767394584
0.0000016104009535
0.0000027605687585
0.0000047605251361
0.0000074524847737
0.0000121263703521
0.0000188055031205
0.0000299586216089
0.0000451454910063
0.0000676610320671
0.0001032561123426
0.0001448814899799
0.0002160886534895
0.0002996534943428
0.0004211500704255
0.0005888058367603
0.0007857247386315
0.0010826048426277
0.0014044993593402
0.0018778911311587
0.0023923109499869
0.0030668334694764
0.0039155542168520
0.0047820859879765
0.0060273323381988
0.0072353223392664
0.0087853976426206
0.0103930163647674
0.0122859444589427
0.0143031537751536
0.0162849234678380
0.0188584993836379
0.0208822504058237
0.0235536384043054
0.0259333702808354
0.0283240885037119
0.0307631887167064
0.0329250523347564
0.0351748352379748
0.0366067769953562
0.0385122740267699
0.0393867941949621
0.0401106921036979
0.0405995973354409
0.0402989260671632
0.0399130442580296
0.0388962513029936
0.0376995024486796
0.0360445968089937
0.0341641287974539
0.0321163840614149
0.0297413342465376
0.0274245131090583
0.0249190077153444
0.0224012016188293
0.0200664174193019
0.0175966966472837
0.0154406496944797
0.0133514482103599
0.0113951145576961
0.0097116448499758
0.0081029729215982
0.0067600422108202
0.0055322300025425
0.0044968779069616
0.0036285537114224
0.0028623565103535
0.0022708738518264
0.0017605895638145
0.0013484948381502
0.0010393746744465
0.0007714271310827
0.0005767071320366
0.0004280818020122
0.0003038801691164
0.0002234726703556
0.0001570468316307
0.0001083742812783
0.0000776125811769
0.0000511698088786
0.0000348852806857
0.0000237039261493
0.0000147268471672
0.0000099845719334
0.0000062382880335
0.0000037432398874
0.0000024945459168
0.0000013823142297
0.0000008490176484
0.0000005141441566
0.0000002610770727
0.0000001660659888
0.0000000847131894
0.0000000447932527
0.0000000269608661
0.0000000122098968
0.0000000070467482
0.0000000036624866
0.0000000015523037
0.0000000009185630
0.0000000003499009
0.0000000001552004
0.0000000000737510
0.0000000000183940
0.0000000000103119
0.0000000000020797
0.0000000000007516
0.0000000000002222
0.0000000000000245
0.0000000000000138
0.0000000000000003
0.0000000000000003
