0.0000000000004931
0.0000000000150070
0.0000000001125558
0.0000000003915009
0.0000000010705460
0.0000000024755251
0.0000000047864541
0.0000000100439432
0.0000000209636212
0.0000000419625071
0.0000000818424144
0.0000001366607456
0.0000002139689372
0.0000003234982985
0.0000004348442411
0.0000005704415251
0.0000007457924887
0.0000009970468433
0.0000014896197185
0.0000023078576706
0.0000036385569807
0.0000054641558208
0.0000076968285938
0.0000104976377065
0.0000131443415336
0.0000158025539307
0.0000191102476839
0.0000234479535730
0.0000314380004326
0.0000438916224559
0.0000622367913671
0.0000869269766116
0.0001142265757049
0.0001448776074218
0.0001724353516915
0.0001956709532933
0.0002244136763735
0.0002625069931682
0.0003282864997836
0.0004278045687612
0.0005644522288553
0.0007415929457661
0.0009222259792913
0.0011026742747006
0.0012549016819860
0.0013609320047564
0.0014943469347561
0.0016839697614364
0.0019921476808381
0.0024529635983071
0.0030519510868738
0.0037839353721122
0.0044759099442614
0.0050759357312833
0.0055288233451370
0.0057717956338897
0.0060994534927473
0.0066391934639181
0.0074824917977129
0.0087435249229877
0.0103062434922899
0.0120539166855263
0.0135566405245172
0.0146021517976211
0.0151960556841196
0.0153330822442711
0.0156415906681539
0.0164268855745081
0.0177074877333496
0.0196480313930082
0.0219379678046962
0.0241611176958947
0.0257236544085124
0.0262700873067936
0.0260539915012977
0.0254420980016798
0.0250807343177931
0.0253264801325458
0.0261481965714747
0.0274996942348302
0.0289881306192075
0.0300125881110027
0.0300435361276875
0.0290099266560320
0.0274336564071610
0.0258856663317130
0.0246351882892321
0.0238374861362218
0.0235097795688337
0.0233607596171994
0.0231446605301255
0.0224892505891927
0.0210511029228183
0.0192326877918165
0.0174831787360216
0.0158918401300823
0.0145659369791151
0.0135146844450577
0.0126359678011352
0.0118451758222310
0.0110240510758987
0.0099888085527715
0.0087644107615263
0.0076248098663411
0.0066682586259759
0.0058362526346490
0.0051355236219540
0.0045394868495601
0.0040054911070521
0.0035363282643829
0.0030814063572545
0.0025922570648721
0.0021382156378315
0.0017784928507992
0.0014904042654678
0.0012518361710107
0.0010494397635749
0.0008722563576798
0.0007238790167589
0.0005999077354167
0.0004853132508864
0.0003785614005636
0.0002931022857999
0.0002320717968810
0.0001853248738586
0.0001473307712549
0.0001152744592989
0.0000882722778648
0.0000682718871845
0.0000527896698066
0.0000392333751640
0.0000283717233340
0.0000204539075723
0.0000151593623435
0.0000114363312162
0.0000082989039175
0.0000057217916006
0.0000038412452941
0.0000026570691773
0.0000018802676020
0.0000012812394322
0.0000008604848632
0.0000005703936421
0.0000003849095532
0.0000002688921343
0.0000001656586278
0.0000000845873923
0.0000000379772068
0.0000000150752059
0.0000000061785799
0.0000000034217970
0.0000000019555268
0.0000000009281198
0.0000000003697615
0.0000000001116826
0.0000000000224902
0.0000000000038168
0.0000000000008254
0.0000000000001283
0.0000000000000074
