0.0004356239894775
0.0000000000000000
0.0022307102569802
0.0000000000000000
0.0020074096089015
0.0049133998663529
0.0000781052006584
0.0259616873931108
0.0003999551825443
0.0267459333724608
0.0121027195035692
0.0045744627652984
0.0691720087024736
0.0046548005900715
0.1004474191467386
0.0125840359437839
0.0439791925747939
0.0621516813587797
0.0125953492355580
0.1470023831098889
0.0199015127782033
0.1033807975275415
0.0315257153287464
0.0132033374515141
0.0832652345259947
0.0265026548743251
0.0721623183229905
0.0225129951463065
0.0095130215971707
0.0196363467399294
0.0149228304662285
0.0199036636005149
0.0131459076476216
0.0042114599157806
0.0024898693097659
0.0034506643221872
0.0021688526384231
0.0035639382215987
0.0008869345641780
0.0006332217250693
0.0002790422038606
0.0000718697815702
0.0003888644211851
0.0000646754053612
0.0001503953940818
0.0000025164199130
0.0000000000000000
0.0000128858920684
0.0000000000000000
0.0000115959764279
