0.0000000000004149
0.0000000000001489
0.0000000000055345
0.0000000000033937
0.0000000000173409
0.0000000000642625
0.0000000001072789
0.0000000006146756
0.0000000005700656
0.0000000020311069
0.0000000032790191
0.0000000099638399
0.0000000125476208
0.0000000278370398
0.0000000481013788
0.0000000895559362
0.0000001482280398
0.0000002409497697
0.0000004089951905
0.0000006657224289
0.0000010979511371
0.0000016338948876
0.0000026411789710
0.0000040237551857
0.0000062418073398
0.0000091422850082
0.0000137940982830
0.0000198272958269
0.0000296960558927
0.0000418175116508
0.0000594885691043
0.0000840606303616
0.0001170632107307
0.0001622732003043
0.0002203220681824
0.0003012722564690
0.0003965147849942
0.0005405375920017
0.0006991318023841
0.0009201727407623
0.0011834931950727
0.0015204140926635
0.0019284561289280
0.0024272875264187
0.0030222901240415
0.0037058207103129
0.0045853275374122
0.0054902510394727
0.0066531855570074
0.0078421025646006
0.0092935343431499
0.0107880327571590
0.0125460029414248
0.0143354812390711
0.0162290884995811
0.0183627446429355
0.0203346030341596
0.0226289808405048
0.0246132335809703
0.0268784251009722
0.0287238709277564
0.0308189090915874
0.0324565382025628
0.0340312828596885
0.0354186967596633
0.0363332614735431
0.0372772432359362
0.0375219545109910
0.0379053315020840
0.0374112925239633
0.0371722672496668
0.0361281457219208
0.0351106579037904
0.0337386745063909
0.0320223158651078
0.0303410936426654
0.0281726276736567
0.0263255647262475
0.0239126105181247
0.0219395673845473
0.0195838456231649
0.0175036234600174
0.0154608352419718
0.0134325726409044
0.0116679719354269
0.0098637575573446
0.0084302308939435
0.0069463915972591
0.0057927650309120
0.0046769314868152
0.0037622631121640
0.0030046326649559
0.0023298277822055
0.0018170135099495
0.0013659932974593
0.0010368450947873
0.0007560659584385
0.0005570957823467
0.0003965443281913
0.0002774824477829
0.0001947769541720
0.0001319114678689
0.0000889541571849
0.0000581249933658
0.0000382019344516
0.0000241268141314
0.0000152218283088
0.0000093897498486
0.0000056425450619
0.0000033891155744
0.0000019733228533
0.0000011365988952
0.0000006357299350
0.0000003548121806
0.0000001897252220
0.0000001026379036
0.0000000528419360
0.0000000267059946
0.0000000134629706
0.0000000064930102
0.0000000031223319
0.0000000013978301
0.0000000006561984
0.0000000002661432
0.0000000001221363
0.0000000000483950
0.0000000000172545
0.0000000000077145
0.0000000000020037
0.0000000000009455
0.0000000000002766
0.0000000000000514
0.0000000000000184
