0.0000134629924163
0.0000000000000000
0.0000620262538985
0.0000000000000000
0.0002592201510989
0.0000000000000000
0.0009818113628020
0.0000000000000000
0.0023991609816949
0.0000000000000000
0.0065793647155249
0.0000000000000000
0.0136666807396255
0.0000000000000000
0.0259695355909344
0.0000000000000000
0.0483008725645568
0.0000000000000000
0.0683963930419676
0.0000000000000000
0.1014290196610455
0.0000000000000000
0.1173409603152489
0.0000000000000000
0.1258891776558807
0.0000000000000000
0.1225745628691003
0.0000000000000000
0.1057682681186753
0.0000000000000000
0.0883086427905758
0.0000000000000000
0.0733629691757349
0.0000000000000000
0.0562843716486165
0.0000000000000000
0.0279014467058233
0.0000000000000000
0.0107682538364762
0.0000000000000000
0.0037437988283030
