0.0000000055013801
0.0000001938859703
0.0000000213244424
0.0000007662030808
0.0000005415887534
0.0000010142361866
0.0000050108881474
0.0000043895594981
0.0000148289295686
0.0000227891963204
0.0000274871604515
0.0000526202172559
0.0001022631236982
0.0000831721306571
0.0002826739213341
0.0002782664626448
0.0004264003343545
0.0007625709279563
0.0007123459919022
0.0011788425628796
0.0014737536288876
0.0020038400272527
0.0025998599135455
0.0038738212887129
0.0041753879684904
0.0059959614678252
0.0057898853678209
0.0080813795484234
0.0085827851124000
0.0110678071947928
0.0141707074369337
0.0156670261144155
0.0196690642537968
0.0193922044854470
0.0218260774518518
0.0232642343144310
0.0253045112259227
0.0282732230485079
0.0356173311427335
0.0328377890469083
0.0408946322470763
0.0349085578157862
0.0389048252678019
0.0348064741147230
0.0380953139629954
0.0408281654945698
0.0373891641457657
0.0462122853563760
0.0356562952250333
0.0409099650157890
0.0311712734832465
0.0337796322903973
0.0275023970388458
0.0292507918660904
0.0275654477452986
0.0243574983220377
0.0240706553470074
0.0193469242658796
0.0169179517637528
0.0145728146843395
0.0126091252377454
0.0103042255976151
0.0102352688240509
0.0066711400189312
0.0076111380460700
0.0043487252096009
0.0046996641780059
0.0028556084576836
0.0029375746458277
0.0018054584274817
0.0014459464566077
0.0011992589620677
0.0006473128495411
0.0006276958274023
0.0003772144359732
0.0003256928612176
0.0001664386397676
0.0001541511678781
0.0000743359804031
0.0000524488986264
0.0000332434789307
0.0000238736579960
0.0000113332233730
0.0000086816247353
0.0000054059397896
0.0000017756910801
0.0000018171498797
0.0000006807431309
0.0000003842461083
0.0000002046042647
0.0000001530472408
0.0000000436502289
0.0000000366420803
0.0000000129702486
0.0000000049104986
0.0000000017941176
0.0000000011695795
0.0000000007961609
0.0000000000500571
0.0000000002402872
0.0000000000002572
0.0000000000090628
