0.0000000143714879
0.0000000050982641
0.0000001407482025
0.0000001032454348
0.0000005984379070
0.0000007442697482
0.0000022474160336
0.0000032306172703
0.0000066744256051
0.0000120426114600
0.0000168587816901
0.0000344029049864
0.0000445058509846
0.0000838600806113
0.0001131080665091
0.0001893717875722
0.0002733347031790
0.0003928473635731
0.0005953516100498
0.0007922567072542
0.0011443371210094
0.0015289109058731
0.0020670362995188
0.0027587214854404
0.0036014917671188
0.0046230891022961
0.0060502818340405
0.0073369173335834
0.0095734382679478
0.0111723983791393
0.0142190913145654
0.0162507562591887
0.0194527569200906
0.0228605096349471
0.0248100381735004
0.0300048885085127
0.0314520051107629
0.0362341017957116
0.0384016961648818
0.0413304309620594
0.0435710331602093
0.0447938017184569
0.0465731413681824
0.0466551853282227
0.0472633720176633
0.0460061091135433
0.0458257891152990
0.0419446581667366
0.0420214394437121
0.0365351990406112
0.0351876801602352
0.0318894425504771
0.0267790124235375
0.0264889361053707
0.0199321349909551
0.0191235445313355
0.0149340007495680
0.0122729894282364
0.0108988848578912
0.0076370794012362
0.0071852747076917
0.0048995520415275
0.0039466451950640
0.0030721256946145
0.0019455549287563
0.0017025909792253
0.0010784080872555
0.0007745197330372
0.0006181736572640
0.0003238427701783
0.0002711644233238
0.0001601282122780
0.0000879536748552
0.0000788850860867
0.0000320927047532
0.0000279986095836
0.0000146026316852
0.0000061084817179
0.0000044718008461
0.0000011039127025
0.0000005713912003
0.0000001995402677
0.0000000016265946
