0.0000920469260949
0.0018293443298378
0.0111920508371243
0.0223527324175757
0.0187815892361815
0.0068551561798473
0.0009107341910742
0.0000201142140537
0.0000000000000000
0.0000000000000000
0.0007123302727493
0.0141568806337125
0.0866127416054364
0.1729827236521371
0.1453464569743502
0.0530504980285259
0.0070479652309204
0.0001556593380229
0.0000000000000000
0.0000000000000000
0.0006212382265567
0.0123465136256504
0.0755367952909008
0.1508618748601509
0.1267597049028186
0.0462664561285469
0.0061466788488312
0.0001357537855679
0.0000000000000000
0.0000000000000000
0.0000582042516916
0.0011567536507918
0.0070770961237456
0.0141343564508141
0.0118762069897204
0.0043347372107303
0.0005758867170291
0.0000127188688099
