0.0000007483659377
0.0000055243222558
0.0000087941795237
0.0000662547746960
0.0000201401329424
0.0000915062327884
0.0001704102746674
0.0004309738416532
0.0008432099907832
0.0048447809513781
0.0024237769879089
0.0067831832166433
0.0096689010071615
0.0049288510668768
0.0165459006080180
0.0174057481181547
0.0723381143427962
0.0278902040793051
0.1003991006817609
0.1248204697341526
0.0387316565022202
0.1551728477496369
0.0910337915601542
0.0340475130285712
0.0971537406117886
0.0587246815927277
0.0182892116853039
0.0466145111640651
0.0288146588464739
0.0078424665141117
0.0188346388414240
0.0077389312467514
0.0024262898546799
0.0018609028167114
0.0025913313409645
0.0001887184253754
0.0000295299273720
0.0002179853822643
