0.0000000006191099
0.0000000000000000
0.0000000066507703
0.0000000000000000
0.0000000520971440
0.0000000000000000
0.0000003258575018
0.0000000000000000
0.0000014430879027
0.0000000000000000
0.0000052377600545
0.0000000000000000
0.0000182234717442
0.0000000000000000
0.0000631054694310
0.0000000000000000
0.0002022265491915
0.0000000000000000
0.0005919278918008
0.0000000000000000
0.0015330359701155
0.0000000000000000
0.0031517804168645
0.0000000000000000
0.0054989968261097
0.0000000000000000
0.0096656223399610
0.0000000000000000
0.0156360421795807
0.0000000000000000
0.0223297408534100
0.0000000000000000
0.0314492775610749
0.0000000000000000
0.0420586086433396
0.0000000000000000
0.0520237265407889
0.0000000000000000
0.0622258015214453
0.0000000000000000
0.0724612081622345
0.0000000000000000
0.0785100063903205
0.0000000000000000
0.0807245280812641
0.0000000000000000
0.0834568595539534
0.0000000000000000
0.0802156487538524
0.0000000000000000
0.0724533797013267
0.0000000000000000
0.0654327408977274
0.0000000000000000
0.0564988125981275
0.0000000000000000
0.0452716260359516
0.0000000000000000
0.0354428126071709
0.0000000000000000
0.0276890549217224
0.0000000000000000
0.0192519330489717
0.0000000000000000
0.0132475153418406
0.0000000000000000
0.0093677334442697
0.0000000000000000
0.0056856657884311
0.0000000000000000
0.0033575440189867
0.0000000000000000
0.0021271161451663
0.0000000000000000
0.0011922670164024
0.0000000000000000
0.0005654150862634
0.0000000000000000
0.0003100079483689
0.0000000000000000
0.0001706373541263
0.0000000000000000
0.0000628962054702
0.0000000000000000
0.0000273835756495
0.0000000000000000
0.0000149747057961
0.0000000000000000
0.0000047013046657
0.0000000000000000
0.0000013816484830
0.0000000000000000
0.0000006751779847
0.0000000000000000
0.0000002341431303
0.0000000000000000
0.0000000405734968
0.0000000000000000
0.0000000105572896
0.0000000000000000
0.0000000060853394
0.0000000000000000
0.0000000008188757
