0.0000360220603733
0.0000000000000000
0.0000056562734583
0.0000000000000000
0.0000722798949256
0.0000000000000000
0.0030263863709532
0.0000000000000000
0.0006154830915854
0.0000000000000000
0.0060721135935926
0.0000000000000000
0.0148262385948415
0.0000000000000000
0.0140688135499543
0.0000000000000000
0.0294827934271502
0.0000000000000000
0.0331854483126172
0.0000000000000000
0.0586045661208645
0.0000000000000000
0.0473295195458732
0.0000000000000000
0.0890735456611969
0.0000000000000000
0.0726341500908951
0.0000000000000000
0.0893483884423954
0.0000000000000000
0.0878001562766175
0.0000000000000000
0.0931511834857114
0.0000000000000000
0.0789121584059700
0.0000000000000000
0.0655403571182724
0.0000000000000000
0.0714631447161138
0.0000000000000000
0.0385676682132896
0.0000000000000000
0.0421796963666134
0.0000000000000000
0.0234492912326380
0.0000000000000000
0.0197374958993541
0.0000000000000000
0.0071568839894279
0.0000000000000000
0.0089011910470026
0.0000000000000000
0.0033112590928768
0.0000000000000000
0.0003178569963784
0.0000000000000000
0.0009768627170765
0.0000000000000000
0.0001533894119809
