0.0000000000065149
0.0000000000051826
0.0000000000041750
0.0000000000437955
0.0000000000684540
0.0000000000892987
0.0000000001937870
0.0000000004287459
0.0000000006297965
0.0000000011627331
0.0000000020335070
0.0000000030650987
0.0000000054987828
0.0000000089085237
0.0000000137043593
0.0000000215613633
0.0000000352301821
0.0000000525381439
0.0000000797096062
0.0000001235424759
0.0000001816726422
0.0000002684923948
0.0000003968291691
0.0000005785272747
0.0000008261724102
0.0000011899120557
0.0000016818371162
0.0000023630248610
0.0000033053633002
0.0000045730866755
0.0000062885375705
0.0000085721304597
0.0000116065616033
0.0000155898778994
0.0000209084938512
0.0000276444570670
0.0000363836734099
0.0000477350505615
0.0000620208587286
0.0000799878647633
0.0001027683621502
0.0001311956239425
0.0001660801546981
0.0002093552949920
0.0002621275073074
0.0003262311197097
0.0004037169341071
0.0004967753954332
0.0006072065004644
0.0007389816695367
0.0008931915752628
0.0010735797339597
0.0012847492897537
0.0015270940958214
0.0018058804716369
0.0021248547530393
0.0024867627329931
0.0028912381462139
0.0033500362389169
0.0038581475467445
0.0044170735539773
0.0050364105626473
0.0057119790526190
0.0064421052087887
0.0072318816371926
0.0080808359158935
0.0089720883298336
0.0099288681023440
0.0109275604357058
0.0119608189443968
0.0130362155186129
0.0141419060466320
0.0152578958217528
0.0163879007395712
0.0175334225257413
0.0186384362753943
0.0197452114512513
0.0208178185326472
0.0218294982851408
0.0227978379757147
0.0237067487153763
0.0245145787067674
0.0252362247159462
0.0258923169351933
0.0264002573262537
0.0268173751875027
0.0271220416953507
0.0272752009984921
0.0273231099646076
0.0272689352892515
0.0270538037038121
0.0267086406481378
0.0262918971417776
0.0257244193808852
0.0250684768564771
0.0243288194047106
0.0234638970584714
0.0225418858260093
0.0215813777240793
0.0205425867593273
0.0194393143361717
0.0183466604522048
0.0172097746390609
0.0160655356881492
0.0149540778745880
0.0138118346008495
0.0127041622031357
0.0116454014097976
0.0106156889613621
0.0096110180934339
0.0086751856884112
0.0077885826723872
0.0069366514041927
0.0061786925867165
0.0054512041199519
0.0047801393804503
0.0041851046094289
0.0036362675959127
0.0031366267549747
0.0026970632659571
0.0023095308543962
0.0019500487514578
0.0016528953059120
0.0013880201411093
0.0011508995899146
0.0009590987494643
0.0007886642706190
0.0006423433528809
0.0005236184379724
0.0004243180398789
0.0003367443702339
0.0002691121927561
0.0002138146171807
0.0001654437542191
0.0001299472095287
0.0001008170644059
0.0000759349575043
0.0000579383593531
0.0000443214225515
0.0000322919002945
0.0000239652375265
0.0000180077767579
0.0000125818178327
0.0000090990484613
0.0000067425044969
0.0000044746714507
0.0000030771152553
0.0000022912151256
0.0000014276153280
0.0000009522815987
0.0000007071576419
0.0000004013313503
0.0000002564858837
0.0000001885176772
0.0000001007766466
0.0000000589637425
0.0000000435244416
0.0000000223392757
0.0000000120800494
0.0000000085128803
0.0000000042503085
0.0000000017645733
0.0000000011049033
0.0000000007741581
0.0000000002090723
0.0000000001492221
0.0000000001219253
0.0000000000099437
0.0000000000080104
0.0000000000063722
