0.0000000000000209
0.0000000000000000
0.0000000000005042
0.0000000000002806
0.0000000000041758
0.0000000000068879
0.0000000000147127
0.0000000000590709
0.0000000000498312
0.0000000002112629
0.0000000003443179
0.0000000004252706
0.0000000013196462
0.0000000016345204
0.0000000031175979
0.0000000055511212
0.0000000087376599
0.0000000154132746
0.0000000225857761
0.0000000405272212
0.0000000610671179
0.0000000891690176
0.0000001584130494
0.0000002237460749
0.0000003367675968
0.0000005398282631
0.0000007677948598
0.0000011503504284
0.0000017053545797
0.0000024288122848
0.0000035374694196
0.0000049878785104
0.0000070700886389
0.0000100707418071
0.0000135805581874
0.0000193189964584
0.0000255285302207
0.0000352607802634
0.0000475793847535
0.0000617260232530
0.0000850954790876
0.0001076265984048
0.0001424964164285
0.0001838173355023
0.0002371152661968
0.0003002420392930
0.0003809388204094
0.0004818795354691
0.0005944807629218
0.0007524602736912
0.0009069915063318
0.0011365199824280
0.0013659945933934
0.0016580168142194
0.0019991824611683
0.0023857144588201
0.0028520609267322
0.0033220375388014
0.0039765897807988
0.0045622575011436
0.0053580542378330
0.0061352394327918
0.0070406599154266
0.0080589568305038
0.0090649644822126
0.0102798828550532
0.0114133100445059
0.0128330797933214
0.0140286970953961
0.0155249111141429
0.0169641488036907
0.0183461791001485
0.0198870771664232
0.0212844255033900
0.0227092742300346
0.0240424261787551
0.0254323675234138
0.0264442392372159
0.0276365738015927
0.0286161133221402
0.0292919355287963
0.0299061584548661
0.0305269245518267
0.0306403888493419
0.0306554215825873
0.0307531880670395
0.0303053745144651
0.0297976360514313
0.0291819706572365
0.0284261665110427
0.0273373773818833
0.0262979917609188
0.0251327591676683
0.0238358947307735
0.0224456264330855
0.0210679703298886
0.0196804581251871
0.0182415850039977
0.0167955299251806
0.0154304791523187
0.0141749250695875
0.0127636479976575
0.0116036363499894
0.0104883686181924
0.0093807211871470
0.0083664937511700
0.0074960813685413
0.0066601866168538
0.0058456555570511
0.0052095142538099
0.0045806209175117
0.0040068591869749
0.0035261514584470
0.0030874459220603
0.0026806469480945
0.0023422712005447
0.0020348322804995
0.0017526209254919
0.0015195887468345
0.0013102252791334
0.0011146743664147
0.0009539818123667
0.0008163491248360
0.0006842997416744
0.0005737642058168
0.0004863552731651
0.0004009097903303
0.0003275481163340
0.0002733215236035
0.0002208204982349
0.0001768769273276
0.0001424866733071
0.0001139967323864
0.0000882546212258
0.0000692652320793
0.0000537907911477
0.0000405249322367
0.0000311468935682
0.0000228636087606
0.0000172759583598
0.0000123759555618
0.0000091224361799
0.0000064125649368
0.0000044338442738
0.0000033317771416
0.0000020061894529
0.0000015110875960
0.0000009905807703
0.0000005960836670
0.0000004307134755
0.0000002420194431
0.0000001712962544
0.0000000862607806
0.0000000593640673
0.0000000367339390
0.0000000130248539
0.0000000133999239
0.0000000044597968
0.0000000020095126
0.0000000018461323
0.0000000002203438
0.0000000002593924
0.0000000001021723
0.0000000000000000
0.0000000000148308
