0.0002057103516778
0.0000000444367602
0.0001882579274543
0.0000000406667545
0.0004213819727979
0.0037272431700062
0.0003623013167742
0.0036132568869358
0.0010922220062986
0.0078201024862610
0.0092190281733099
0.0069660088148244
0.0130407251498232
0.0201334351825890
0.0218231506038477
0.0183355097057624
0.0229972556040878
0.0418853273079997
0.0509840807322327
0.0370494836626494
0.0579069855282987
0.0356240730166108
0.0898335747140574
0.0276551620123595
0.0939763290207866
0.0472292488027814
0.0660745032667146
0.0393659999192533
0.0446900116780664
0.0718552799044275
0.0198105721286738
0.0606683209880978
0.0068026209332487
0.0380601626601011
0.0020049834259412
0.0270542369237859
0.0002184071028381
0.0074665682102574
0.0000016128894721
0.0033646003093967
0.0000007268080377
0.0004713517783458
0.0000001018196010
