0.0000000040678211
0.0000000000000000
0.0000000116420868
0.0000000394346899
0.0000000552703894
0.0000001668411235
0.0000002637485358
0.0000006904766867
0.0000011566248831
0.0000021893808905
0.0000037641332919
0.0000065035652320
0.0000122345519728
0.0000154449750330
0.0000294262126891
0.0000430928941361
0.0000590325398056
0.0000929766429923
0.0001225379974724
0.0001750699769156
0.0002293337577770
0.0003067971577454
0.0003992815465044
0.0005130688297139
0.0006473988216924
0.0008201760873930
0.0010281814891073
0.0012494712705135
0.0015482058984011
0.0018839344038029
0.0022544728159807
0.0026717256307413
0.0032130638816095
0.0036938977944909
0.0043523710286282
0.0049739316504058
0.0057265691301591
0.0065168649084193
0.0073447420226687
0.0082348093918776
0.0092849179556569
0.0101773699200134
0.0112297426932032
0.0123892833216347
0.0132958231323265
0.0145021034869618
0.0153862339607545
0.0165732089362066
0.0174336192297435
0.0184445958227481
0.0192830291694196
0.0202035576856380
0.0208915701246986
0.0216513610315927
0.0221581904092810
0.0228733152134843
0.0230257502097006
0.0236047463071128
0.0237556627339302
0.0238310205982072
0.0241113657812557
0.0238488242561161
0.0240591743900222
0.0237081154608007
0.0235630525675025
0.0233350033186664
0.0229308400416544
0.0225587842374971
0.0221245886306570
0.0215058792276187
0.0211258082628162
0.0202860754845432
0.0198378081155354
0.0189974570850502
0.0183465672011464
0.0175775003035251
0.0168054071266582
0.0160733424389390
0.0152098748216520
0.0145045878356836
0.0136799493939457
0.0129292050077013
0.0121639579361955
0.0114019427166424
0.0107047993239015
0.0099827267905803
0.0092871980553290
0.0086627706225966
0.0079685472140360
0.0074320178605309
0.0067766322777202
0.0062844751758067
0.0057220206202444
0.0052286053352211
0.0047882102519106
0.0043210882423020
0.0039372075379014
0.0035477577958811
0.0031909648876113
0.0028880665164167
0.0025610125515317
0.0023053304927332
0.0020431874449827
0.0018102893214900
0.0016094347238915
0.0014052444507572
0.0012446934287762
0.0010799931961063
0.0009460753584294
0.0008206613482651
0.0007095130339671
0.0006123136185813
0.0005255602202472
0.0004509898973094
0.0003839838459018
0.0003257670743784
0.0002770359491939
0.0002313031824302
0.0001968986867357
0.0001620271993941
0.0001364225481589
0.0001126423512792
0.0000924456979850
0.0000767550610161
0.0000619921202952
0.0000505973002639
0.0000410661824656
0.0000326692158138
0.0000264656507143
0.0000207503937255
0.0000164774440863
0.0000129439194190
0.0000099926512606
0.0000078331291331
0.0000058941284685
0.0000045923950811
0.0000034125430924
0.0000025775963009
0.0000019267163773
0.0000013977995899
0.0000010444175657
0.0000007484805857
0.0000005344885968
0.0000003900316788
0.0000002656615512
0.0000001905758527
0.0000001313096098
0.0000000874331905
0.0000000622942764
0.0000000395356410
0.0000000272519670
0.0000000176194608
0.0000000112065191
0.0000000073827174
0.0000000045873011
0.0000000028594535
0.0000000018122613
0.0000000010550896
0.0000000006469840
0.0000000003902828
0.0000000002087377
0.0000000001407354
0.0000000000652848
0.0000000000432849
0.0000000000216179
0.0000000000105693
0.0000000000073921
0.0000000000023644
0.0000000000020344
0.0000000000006687
0.0000000000003634
0.0000000000002156
0.0000000000000445
0.0000000000000510
0.0000000000000086
0.0000000000000067
0.0000000000000025
0.0000000000000003
0.0000000000000004
0.0000000000000000
0.0000000000000000
