0.0000000000015524
0.0000000000589511
0.0000000000820944
0.0000000004196320
0.0000000058989140
0.0000000091638811
0.0000000299485302
0.0000001060020322
0.0000002375657066
0.0000005575905865
0.0000012605339644
0.0000028945772535
0.0000050657559628
0.0000115435135321
0.0000214104492073
0.0000341280703575
0.0000647718394634
0.0001106185070345
0.0001899348148992
0.0002840598693677
0.0004370987650770
0.0007066775382635
0.0010687259804176
0.0015293476924953
0.0020320378498471
0.0030346001656372
0.0042519450271187
0.0055448228116538
0.0071156087348034
0.0090753362463781
0.0122050114130503
0.0149382357550711
0.0178269634269745
0.0211263196254270
0.0255922539936048
0.0300960922837724
0.0330991889548740
0.0383359652268826
0.0418249320301483
0.0450427357130159
0.0483306693229198
0.0507499398754203
0.0541718084716679
0.0539152157363455
0.0526982622024959
0.0519649989191306
0.0513396016668072
0.0491189350501396
0.0444964916607317
0.0408876215780659
0.0363895129334936
0.0304040970073287
0.0279636918144160
0.0235667672917424
0.0166517815142868
0.0150998189217829
0.0119445400571991
0.0078746815904330
0.0062589922364699
0.0037652473764224
0.0026888887753413
0.0019932086589716
0.0008933073806817
0.0006169588489445
0.0003653039107680
0.0001402978240337
0.0000761375895510
0.0000210463543603
0.0000016415326128
