0.0007848571777341
0.0098510349571588
0.0041900593258631
0.0165652550697925
0.0057888878281675
0.0007271960486887
0.0020297275929440
0.0048737828437732
0.0018964670962931
0.0073768712748913
0.0072115521215345
0.0584834871830959
0.0254859636570748
0.0980167330024315
0.0341907270143713
0.0042934249876082
0.0119833370853179
0.0287743946037912
0.0111965785778828
0.0435524133530664
0.0218937300408870
0.0856857873284958
0.0400499760989980
0.1421527120744512
0.0493096239646868
0.0061848516892325
0.0172609590511308
0.0414470229320051
0.0161277015717426
0.0627334788392341
0.0233692050751488
0.0209181957906423
0.0140889380175162
0.0323892187717605
0.0107900788314796
0.0013419183351286
0.0037426241207543
0.0089867907860320
0.0034969044730325
0.0136022471513345
0.0047532595395790
0.0005971011458807
0.0013796350434253
0.0003999285847836
0.0000251348391944
0.0000002251019625
