0.0017089888244171
0.0000000000000000
0.0000000000000000
0.0044898909763580
0.0043841253069941
0.0000000000000000
0.0000000000000000
0.0115180651703847
0.0062568596598859
0.0000000000000000
0.0000000000000000
0.0186531200310967
0.0102397980693040
0.0000000000000000
0.0058192105842204
0.0325843413448312
0.0094274746009196
0.0000000000000000
0.0149282125339292
0.0328773820432508
0.0079828617827191
0.0019802160988041
0.0213049865725176
0.0342442300511761
0.0125432007842158
0.0050799135652891
0.0348671333912887
0.0315043958668595
0.0176180587611577
0.0072498626377440
0.0321011227202444
0.0215698416733056
0.0241229792672858
0.0118649184217189
0.0271821284695710
0.0228498484755778
0.0389991822061985
0.0109236741101420
0.0249956508058263
0.0261011795400559
0.0383399849747118
0.0092497921524206
0.0145464334004139
0.0285817246764149
0.0396905139979525
0.0085057568220678
0.0085449716802950
0.0420426677712976
0.0365043416243104
0.0049499981454168
0.0042341961936403
0.0375129930838929
0.0249931112011235
0.0029077639037550
0.0008334077729513
0.0315110200256372
0.0186633894643889
0.0014408523882737
0.0000391897734098
0.0289626177881318
0.0102009787911667
0.0002835998912536
0.0000000000000000
0.0168550438646111
0.0045137435311927
0.0000133358673125
0.0000000000000000
0.0099011124258908
0.0019024810482606
0.0000000000000000
0.0000000000000000
0.0049061897587312
0.0003675651586100
0.0000000000000000
0.0000000000000000
0.0009656748278793
0.0000172842103791
0.0000000000000000
0.0000000000000000
0.0000454094369172
