0.0017714215406564
0.0056749177000480
0.0053676053922630
0.0073130038732272
0.0166536142917423
0.0152179349799293
0.0066147022484504
0.0027375057601517
0.0104193843546910
0.0288440083567962
0.0312263556440523
0.0440631223913346
0.0875706580298867
0.0853697566888191
0.0467992326357413
0.0222522418193013
0.0146680270823920
0.0156820747271337
0.0324391351415794
0.0510140289310832
0.0575855768150441
0.0781384259966656
0.0802312405790603
0.0493943492382979
0.0224065897659762
0.0129214161082147
0.0093718505414210
0.0118403241608089
0.0254127761457706
0.0281913275497108
0.0220259946722632
0.0233977887778794
0.0177464406720901
0.0072973702844276
0.0028885753772701
0.0023955120165689
0.0017375715337710
0.0023036808993826
0.0052460813387538
0.0047938257314006
0.0020837078017482
0.0006921449207008
0.0001844493490368
0.0000142481344578
