0.0000013712238152
0.0000044052554346
0.0000036553344393
0.0000123739550047
0.0000082651144627
0.0000266107782069
0.0000381712462312
0.0000739149386174
0.0000960605863802
0.0001503877802084
0.0001857095716819
0.0002891685099754
0.0004070454721676
0.0005569303959258
0.0007865020096296
0.0009718082521715
0.0013278525475732
0.0015900181099038
0.0021997413490766
0.0026015021224774
0.0034653153251483
0.0040405227510804
0.0050999988398344
0.0058329357621590
0.0072410677176823
0.0083128298296201
0.0100405871807220
0.0113346084329878
0.0131534685456925
0.0147819569515381
0.0165983172165699
0.0186590993740506
0.0205769439134830
0.0229292062218221
0.0244051182588182
0.0267683485161197
0.0280558321348151
0.0303387892969708
0.0314004855322936
0.0335802679662786
0.0340811849761668
0.0355111643787906
0.0355626752220993
0.0364144962177334
0.0362588571315293
0.0363062671873646
0.0358986324946559
0.0349649100800893
0.0340402553188010
0.0323662280590750
0.0314816318641222
0.0293854139928099
0.0281224951398317
0.0256944977156683
0.0241766251993903
0.0215274520655094
0.0199978724611498
0.0177591074799584
0.0160404837322411
0.0140718699026183
0.0122754886579057
0.0107006231211835
0.0089879218606387
0.0078894930000704
0.0064272618513765
0.0055614026935141
0.0043846381627612
0.0037086691505174
0.0028656842887883
0.0023704983582392
0.0018050450193755
0.0014276195670371
0.0011024892625902
0.0007998585686277
0.0006328288044576
0.0004259603499638
0.0003449224487604
0.0002077224900874
0.0001725659954002
0.0001029819724734
0.0000746761439986
0.0000481682457267
0.0000296495010625
0.0000195967091536
0.0000097688172267
0.0000081030012900
0.0000027781785411
0.0000025050964117
0.0000006812766008
0.0000007308889998
0.0000001213965850
0.0000001783840983
0.0000000193361625
0.0000000256049247
0.0000000016271901
0.0000000052275842
