0.0000000000002719
0.0000000000000000
0.0000000000031386
0.0000000000008608
0.0000000000165666
0.0000000000101066
0.0000000000917163
0.0000000000544167
0.0000000003475081
0.0000000002990003
0.0000000011209151
0.0000000011529822
0.0000000035415860
0.0000000038383345
0.0000000089901144
0.0000000122653279
0.0000000225091019
0.0000000334993814
0.0000000547705693
0.0000000874786524
0.0000001201622493
0.0000002178436832
0.0000002745256216
0.0000005002644191
0.0000006145227594
0.0000010861391424
0.0000013549333414
0.0000023037591750
0.0000028893881208
0.0000046897016195
0.0000060646493611
0.0000088086337271
0.0000121883568739
0.0000167023305183
0.0000219166898740
0.0000299166468626
0.0000399960102052
0.0000488562605892
0.0000686130842115
0.0000841184998725
0.0001061678249525
0.0001392302795900
0.0001736038242218
0.0002069095997034
0.0002757677348335
0.0003109518011472
0.0003942674672106
0.0004808325234850
0.0005504976809890
0.0006886008236411
0.0008128749536749
0.0009375445104898
0.0011515330730534
0.0013169598557105
0.0015146457136505
0.0018164829746938
0.0020348394771699
0.0024029125901064
0.0027382573150429
0.0031280597794091
0.0036439612249443
0.0040030482546976
0.0046366637192481
0.0052080334559590
0.0056018331580786
0.0065880595736317
0.0071903325823778
0.0078068192935877
0.0090301571478752
0.0096784017901267
0.0103779152029485
0.0118694585315704
0.0123875027921509
0.0134727700823048
0.0147298787620650
0.0157072897383428
0.0167950219398603
0.0180353409094721
0.0189820642380458
0.0198702916919083
0.0206390092052254
0.0221321166107435
0.0224807209170852
0.0233714902205810
0.0247280638561975
0.0246893809213478
0.0256819406998579
0.0266392142102560
0.0262003721037212
0.0261585562706570
0.0280177049335587
0.0261042388149327
0.0277154142784925
0.0272204779189084
0.0262831232026124
0.0259732246619095
0.0267243066831812
0.0242977310209630
0.0245590515047265
0.0241537747863534
0.0219549329285467
0.0226954565435188
0.0212142729727674
0.0198572198546362
0.0179053991420767
0.0188220454860075
0.0149018811923205
0.0161370194263291
0.0138649725235506
0.0119165500942825
0.0117595314178148
0.0107264748325029
0.0082200400789761
0.0087562536269052
0.0069469436103495
0.0048059034340555
0.0068780545217659
0.0035329808569647
0.0040658265449654
0.0035005311879519
0.0023395207919153
0.0021503367907503
0.0022505471438658
0.0008175102540674
0.0011928564312958
0.0008003765239223
0.0001655577607717
0.0007739342476620
0.0000000000000000
0.0001299106734022
