0.0001005453100012
0.0000000000000000
0.0044846264928748
0.0000000000000000
0.0053111234069328
0.0000000000000000
0.0229619857276852
0.0000000000000000
0.0410842883872050
0.0000000000000000
0.0293865797967837
0.0000000000000000
0.0937351675921018
0.0000000000000000
0.1226158410209654
0.0000000000000000
0.0661631522634248
0.0000000000000000
0.1314857501277223
0.0000000000000000
0.1572252211145790
0.0000000000000000
0.0776184737592070
0.0000000000000000
0.0703560608299579
0.0000000000000000
0.0849203873959122
0.0000000000000000
0.0486102111333128
0.0000000000000000
0.0129956485610629
0.0000000000000000
0.0136013152825886
0.0000000000000000
0.0131674166953391
0.0000000000000000
0.0039011185443003
0.0000000000000000
0.0002720655851284
0.0000000000000000
0.0000030209729144
