0.0000000015598644
0.0000000191066191
0.0000000882926797
0.0000002399985676
0.0000005717388026
0.0000012989526105
0.0000024141635970
0.0000039690808260
0.0000061134672312
0.0000078598581298
0.0000100038337363
0.0000166976673563
0.0000286506440214
0.0000443486893374
0.0000652168715894
0.0000871155128157
0.0001106087562180
0.0001526476980805
0.0002154059787046
0.0002805636963355
0.0003654155672613
0.0005060146063906
0.0006945099026207
0.0009196923319757
0.0011782456028981
0.0014118120106492
0.0016662034894245
0.0021054889040556
0.0027002379270031
0.0033517462533225
0.0041413478525809
0.0050495937608783
0.0059838279924914
0.0069702753661664
0.0079392714130564
0.0090259714543399
0.0105825034140216
0.0125209107572587
0.0144754083669963
0.0162265023281659
0.0177248710557019
0.0194824636711788
0.0215537378158887
0.0232295795666292
0.0248286434142159
0.0269732318842413
0.0290367468104683
0.0308604333519043
0.0323624722713146
0.0326486121492601
0.0330287609998933
0.0350363886649157
0.0362252186453245
0.0350791527905920
0.0341244943140599
0.0337793340043606
0.0333044292301411
0.0338868954954681
0.0338781649740876
0.0307611588649375
0.0278114182042068
0.0273387709669540
0.0261322597344632
0.0236818207795382
0.0222812169068909
0.0205804697243849
0.0181779074127570
0.0174387594828612
0.0168401522357596
0.0140295351675138
0.0113068986537184
0.0101222310328001
0.0088702688602486
0.0076779730954944
0.0073026440062813
0.0064624034471745
0.0049725662632082
0.0042710693203199
0.0039365459409356
0.0030187153594202
0.0021614245569128
0.0017587248120275
0.0014137891289269
0.0011802048259354
0.0011616459614957
0.0010027629706251
0.0006577028333369
0.0004663413330385
0.0003939420359942
0.0002671517598122
0.0001592771888842
0.0001151890232404
0.0000854954800231
0.0000692135017639
0.0000712257399956
0.0000606372336108
0.0000334404967274
0.0000169426665637
0.0000114541586025
0.0000052756362666
0.0000009272180241
