0.0000653638398095
0.0011196390224783
0.0033260014372790
0.0035011189094931
0.0012165597460096
0.0001122362578478
0.0010735323954590
0.0130287806621772
0.0378372136077786
0.0405887340254090
0.0166666820405495
0.0056627962006232
0.0096803693378666
0.0190229883638439
0.0349193361526123
0.0438570201060011
0.0446475340133421
0.0513953843722894
0.0637835006319191
0.0569485822827480
0.0262926543030894
0.0176249867137804
0.0344978441232643
0.0481902682501194
0.0579955631346940
0.0628464166038807
0.0601891250612299
0.0474513091577804
0.0211557690773352
0.0083892408076720
0.0112451134922986
0.0205046994398675
0.0370363115036270
0.0380650114230058
0.0199576050427690
0.0091598338354071
0.0061614296806360
0.0037934910374897
0.0020615084506328
0.0027449326140375
0.0061705743555838
0.0062205613560757
0.0021615045758273
0.0001994141148493
0.0005923798825218
0.0006235693060906
0.0002155092508984
