0.0000000048451065
0.0000000839982814
0.0000005861535899
0.0000021645325831
0.0000049145416514
0.0000087238761325
0.0000163547150607
0.0000299147191228
0.0000425605644302
0.0000497251173869
0.0000657595494680
0.0001077490210709
0.0001703933369589
0.0002430517296993
0.0003596092895656
0.0006023275061238
0.0009677463669472
0.0012879101523872
0.0015391187564073
0.0020027617325634
0.0027533505500837
0.0033750866137270
0.0037218758532894
0.0045684711476154
0.0065715848270821
0.0089354460838909
0.0108239324471532
0.0133639770321947
0.0172901868001419
0.0202535213143910
0.0203025117094497
0.0189278284729694
0.0184611434662806
0.0207531363494260
0.0257638424266547
0.0317771908674148
0.0379316074485210
0.0447669279798606
0.0507671709760071
0.0504874949236378
0.0422831614902843
0.0338503362368151
0.0310234029255089
0.0326298031756813
0.0354411070417746
0.0406256209204252
0.0491681197596105
0.0534511133620042
0.0468886011645936
0.0341661132134380
0.0229046160031495
0.0170048267224468
0.0154133909266928
0.0154085012398355
0.0168438662657532
0.0191105465473778
0.0189636112158130
0.0151414847724426
0.0100914526543883
0.0061004606554331
0.0039939320664846
0.0032316675884311
0.0029768337890177
0.0030222771308895
0.0030659926311464
0.0026784116728861
0.0019318533407263
0.0011779130202914
0.0006545591066614
0.0004030929202936
0.0003006054546283
0.0002452907081935
0.0002136469375192
0.0001810241145630
0.0001320208352018
0.0000828139716507
0.0000444636785938
0.0000221584922622
0.0000136787627324
0.0000096865166577
0.0000061024583492
0.0000029684344355
0.0000009454878348
0.0000001650682838
0.0000000117244701
