0.0000000000475977
0.0000000004872226
0.0000000014855677
0.0000000154742342
0.0000000035151183
0.0000000166075227
0.0000000903516851
0.0000000311802164
0.0000001985407629
0.0000005664503734
0.0000002150853515
0.0000011773933244
0.0000023788830316
0.0000011122670713
0.0000060916764305
0.0000085661445478
0.0000058177368804
0.0000248984474786
0.0000272721372456
0.0000232819723759
0.0000856209256730
0.0000735069266324
0.0000883262824019
0.0002585039426086
0.0001869511712558
0.0002858436554437
0.0006703968422234
0.0004261740241331
0.0008199178877190
0.0015511608761578
0.0009218242328289
0.0021362147795107
0.0031753654853894
0.0019056824241390
0.0048351614800416
0.0057697373709947
0.0036782878368513
0.0100326061375967
0.0094451057403230
0.0068955760306544
0.0183472373690172
0.0137092893965199
0.0118572337516259
0.0300405949886788
0.0179529167514247
0.0191332807205422
0.0444678332253159
0.0211066221757866
0.0282771305558377
0.0569900755692308
0.0222967352728487
0.0373968100216607
0.0668455384493475
0.0217390730160587
0.0455920614734323
0.0662890255163004
0.0195452394906426
0.0480295241691333
0.0587053418690551
0.0167883517326030
0.0462381470911346
0.0438362932677240
0.0142383965972173
0.0380420761072281
0.0270179475806054
0.0114207281344457
0.0274195334217634
0.0140137649517267
0.0088814079911698
0.0170523496563420
0.0054372066139878
0.0061114012097809
0.0086472368835589
0.0015089539652590
0.0035544770712967
0.0036839826749223
0.0003603442372373
0.0017352531534626
0.0011974784828645
0.0000839678744550
0.0006038478195440
0.0002541482594747
0.0000151729372543
0.0001307188126251
0.0000349726864126
0.0000019050506127
0.0000181860489375
0.0000038246702191
0.0000002030513121
0.0000020133761989
0.0000002827391300
0.0000000144292223
0.0000001477011966
