0.0000000001791276
0.0000000000000000
0.0000000020975643
0.0000000001077558
0.0000000102641658
0.0000000028691368
0.0000000335617017
0.0000000262364483
0.0000000986896597
0.0000001268062210
0.0000002678571600
0.0000004318839521
0.0000006661901252
0.0000012740427952
0.0000016339732961
0.0000033721509030
0.0000038931712708
0.0000079112866980
0.0000088219099613
0.0000171069568138
0.0000195911294053
0.0000345246656152
0.0000418356226481
0.0000647549571148
0.0000841057860463
0.0001158916201692
0.0001613091224250
0.0002000089742693
0.0002926334618650
0.0003319064994337
0.0004989730079783
0.0005389946837782
0.0008100293333848
0.0008600060141964
0.0012489086671889
0.0013390331615043
0.0018314103193386
0.0020473049977952
0.0025903702926881
0.0030494219912134
0.0035512157144753
0.0043717419156158
0.0047613030131651
0.0060640190260172
0.0063020420001380
0.0081111413417498
0.0082281121426845
0.0104044609141502
0.0106242443335433
0.0129086999427131
0.0135051857299950
0.0155356367016411
0.0167293027402318
0.0181806008268847
0.0201890010672352
0.0208824050951669
0.0236455226635401
0.0235896628364681
0.0267434341999422
0.0262184309737706
0.0293645687459093
0.0286738794617419
0.0313178207649248
0.0307183335950153
0.0323898010541521
0.0321448233284147
0.0326819767652611
0.0327109145491031
0.0322047970464655
0.0322500186724572
0.0309000549914354
0.0308701434642230
0.0288963168997856
0.0286565114876883
0.0263399246537709
0.0257428347772254
0.0233675981963631
0.0224425340397636
0.0201614787554431
0.0189980919091856
0.0169148717112358
0.0156097514942306
0.0137920652870743
0.0124730162636515
0.0109288476057958
0.0096914308210242
0.0084219045936245
0.0073212893077665
0.0063097257487476
0.0053841624276739
0.0045951017932181
0.0038545876712769
0.0032543359389986
0.0026855464801683
0.0022410870548582
0.0018211848384027
0.0015005957300896
0.0012018325177810
0.0009766968494042
0.0007715873368803
0.0006174377849313
0.0004819966504569
0.0003789957478063
0.0002926016300327
0.0002259083914532
0.0001723326431971
0.0001306308464929
0.0000985072583938
0.0000731696220182
0.0000545781584425
0.0000396811619470
0.0000292391442406
0.0000208120089679
0.0000151313528507
0.0000105460385634
0.0000075402752842
0.0000051621200750
0.0000036082572133
0.0000024332576484
0.0000016581491013
0.0000011008815429
0.0000007286442453
0.0000004790343938
0.0000003039203015
0.0000002002373077
0.0000001201417647
0.0000000796680226
0.0000000450965916
0.0000000299084052
0.0000000162882949
0.0000000102946880
0.0000000057969543
0.0000000031658093
0.0000000019716757
0.0000000009162544
0.0000000006066349
0.0000000002622592
0.0000000001667443
0.0000000000733399
0.0000000000390285
0.0000000000193663
0.0000000000078989
0.0000000000042286
0.0000000000016030
0.0000000000007902
0.0000000000002640
0.0000000000001740
0.0000000000000199
0.0000000000000323
0.0000000000000000
0.0000000000000026
