0.0000000000000048
0.0000000000000000
0.0000000000000815
0.0000000000000000
0.0000000000024553
0.0000000000000000
0.0000000000367444
0.0000000000000000
0.0000000001865016
0.0000000000000000
0.0000000010340523
0.0000000000000000
0.0000000047541439
0.0000000000000000
0.0000000146335050
0.0000000000000000
0.0000000558388467
0.0000000000000000
0.0000001958614335
0.0000000000000000
0.0000004755575669
0.0000000000000000
0.0000012664864692
0.0000000000000000
0.0000037067869129
0.0000000000000000
0.0000083372661543
0.0000000000000000
0.0000169588235725
0.0000000000000000
0.0000398464490865
0.0000000000000000
0.0000868738515720
0.0000000000000000
0.0001552945772074
0.0000000000000000
0.0002862830315176
0.0000000000000000
0.0005717742656093
0.0000000000000000
0.0009877147228409
0.0000000000000000
0.0015350365581294
0.0000000000000000
0.0025714573234010
0.0000000000000000
0.0042679862386898
0.0000000000000000
0.0061809818054908
0.0000000000000000
0.0086912135974821
0.0000000000000000
0.0129137984373136
0.0000000000000000
0.0179089801288581
0.0000000000000000
0.0226523267163064
0.0000000000000000
0.0290354572556655
0.0000000000000000
0.0373166460553627
0.0000000000000000
0.0443598434729053
0.0000000000000000
0.0503627607533942
0.0000000000000000
0.0579024150155824
0.0000000000000000
0.0643060883872396
0.0000000000000000
0.0671350460047668
0.0000000000000000
0.0688802372124995
0.0000000000000000
0.0698646076934233
0.0000000000000000
0.0676737679001216
0.0000000000000000
0.0630346835800780
0.0000000000000000
0.0578823379798091
0.0000000000000000
0.0514395026204719
0.0000000000000000
0.0439307122519291
0.0000000000000000
0.0366509140159187
0.0000000000000000
0.0297067259319427
0.0000000000000000
0.0232322196725974
0.0000000000000000
0.0176504607079474
0.0000000000000000
0.0130907355556095
0.0000000000000000
0.0093713453766494
0.0000000000000000
0.0064967727036527
0.0000000000000000
0.0043998007595009
0.0000000000000000
0.0028889812892978
0.0000000000000000
0.0018339109844138
0.0000000000000000
0.0011307068595026
0.0000000000000000
0.0006791730928004
0.0000000000000000
0.0003940821582606
0.0000000000000000
0.0002217730999049
0.0000000000000000
0.0001211778463028
0.0000000000000000
0.0000639255457795
0.0000000000000000
0.0000326107375864
0.0000000000000000
0.0000161233485386
0.0000000000000000
0.0000077027209992
0.0000000000000000
0.0000035212051926
0.0000000000000000
0.0000015562405178
0.0000000000000000
0.0000006603114440
0.0000000000000000
0.0000002674185920
0.0000000000000000
0.0000001035869100
0.0000000000000000
0.0000000382665251
0.0000000000000000
0.0000000132525570
0.0000000000000000
0.0000000042791437
0.0000000000000000
0.0000000013246943
0.0000000000000000
0.0000000003714488
0.0000000000000000
0.0000000000932773
0.0000000000000000
0.0000000000223219
0.0000000000000000
0.0000000000045257
0.0000000000000000
0.0000000000007940
0.0000000000000000
0.0000000000001391
0.0000000000000000
0.0000000000000166
0.0000000000000000
0.0000000000000008
