0.0000000008072561
0.0000000059656844
0.0000000136069327
0.0000000141695595
0.0000000074906629
0.0000000019915811
0.0000000005512365
0.0000000022305953
0.0000000064615183
0.0000000329807855
0.0000003588118932
0.0000018159568076
0.0000037261395000
0.0000037095052347
0.0000019165836302
0.0000005135337079
0.0000001956705348
0.0000007101342543
0.0000019596274276
0.0000088274150661
0.0000428949428957
0.0001040936219880
0.0001328426515896
0.0000955997220928
0.0000395079746931
0.0000116724492607
0.0000167984639262
0.0000467938885328
0.0001107538960730
0.0002708767355009
0.0007587558429094
0.0014383505744773
0.0015447867781742
0.0009454680031316
0.0003502132915915
0.0001526313292382
0.0002916674418252
0.0006780084164027
0.0014863131435036
0.0029468933415932
0.0056695742332439
0.0085768061850226
0.0081253282926037
0.0045173162205603
0.0017165121186891
0.0012223589654168
0.0022037475329290
0.0042163874542121
0.0084637885221568
0.0148958045204517
0.0219184428432228
0.0261760248718171
0.0216949189106211
0.0113070708547468
0.0051344016299043
0.0055425649019106
0.0086745251412820
0.0134921392622216
0.0240975119256304
0.0384676831327752
0.0466290071140777
0.0440030717990278
0.0309907736047947
0.0155072863364556
0.0097690053864599
0.0137894952320942
0.0187860624461432
0.0238745152197960
0.0367451644691830
0.0526732103182302
0.0546704835539007
0.0412295052456921
0.0238209303048318
0.0120923784322254
0.0118533476168846
0.0187384361109601
0.0223889484318809
0.0234782304184941
0.0301360953717029
0.0375030011946973
0.0334629814054451
0.0205317673536336
0.0096946522732274
0.0059071860566762
0.0088173931462551
0.0134794504714085
0.0139209452660320
0.0120219644731669
0.0124575727268022
0.0127150606422596
0.0093388452533266
0.0047461535969818
0.0021438446879327
0.0020696523971389
0.0036140955339303
0.0046938679354823
0.0039441134601585
0.0026350037655520
0.0020678891424415
0.0016035317412701
0.0008684005799391
0.0004066066928064
0.0003136342717596
0.0004204397871823
0.0006172107699516
0.0006154485417553
0.0003591317869528
0.0001190692161492
0.0000231805000715
0.0000073559141032
0.0000170272439227
0.0000320933963166
0.0000317878970584
0.0000165388758896
0.0000043730209394
0.0000005894016256
0.0000002066252056
0.0000001992633680
0.0000001053395294
0.0000000279342756
0.0000000032437936
0.0000000000980658
