0.0000095423834896
0.0019930855468815
0.0077781007518410
0.0074816168681899
0.0000000000000000
0.0000000000000000
0.0000118128353735
0.0024673071959712
0.0096287708202157
0.0092923353480774
0.0064271562734474
0.0327771641492388
0.0545867425992678
0.0294350389519439
0.0000000000000000
0.0000378706537897
0.0079563915095969
0.0405759467251582
0.0675836882817998
0.0384253337504339
0.0324230407749710
0.1052671330412773
0.0949749852995389
0.0005862487616586
0.0000110617302294
0.0024594214793834
0.0401375655673802
0.1303139080134647
0.1176510148625721
0.0082393731856301
0.0293184019754337
0.0295173754671361
0.0018794491911035
0.0000002557544380
0.0000969389026785
0.0093013813820734
0.0362942295689676
0.0365413813464307
0.0024971946545611
0.0008088713855145
0.0012080126176347
0.0005489728286007
0.0000000001371075
0.0000010348557447
0.0002111440282211
0.0010013289159704
0.0014954396199680
0.0006796990094623
0.0000037364632912
0.0000135372398750
0.0000126926108607
0.0000000000000000
0.0000000005394239
0.0000001327082130
0.0000046254927593
0.0000167582015781
0.0000157126157773
0.0000000018126724
0.0000000070740308
0.0000000068043845
0.0000000000000000
0.0000000000000000
0.0000000000107435
0.0000000022439677
0.0000000087571791
0.0000000084233749
