0.0000000028786019
0.0000000000000000
0.0000003817601117
0.0000000016686473
0.0000043164942205
0.0000002395707405
0.0000223823539887
0.0000049265846950
0.0000763835880469
0.0000404877501964
0.0002133328266029
0.0001876102445332
0.0005115425072352
0.0006141561694925
0.0010485963714477
0.0016547252198164
0.0019883759192426
0.0037670309669600
0.0035563590766075
0.0072555959130382
0.0055784512416416
0.0126463158315151
0.0078871010782208
0.0199358477113790
0.0110735689920799
0.0259953220445626
0.0153521068004669
0.0283397316007616
0.0197668452432403
0.0280725212341849
0.0232684241707165
0.0256920419049179
0.0251233204011147
0.0252775278157597
0.0246870686185006
0.0287132262758879
0.0240264854465423
0.0319405485123404
0.0251601928160348
0.0340813809809949
0.0274352424211346
0.0318182224315806
0.0305823659642751
0.0279878318820961
0.0308258978736013
0.0247506877736824
0.0286469397871002
0.0224645767956292
0.0244136271641427
0.0223488503226649
0.0202277246453014
0.0204076381489415
0.0186771408600771
0.0178386151146112
0.0176192717787574
0.0144601796723343
0.0172029293144468
0.0114673697797769
0.0149204655308287
0.0104212405820176
0.0117423009980760
0.0093712956867928
0.0088685340570206
0.0084351719561374
0.0065326938791839
0.0069648712965904
0.0056550405263433
0.0052684482219730
0.0049295545223077
0.0041644255233523
0.0041832706527880
0.0034073454934165
0.0031754757109263
0.0030039404629585
0.0021205697901576
0.0025290760783654
0.0014775328186136
0.0018843116943807
0.0011041341464441
0.0012791828936389
0.0008983843281027
0.0007681827162259
0.0007217908035134
0.0004772220524910
0.0005113265547741
0.0003617719129716
0.0003416571321605
0.0002877948102999
0.0002407139539041
0.0002352787837095
0.0001773282162727
0.0001618870336216
0.0001510882999031
0.0000912474261067
0.0001121551535263
0.0000578376928999
0.0000731026021045
0.0000332735096334
0.0000421459636168
0.0000253259275723
0.0000159664507793
0.0000167091796927
0.0000062993919852
0.0000079265341133
0.0000009244276010
0.0000035246343484
0.0000000773066450
0.0000005074231110
0.0000000216573586
0.0000000404567956
0.0000000027799045
0.0000000123176501
0.0000000000770369
0.0000000016073576
0.0000000000000000
0.0000000000446562
