0.0000000000049879
0.0000000000000000
0.0000000000710002
0.0000000000281855
0.0000000001542324
0.0000000004237937
0.0000000008001805
0.0000000011995563
0.0000000035857556
0.0000000050261360
0.0000000086332828
0.0000000192935193
0.0000000311916113
0.0000000461652458
0.0000000901710060
0.0000001435810617
0.0000002062229151
0.0000003726177734
0.0000005677107571
0.0000007996765003
0.0000013117367777
0.0000019732189093
0.0000027269096126
0.0000041893732068
0.0000060756741923
0.0000082643196170
0.0000120548526811
0.0000170371253106
0.0000227350654721
0.0000317002380366
0.0000435461609261
0.0000571248933081
0.0000771364537568
0.0001028795273021
0.0001324160716226
0.0001736770254948
0.0002258433804179
0.0002857279422537
0.0003650672027741
0.0004627742147534
0.0005755724515228
0.0007177950084717
0.0008911746352839
0.0010878297777135
0.0013246226414198
0.0016137800424914
0.0019334741324715
0.0023042336774223
0.0027564152333912
0.0032368810510926
0.0037814249331056
0.0044464051150002
0.0051163902777218
0.0058717475506605
0.0067726687130546
0.0076460994258520
0.0086327716547487
0.0097600828725473
0.0108227720085220
0.0120175230834509
0.0133176284910479
0.0145274491686674
0.0158611981816497
0.0172285464392204
0.0185084532582326
0.0198449602974756
0.0211716058096743
0.0223986140162495
0.0235671276979893
0.0247338543819848
0.0257541529344382
0.0266107090385767
0.0274925073996502
0.0281594036736025
0.0285955543664924
0.0290899548881389
0.0293026842051340
0.0292894159546998
0.0293067648623586
0.0290463972598617
0.0286095938464162
0.0281269066203791
0.0274604929946157
0.0266472855259984
0.0257397438457952
0.0247693070985252
0.0236661459708727
0.0224827417648433
0.0213184380453463
0.0200396522320745
0.0187518542693046
0.0175028419124440
0.0161873602008326
0.0149324864296882
0.0137036690927074
0.0124767347216411
0.0113421905477595
0.0102328120221890
0.0091781095798375
0.0082072778640761
0.0072862315787962
0.0064396168017892
0.0056542233194617
0.0049475784832738
0.0043007679673690
0.0037090775542243
0.0031989656404919
0.0027308479083932
0.0023173603674926
0.0019645860471273
0.0016472707778185
0.0013767424453508
0.0011444057448085
0.0009430885163325
0.0007754509185478
0.0006315147880848
0.0005117093894375
0.0004124830403652
0.0003300099122577
0.0002622407492227
0.0002065679075078
0.0001627983044569
0.0001264226124250
0.0000973297373073
0.0000753501162081
0.0000570598617114
0.0000429882206603
0.0000325218068276
0.0000240322127179
0.0000177061395694
0.0000129273247860
0.0000094118515854
0.0000067402670084
0.0000047267666684
0.0000033747441009
0.0000023083358703
0.0000016052733510
0.0000010983716981
0.0000006978165141
0.0000004896458590
0.0000003130458849
0.0000001920850236
0.0000001331447362
0.0000000735167403
0.0000000447441561
0.0000000289420632
0.0000000182297660
0.0000000082240557
0.0000000035885164
0.0000000035596738
0.0000000012354668
0.0000000009209431
0.0000000001445499
0.0000000000099069
0.0000000001934088
0.0000000000043031
0.0000000000014645
0.0000000000010984
0.0000000000001518
0.0000000000000000
0.0000000000002346
