0.0000000000000108
0.0000000000007686
0.0000000000000000
0.0000000000005568
0.0000000000396386
0.0000000000083987
0.0000000000147058
0.0000000007150922
0.0000000004342412
0.0000000003537110
0.0000000057557146
0.0000000078744189
0.0000000063718670
0.0000000273670717
0.0000000637390756
0.0000000665192070
0.0000001374697998
0.0000002909866363
0.0000004078405443
0.0000007048070764
0.0000011860055380
0.0000017358209385
0.0000028955469105
0.0000045182749041
0.0000063301284281
0.0000102650815795
0.0000146524992970
0.0000204709050943
0.0000318673383307
0.0000442552496666
0.0000578946452641
0.0000856939503605
0.0001210580860687
0.0001533919642822
0.0002090664127050
0.0002884308280346
0.0003736786368057
0.0004782004979681
0.0006287138800787
0.0008064885800301
0.0010205997174606
0.0012706069577684
0.0015998235375342
0.0019927366972080
0.0023900788172789
0.0029142175297802
0.0035985917993169
0.0042238472222338
0.0048889778878100
0.0059809938840144
0.0069517940166782
0.0077806946281246
0.0091057552264506
0.0106395973219058
0.0115908449296797
0.0130624154640525
0.0150359537165571
0.0162222906886662
0.0175801400930495
0.0197513741190245
0.0213357186719787
0.0222573256518498
0.0244137001550988
0.0259873863990581
0.0268049863231098
0.0282074393251056
0.0298247430128479
0.0302381533629912
0.0309534319560576
0.0320331976209241
0.0319743369369496
0.0322648902676098
0.0323872674151645
0.0320385170142720
0.0312987535984309
0.0312744497278419
0.0301172427845497
0.0289328021996166
0.0282061479544395
0.0268466801035849
0.0253424555778689
0.0239654662646531
0.0227090511443523
0.0207772457803823
0.0195308790038907
0.0178695008868592
0.0162861563932155
0.0148905228293205
0.0134690314271862
0.0119533077874870
0.0106791496840934
0.0096411699078081
0.0082591417491750
0.0073254839362764
0.0063684529973162
0.0054730214077000
0.0046584681433325
0.0040591452216638
0.0033685936306484
0.0027899457035131
0.0024154728732169
0.0019609950852741
0.0016020134304179
0.0013118416182172
0.0010871858656898
0.0008409689855951
0.0006944504168465
0.0005483782177919
0.0004186444913634
0.0003358536261530
0.0002614712325878
0.0001957270706222
0.0001467156784970
0.0001196379383663
0.0000824283910426
0.0000610205857126
0.0000470942953285
0.0000347187597886
0.0000231407428120
0.0000168098484335
0.0000124274906396
0.0000083021340228
0.0000060508344094
0.0000038540681151
0.0000025784324903
0.0000017244495824
0.0000012877696668
0.0000007515882143
0.0000004726392205
0.0000002799404999
0.0000001908094525
0.0000001339131099
0.0000000759464867
0.0000000365985913
0.0000000204522953
0.0000000163423731
0.0000000087396652
0.0000000054830149
0.0000000019610739
0.0000000008714111
0.0000000006779874
0.0000000005571477
0.0000000001910123
0.0000000000564907
0.0000000000157456
0.0000000000143020
0.0000000000215873
0.0000000000014507
0.0000000000000000
0.0000000000000083
0.0000000000005857
