0.0000000000745538
0.0000000000000000
0.0000000007073432
0.0000000000000000
0.0000000017981164
0.0000000000000000
0.0000000073808718
0.0000000000000000
0.0000000284337390
0.0000000000000000
0.0000001049562636
0.0000000000000000
0.0000002779323298
0.0000000000000000
0.0000008453431877
0.0000000000000000
0.0000023756637807
0.0000000000000000
0.0000056853188022
0.0000000000000000
0.0000144513868031
0.0000000000000000
0.0000322352603909
0.0000000000000000
0.0000710502757910
0.0000000000000000
0.0001418761710787
0.0000000000000000
0.0002966329808606
0.0000000000000000
0.0005458636700886
0.0000000000000000
0.0009640389576788
0.0000000000000000
0.0017290620563984
0.0000000000000000
0.0027034752401636
0.0000000000000000
0.0044762347091181
0.0000000000000000
0.0065848853616971
0.0000000000000000
0.0102535453753361
0.0000000000000000
0.0132551122105042
0.0000000000000000
0.0194605980746038
0.0000000000000000
0.0247708923654779
0.0000000000000000
0.0324208486643836
0.0000000000000000
0.0382464796559456
0.0000000000000000
0.0476411532000749
0.0000000000000000
0.0542993206327045
0.0000000000000000
0.0601432033778420
0.0000000000000000
0.0663562595062475
0.0000000000000000
0.0692038839082488
0.0000000000000000
0.0714977418087776
0.0000000000000000
0.0690676878386022
0.0000000000000000
0.0688167637077004
0.0000000000000000
0.0617762252490469
0.0000000000000000
0.0569100181521733
0.0000000000000000
0.0494319743918424
0.0000000000000000
0.0419029515777172
0.0000000000000000
0.0341193369573371
0.0000000000000000
0.0268817418407067
0.0000000000000000
0.0211061229498474
0.0000000000000000
0.0147205107236672
0.0000000000000000
0.0111293040383635
0.0000000000000000
0.0072190044735634
0.0000000000000000
0.0048649621436870
0.0000000000000000
0.0029998760030779
0.0000000000000000
0.0018350816774365
0.0000000000000000
0.0010345387026280
0.0000000000000000
0.0005306985488140
0.0000000000000000
0.0003163587512975
0.0000000000000000
0.0001148256012853
0.0000000000000000
0.0000672025997079
0.0000000000000000
0.0000248511841476
0.0000000000000000
0.0000067626668081
0.0000000000000000
0.0000044855789668
0.0000000000000000
0.0000002087158018
0.0000000000000000
0.0000003334665710
