0.0000000384609164
0.0000011881630555
0.0000055594006793
0.0000121377809555
0.0000192715398536
0.0000252648804108
0.0000252269190443
0.0000257027195425
0.0000363349671148
0.0000530722551509
0.0000642927806104
0.0000954209817839
0.0001896524987797
0.0003162705445326
0.0004332803876879
0.0005404538926007
0.0005811480045582
0.0006239616630589
0.0007750201076510
0.0010187861957460
0.0012102697223728
0.0015057027845499
0.0021603213429196
0.0029163508487377
0.0034234953227261
0.0039461456810506
0.0045276070651107
0.0050524473544613
0.0053627266950058
0.0059698896562706
0.0069190218136709
0.0081670792495475
0.0101128069317770
0.0123214225675162
0.0137005082403657
0.0146644623731215
0.0158201356192461
0.0168599795164213
0.0165373885621593
0.0167263315172897
0.0189312940195499
0.0217199769859182
0.0245577651331771
0.0275475630196384
0.0294890856819009
0.0294175499126164
0.0279900954715350
0.0270945451513859
0.0261370383945990
0.0260968612879660
0.0287710568014446
0.0320202068805938
0.0339705565496161
0.0343737093964288
0.0335244458401545
0.0307528710272899
0.0263105240131954
0.0235591456169769
0.0234609479717150
0.0241572995906686
0.0254933934846805
0.0266704763755953
0.0263241605301008
0.0234401083250513
0.0194126357591045
0.0160632588051634
0.0137123663443914
0.0127641206007044
0.0130819839640070
0.0132816344681911
0.0129512359986115
0.0119763298236586
0.0102766479549604
0.0080020385405238
0.0059426260693511
0.0048552443213415
0.0045105590160314
0.0043526434432334
0.0042166151162678
0.0039696405972293
0.0034695951858052
0.0027413717342732
0.0019696592563057
0.0013484858171459
0.0010120193013635
0.0009472333998617
0.0009380112598882
0.0008371869212793
0.0007011306387721
0.0005832938726392
0.0004375288701159
0.0002808339953757
0.0001679809576242
0.0001099311222537
0.0001016222197713
0.0001156996015833
0.0001053721379992
0.0000724021432120
0.0000468714642068
0.0000328769353281
0.0000193363646479
0.0000083461170506
0.0000044205112622
0.0000042358805456
0.0000055510382941
0.0000065799622446
0.0000044228978250
0.0000012872562261
0.0000001388112906
0.0000000501031273
0.0000000212959739
0.0000000111329338
0.0000000106945055
0.0000000141359671
0.0000000169815471
0.0000000114058254
0.0000000031395640
0.0000000001437425
