0.0000001910008897
0.0000008429867672
0.0000004586426971
0.0000021814137203
0.0000205155448621
0.0000879080060650
0.0000508884813832
0.0002327625232392
0.0005886367924867
0.0023232036805684
0.0015779300286224
0.0065210354820127
0.0023030646003570
0.0029186853689047
0.0094262740332183
0.0176971016094841
0.0127261562891885
0.0469249820953125
0.0163247287858279
0.0174915789856633
0.0460137071037086
0.0315983419960043
0.0347138096778400
0.0858403250215686
0.0340801736066946
0.0584655880449390
0.0733321432436418
0.0253314022578385
0.0588333805510236
0.0580190517397935
0.0341429403103121
0.0755940960010351
0.0445932238637510
0.0197133252976220
0.0559081116721057
0.0146312473669647
0.0200845776056601
0.0330477102170908
0.0099214751834199
0.0146587601083758
0.0200639098721488
0.0013643637996129
0.0056899979628872
0.0018095354444769
0.0009845115594546
0.0043451641407599
