0.0000010526661619
0.0000000000000000
0.0000016325295389
0.0000037489705981
0.0000043537827335
0.0000164345531723
0.0000135563660977
0.0000326243971940
0.0000566293992723
0.0000807867858793
0.0001260796795116
0.0001894831889818
0.0002696059771011
0.0003821908391608
0.0005738613269039
0.0007131660840213
0.0010149141398401
0.0012768799773890
0.0017409308578900
0.0021629447111958
0.0027193655662019
0.0033400599500955
0.0040468434136185
0.0051077516295304
0.0056195458269908
0.0071128615290912
0.0078364322463644
0.0092718201240547
0.0105323571242818
0.0117308015394718
0.0135317057398113
0.0145208444519836
0.0164958754167710
0.0175906189808776
0.0198470161509319
0.0205718691413409
0.0226544003446991
0.0238924662810779
0.0252203551776807
0.0268381878961341
0.0272239201815828
0.0292081604735797
0.0290118137432886
0.0305375461308274
0.0302953680831097
0.0311196158768173
0.0309357643422139
0.0306261676925692
0.0308747756204122
0.0298483085987269
0.0297479110890065
0.0284157719430275
0.0280186465508292
0.0266352532772735
0.0256912246270334
0.0243660495392142
0.0231675733564853
0.0218429609143550
0.0203614108477228
0.0191561245565495
0.0177057848570316
0.0163906867091979
0.0150431787767121
0.0138277600416379
0.0125970275082814
0.0114152255415835
0.0103024639677976
0.0093970958063588
0.0083009487072041
0.0075721310735788
0.0066254496485539
0.0060292820481564
0.0052903910356440
0.0046840618827410
0.0042149239155257
0.0036447027904456
0.0032874392198624
0.0028064234638249
0.0025384784417430
0.0021777077032610
0.0019061615012918
0.0016560220850164
0.0014225592639622
0.0012369844261044
0.0010381134424058
0.0008889179555945
0.0007531431855192
0.0006164245286987
0.0005213055331681
0.0004164328149060
0.0003449470719371
0.0002742566276234
0.0002102546906970
0.0001760825843451
0.0001232141004029
0.0001025151491298
0.0000684073775332
0.0000552139574961
0.0000380803284950
0.0000247860643815
0.0000198567160073
0.0000096438921582
0.0000094754425416
0.0000035865224060
0.0000029836986903
0.0000017682499289
0.0000004732108800
0.0000006534032874
0.0000000281477620
0.0000001153724230
0.0000000000000000
0.0000000073077893
