0.0000000003766322
0.0000000643255400
0.0000001926287933
0.0000003930760552
0.0000007628634800
0.0000009780179441
0.0000010897716007
0.0000021070128734
0.0000035910430481
0.0000048595172262
0.0000118380481845
0.0000233809365012
0.0000392813287309
0.0000706911740574
0.0000929636830534
0.0001012273253425
0.0001730328234604
0.0002895466427980
0.0003884194339888
0.0005659265537476
0.0007537669930073
0.0008810443149492
0.0012419423369481
0.0017654389491156
0.0018234372725794
0.0017515661478944
0.0024871973533617
0.0032524299782862
0.0036536274922746
0.0049406023738183
0.0060253951018565
0.0063837618365997
0.0085637491375366
0.0113596957633683
0.0108207365559472
0.0098924060855101
0.0126859504032866
0.0139929298371760
0.0132688136719122
0.0162147040231779
0.0182488175504787
0.0179272662983495
0.0229781830137639
0.0290327991039121
0.0263713870068474
0.0234874444129448
0.0285874046990347
0.0286599378785902
0.0241316683447350
0.0269371627822996
0.0281080882586093
0.0256350063827816
0.0312076439299736
0.0374506495412513
0.0325047375642638
0.0283257044055941
0.0332572976735232
0.0313903196434489
0.0243932056643902
0.0253500332433335
0.0247719518137412
0.0210396170420846
0.0242157869840179
0.0274046648623551
0.0225647046494366
0.0191946503309163
0.0217885062607848
0.0196129922826889
0.0143714140438731
0.0141120998807128
0.0130453142374073
0.0103670114005449
0.0112477824427785
0.0119019001779906
0.0091784443567451
0.0075700308694393
0.0082555415617596
0.0070825292133106
0.0049362902351605
0.0046179537972765
0.0040690891006778
0.0030393525649919
0.0031017944410282
0.0030396436242403
0.0021535526403865
0.0017006480605761
0.0017521176203300
0.0014102323215135
0.0009306293697771
0.0008286370178289
0.0006979781347065
0.0004908711546817
0.0004697333906654
0.0004215813167232
0.0002664890776515
0.0001968219439791
0.0001841920191250
0.0001320997516195
0.0000796310448292
0.0000657127499028
0.0000522904677307
0.0000342272025160
0.0000303245731403
0.0000245308716386
0.0000131770660437
0.0000086574598895
0.0000065630526606
0.0000033038021077
0.0000013531446202
0.0000007061907026
0.0000003804179827
0.0000001356402913
0.0000000439249206
0.0000000127877079
