0.0000000001722964
0.0000000104415867
0.0000001897430402
0.0000010461310038
0.0000032786044860
0.0000085461251515
0.0000168569378734
0.0000257682701334
0.0000355019669571
0.0000399798085559
0.0000455343389887
0.0000622486737779
0.0000810986061257
0.0001152762765249
0.0001507505452232
0.0002224268221302
0.0003584427589840
0.0005020453250000
0.0006777802199918
0.0007590463474317
0.0008627940025871
0.0011757573792901
0.0014912939513432
0.0019428889272605
0.0021058110218401
0.0022627517395463
0.0029441815641402
0.0036324396560267
0.0047414261482834
0.0052595814729900
0.0059583609501779
0.0080975770686926
0.0101785245238235
0.0128633183118616
0.0128784994421137
0.0113481129264925
0.0119215003062388
0.0122442182018084
0.0150570333844334
0.0164060077579983
0.0184665156589572
0.0249881428375621
0.0312619441258919
0.0389518742871952
0.0374804650498372
0.0291827580215942
0.0253039222423001
0.0202441821132490
0.0223033522272427
0.0234201638264496
0.0260012601692754
0.0348708290183387
0.0434686266471350
0.0538028582281173
0.0508300627854224
0.0371066167660546
0.0282812805166167
0.0175643750598579
0.0164196189022567
0.0161290013505016
0.0174345229564131
0.0229703246335940
0.0284976804220163
0.0351328293194261
0.0328840882485559
0.0231935996421168
0.0163123877047144
0.0081121121766342
0.0060773340681550
0.0052959566437555
0.0054191010879689
0.0068669279886096
0.0084393822696926
0.0103655302425500
0.0096515594629634
0.0066799380402516
0.0044767123514043
0.0018714085398752
0.0010714003195659
0.0007490843568603
0.0006721702673885
0.0007628210620238
0.0009114090909213
0.0011108206720691
0.0010302223373559
0.0007051487865742
0.0004587252483710
0.0001684703924351
0.0000706367847683
0.0000305285259902
0.0000153805703073
0.0000045416279427
0.0000012327182257
0.0000002380092954
0.0000000167451422
