0.0000000003441465
0.0000000029462308
0.0000000081735110
0.0000000092278217
0.0000000042852353
0.0000000007374919
0.0000000006459845
0.0000000122672427
0.0000000743679694
0.0000001860946162
0.0000002323695836
0.0000002496433352
0.0000003531263957
0.0000003491895287
0.0000002884637069
0.0000006216871072
0.0000012962865695
0.0000021267101400
0.0000043441142593
0.0000077223153493
0.0000082286372058
0.0000066503621623
0.0000068608210703
0.0000073267800348
0.0000119919505463
0.0000293673673597
0.0000517392598053
0.0000664106632045
0.0000872400497985
0.0001090640045572
0.0000982559047990
0.0000850821217148
0.0001055709642076
0.0001430730181003
0.0002589532266221
0.0005018603515970
0.0006961307334635
0.0007197635758085
0.0007331475078015
0.0007319376333728
0.0006624175823097
0.0008095883742873
0.0011655144262251
0.0015641379056548
0.0024664983022817
0.0038311613361532
0.0042971793743679
0.0035916900980509
0.0030125439615120
0.0028757637451407
0.0034288665933502
0.0053718037396712
0.0073313002831594
0.0086943630738626
0.0114252462049189
0.0143311706213475
0.0132507374239899
0.0092036557370899
0.0071622999158983
0.0086199424475888
0.0134862039076201
0.0204298340643061
0.0242936890696793
0.0250448969853813
0.0273069030704534
0.0274207681399158
0.0207292569545454
0.0128562863446158
0.0126403838086953
0.0211029734773314
0.0331200078864037
0.0415982099518332
0.0416883610652042
0.0372133938064157
0.0334679544851173
0.0267243517507308
0.0163374291894588
0.0113220318096980
0.0189834658261180
0.0336623721478047
0.0436512108817558
0.0434982203056731
0.0362351285110592
0.0277031704439466
0.0199151640909436
0.0125721671487257
0.0066977021044635
0.0080145438342633
0.0192197526571496
0.0289084748407889
0.0279024318066236
0.0215597822474728
0.0152537140615632
0.0101635017484576
0.0056813193526577
0.0026669484314505
0.0014895610981024
0.0037097620742883
0.0095334662946307
0.0121231063716261
0.0085583079905753
0.0047338649749769
0.0028166172100854
0.0016925894463915
0.0007530793625909
0.0002416893491154
0.0002046364979725
0.0008284292616043
0.0019804363123598
0.0022126640257309
0.0012131067114228
0.0004347273421942
0.0001928275869700
0.0001041641823611
0.0000377628073332
0.0000083222426632
0.0000193445041335
0.0000788738322124
0.0001538683304868
0.0001456494154625
0.0000642423171846
0.0000132406477443
0.0000023652072816
0.0000007837011894
0.0000001268292539
0.0000001099160595
0.0000009107373954
0.0000025265916812
0.0000028524996689
0.0000013246498217
0.0000002279731365
0.0000000064196512
