0.0000457634528260
0.0000000000000000
0.0000000000000000
0.0001779638783693
0.0000855893387079
0.0000019875028509
0.0004339665453880
0.0003419513825754
0.0017015369212635
0.0014223729761464
0.0008972478392931
0.0066227337386108
0.0038110417445480
0.0030083680816016
0.0162838172064144
0.0128274487336749
0.0022203148631439
0.0532090781070691
0.0337651468552122
0.0032631104696358
0.0252687652515247
0.1089048910812870
0.0097472381313039
0.0095880339884112
0.0717563235695750
0.0214972092272023
0.0222346363343211
0.0718791249033778
0.0548088370196305
0.0109767737872017
0.0576163527185649
0.1208600778636071
0.0071062900108280
0.0234956345235603
0.0613580624893543
0.0105690663795383
0.0246024927182607
0.0212199354195359
0.0228721674292719
0.0121599122870645
0.0364195605866742
0.0104059190296836
0.0023971141205541
0.0180881164395895
0.0024405774489897
0.0028455395805918
0.0029470968937103
0.0065444728953985
0.0012413998341280
0.0025464966244161
0.0027532798896025
0.0001148365047224
0.0014254998514342
0.0001582082960996
0.0001067698332704
0.0002138057789949
0.0004424209983212
0.0000496869175062
0.0000059330921879
0.0001807484025220
0.0000041972279576
0.0000192050951963
0.0000000000000000
0.0000000000000000
0.0000078498876968
