0.0006445680683721
0.0000000000000000
0.0001380193223702
0.0006683520014662
0.0021543204351620
0.0009472962764358
0.0027358887537453
0.0024060101728971
0.0013209087512828
0.0061240201236357
0.0077808480700441
0.0040467500142804
0.0070973523718315
0.0104937618118431
0.0048615390671090
0.0159253768767098
0.0097559098427059
0.0063035680009622
0.0186758382379210
0.0151673561228441
0.0089822120398628
0.0185829285711718
0.0159339727457057
0.0088333387667070
0.0288369794851684
0.0155622132139352
0.0108653923399562
0.0291443672812843
0.0266952279458260
0.0151171676803019
0.0305197992066721
0.0275313105621682
0.0148787445084905
0.0476796044777474
0.0257931427036617
0.0179085442631408
0.0441318754611506
0.0364910956458068
0.0212735258764586
0.0437954672964991
0.0269754500916300
0.0168292135557044
0.0542234724208052
0.0244951307635404
0.0189220300105850
0.0374551932981037
0.0214588630518377
0.0143230077058331
0.0349713081101751
0.0096552257851187
0.0096047960790768
0.0280282843422255
0.0093894484015638
0.0088947165007806
0.0133334258946117
0.0066289293700860
0.0046677922206869
0.0132995998070270
0.0050703982066376
0.0042916917279965
0.0085898209456643
0.0041154783437496
0.0030276829090543
0.0065371846877517
0.0009916406465669
0.0014862713538826
0.0048244170738562
0.0000553165393071
0.0010013063833830
0.0008634265766938
0.0000000000000000
0.0001848828027312
