0.0000039098682368
0.0000000000000000
0.0000000000000000
0.0000000000000000
0.0000013432165668
0.0000000000000000
0.0000549705813225
0.0000000000000000
0.0002584701852719
0.0000000000000000
0.0000188848807808
0.0000000000000000
0.0003092635690329
0.0000000000000000
0.0036339476111462
0.0000000000000000
0.0013068392252794
0.0000000000000000
0.0014435884835804
0.0000000000000000
0.0149974042143488
0.0000000000000000
0.0173756132253809
0.0000000000000000
0.0071978308416512
0.0000000000000000
0.0188479504766413
0.0000000000000000
0.0701711300304050
0.0000000000000000
0.0346184738873347
0.0000000000000000
0.0283184492158689
0.0000000000000000
0.0718212528986908
0.0000000000000000
0.1226015963894088
0.0000000000000000
0.0432445152672026
0.0000000000000000
0.0557841244292068
0.0000000000000000
0.1147743346423617
0.0000000000000000
0.0936446819400640
0.0000000000000000
0.0424385200877309
0.0000000000000000
0.0545506778611810
0.0000000000000000
0.0805113523576986
0.0000000000000000
0.0308060238639842
0.0000000000000000
0.0269959293869912
0.0000000000000000
0.0253817259350290
0.0000000000000000
0.0199549100548326
0.0000000000000000
0.0060592652931416
0.0000000000000000
0.0068554140835279
0.0000000000000000
0.0044789009553890
0.0000000000000000
0.0000000000000000
0.0000000000000000
0.0015387050407107
