0.0001758812399245
0.0000000000000000
0.0000190346969751
0.0000000000000000
0.0008762340301876
0.0000000000000000
0.0038892217409957
0.0000000000000000
0.0014489093531863
0.0000000000000000
0.0190158879504664
0.0000000000000000
0.0249288824553609
0.0000000000000000
0.0248755681780322
0.0000000000000000
0.1142700271619554
0.0000000000000000
0.0489555711517215
0.0000000000000000
0.1363702812207168
0.0000000000000000
0.1513910147105384
0.0000000000000000
0.0782557375549100
0.0000000000000000
0.1661293300392743
0.0000000000000000
0.0583323106562525
0.0000000000000000
0.0755068513667470
0.0000000000000000
0.0378145095104843
0.0000000000000000
0.0288272040822442
0.0000000000000000
0.0132696948088136
0.0000000000000000
0.0092417192372975
0.0000000000000000
0.0046513463578058
0.0000000000000000
0.0004245368955898
0.0000000000000000
0.0011987579979674
0.0000000000000000
0.0001288263826386
0.0000000000000000
0.0000026612199138
