0.0000000000698605
0.0000000000000000
0.0000000002355871
0.0000000000000000
0.0000000007064165
0.0000000000000000
0.0000000039565498
0.0000000000000000
0.0000000122212782
0.0000000000000000
0.0000000331434211
0.0000000000000000
0.0000000961488788
0.0000000000000000
0.0000002571474766
0.0000000000000000
0.0000006097181404
0.0000000000000000
0.0000014108062246
0.0000000000000000
0.0000032046680089
0.0000000000000000
0.0000067487716546
0.0000000000000000
0.0000137272831177
0.0000000000000000
0.0000272950243044
0.0000000000000000
0.0000518999572131
0.0000000000000000
0.0000950101890242
0.0000000000000000
0.0001700030349971
0.0000000000000000
0.0002947105406573
0.0000000000000000
0.0004924541129616
0.0000000000000000
0.0008040456228593
0.0000000000000000
0.0012789936134997
0.0000000000000000
0.0019695408969180
0.0000000000000000
0.0029569225962203
0.0000000000000000
0.0043372978105688
0.0000000000000000
0.0061830789560180
0.0000000000000000
0.0085814003352265
0.0000000000000000
0.0116474021564870
0.0000000000000000
0.0153989181211146
0.0000000000000000
0.0198209058951037
0.0000000000000000
0.0249416989678008
0.0000000000000000
0.0306097770175565
0.0000000000000000
0.0365861088006037
0.0000000000000000
0.0427135235533348
0.0000000000000000
0.0486724776375314
0.0000000000000000
0.0540145599108888
0.0000000000000000
0.0584981746538011
0.0000000000000000
0.0618538712064706
0.0000000000000000
0.0636710133071844
0.0000000000000000
0.0639094703619230
0.0000000000000000
0.0626116851004427
0.0000000000000000
0.0596888208305460
0.0000000000000000
0.0554358388891543
0.0000000000000000
0.0502171921006778
0.0000000000000000
0.0442449138452259
0.0000000000000000
0.0379328106393483
0.0000000000000000
0.0316921039762898
0.0000000000000000
0.0257418051613367
0.0000000000000000
0.0203126568150152
0.0000000000000000
0.0156029931660079
0.0000000000000000
0.0116455225118118
0.0000000000000000
0.0084268168310918
0.0000000000000000
0.0059261613664500
0.0000000000000000
0.0040463151544946
0.0000000000000000
0.0026716727024505
0.0000000000000000
0.0017094761327401
0.0000000000000000
0.0010611808337502
0.0000000000000000
0.0006351919224431
0.0000000000000000
0.0003663510033261
0.0000000000000000
0.0002047753960474
0.0000000000000000
0.0001103008158440
0.0000000000000000
0.0000567069086642
0.0000000000000000
0.0000280587604473
0.0000000000000000
0.0000134438446312
0.0000000000000000
0.0000061282565939
0.0000000000000000
0.0000026337557612
0.0000000000000000
0.0000010894947114
0.0000000000000000
0.0000004387437819
0.0000000000000000
0.0000001676514101
0.0000000000000000
0.0000000595278943
0.0000000000000000
0.0000000198473418
0.0000000000000000
0.0000000062831574
0.0000000000000000
0.0000000018821213
0.0000000000000000
0.0000000005284532
0.0000000000000000
0.0000000001330679
0.0000000000000000
0.0000000000266881
0.0000000000000000
0.0000000000035856
0.0000000000000000
0.0000000000002605
0.0000000000000000
0.0000000000000070
