0.0000002464578953
0.0000000000000000
0.0000006471078621
0.0000037990807485
0.0000000000000000
0.0000100336134572
0.0000142774439916
0.0000004835483117
0.0000403342651219
0.0000377236140758
0.0000125560990841
0.0001302668633976
0.0001013048893413
0.0001079430638535
0.0003544571769473
0.0001982913809153
0.0003876567264086
0.0007023292794786
0.0004418777873083
0.0010112551033128
0.0014720440192643
0.0009074439057242
0.0023116572415648
0.0024396241628969
0.0017263394192796
0.0039665709982925
0.0041927099491978
0.0034073660880016
0.0064487625497142
0.0067833162393245
0.0053936306543647
0.0088346628743208
0.0100670159463931
0.0089812502543300
0.0114887425793118
0.0152035864354694
0.0123195764949368
0.0139529698541985
0.0199119983418580
0.0169255161697828
0.0170241085971766
0.0255139989799825
0.0214237092642454
0.0196491810940040
0.0294226363542902
0.0252941921582747
0.0237176218118715
0.0316247736036239
0.0296514943254708
0.0259693509863686
0.0321954951618811
0.0316642105780880
0.0282423901234007
0.0310604050491753
0.0326154497070722
0.0280703566193305
0.0288375690690575
0.0316427595222929
0.0260024458691030
0.0268937819384033
0.0279702607706550
0.0227073566728139
0.0238874697394683
0.0237190528702547
0.0182770872427167
0.0211228516119895
0.0183601739532509
0.0139830463381336
0.0178070577529798
0.0131927906032026
0.0101827003694609
0.0139551384573117
0.0089852087487501
0.0070619373732780
0.0104791518372490
0.0055397629906172
0.0047443027252359
0.0071213000776607
0.0032195846835909
0.0031055863490210
0.0044940291998122
0.0017567357568730
0.0019503412192710
0.0026260208622334
0.0008792996433236
0.0012023344945824
0.0013643628644333
0.0004318632840239
0.0007146752798634
0.0006533203050236
0.0002097854682038
0.0004037340645547
0.0002809248590103
0.0001026811936686
0.0002179538630502
0.0001068132538488
0.0000546711690296
0.0001105079422145
0.0000390733325227
0.0000300052016658
0.0000523351849487
0.0000139811102010
0.0000164888981046
0.0000230956243469
0.0000049624897771
0.0000086798126520
0.0000095767732917
0.0000016526277461
0.0000040869926533
0.0000035044516519
0.0000004376979101
0.0000017673654373
0.0000010157648421
0.0000000921193563
0.0000006495585138
0.0000002326073363
0.0000000151355824
0.0000001792204329
0.0000000418468243
0.0000000012520083
0.0000000386889042
0.0000000046909049
0.0000000000000000
0.0000000064328364
0.0000000002030094
0.0000000000000000
0.0000000005330280
