0.0000000000000003
0.0000000000000000
0.0000000000000122
0.0000000000000000
0.0000000000001764
0.0000000000000000
0.0000000000013387
0.0000000000000000
0.0000000000071828
0.0000000000000000
0.0000000000355781
0.0000000000000000
0.0000000001672580
0.0000000000000000
0.0000000007018333
0.0000000000000000
0.0000000026648951
0.0000000000000000
0.0000000095342713
0.0000000000000000
0.0000000322386433
0.0000000000000000
0.0000001018802194
0.0000000000000000
0.0000003045194331
0.0000000000000000
0.0000008515980843
0.0000000000000000
0.0000022035002723
0.0000000000000000
0.0000053617209518
0.0000000000000000
0.0000123625387152
0.0000000000000000
0.0000269934379438
0.0000000000000000
0.0000562698767361
0.0000000000000000
0.0001123963348443
0.0000000000000000
0.0002140773313260
0.0000000000000000
0.0003902736874238
0.0000000000000000
0.0006879520668057
0.0000000000000000
0.0011687915720851
0.0000000000000000
0.0019025453366546
0.0000000000000000
0.0029916110102497
0.0000000000000000
0.0045707177456249
0.0000000000000000
0.0067433544035403
0.0000000000000000
0.0095963746133829
0.0000000000000000
0.0132686138048208
0.0000000000000000
0.0178252410774750
0.0000000000000000
0.0231629419317875
0.0000000000000000
0.0292139134266627
0.0000000000000000
0.0358688523675965
0.0000000000000000
0.0427102680282732
0.0000000000000000
0.0493461860929677
0.0000000000000000
0.0555660849560867
0.0000000000000000
0.0608194510072671
0.0000000000000000
0.0644979510468166
0.0000000000000000
0.0666344614170178
0.0000000000000000
0.0671632702334424
0.0000000000000000
0.0655947260547430
0.0000000000000000
0.0621661722462894
0.0000000000000000
0.0575723771189030
0.0000000000000000
0.0518790779446371
0.0000000000000000
0.0452022191862314
0.0000000000000000
0.0383270882407446
0.0000000000000000
0.0317416596838482
0.0000000000000000
0.0254475443704508
0.0000000000000000
0.0197290408009119
0.0000000000000000
0.0149092365642666
0.0000000000000000
0.0109380169611448
0.0000000000000000
0.0077283197207943
0.0000000000000000
0.0052927452490416
0.0000000000000000
0.0035199116166097
0.0000000000000000
0.0022425644989215
0.0000000000000000
0.0013734898360799
0.0000000000000000
0.0008185713854162
0.0000000000000000
0.0004654867545830
0.0000000000000000
0.0002481921128066
0.0000000000000000
0.0001282581873346
0.0000000000000000
0.0000647915880604
0.0000000000000000
0.0000297567442940
0.0000000000000000
0.0000124141829085
0.0000000000000000
0.0000052359911138
0.0000000000000000
0.0000021818312236
0.0000000000000000
0.0000007727262158
0.0000000000000000
0.0000002297089210
0.0000000000000000
0.0000000696930339
0.0000000000000000
0.0000000201566561
0.0000000000000000
0.0000000041891341
0.0000000000000000
0.0000000006422634
0.0000000000000000
0.0000000000818179
0.0000000000000000
0.0000000000056725
