0.0000000249903475
0.0000001451702107
0.0000005092433017
0.0000015172199804
0.0000027215316486
0.0000025824355620
0.0000017930527981
0.0000012210238023
0.0000014549549177
0.0000043001969395
0.0000109861639343
0.0000227175294119
0.0000387704287701
0.0000540067835873
0.0000636567477411
0.0000550576122504
0.0000446140092269
0.0000533963194065
0.0000889352632022
0.0001566062257705
0.0002656011712244
0.0004255879290831
0.0005853917537725
0.0006396031294285
0.0006105698035399
0.0005316043959983
0.0005401069480412
0.0008093104570204
0.0013041578447915
0.0018301782777920
0.0024261123290548
0.0031730888356919
0.0036329181331563
0.0035392072447314
0.0032923977331068
0.0031998042296781
0.0037937005066010
0.0056670544241914
0.0079703576881366
0.0094034825626263
0.0104783483972081
0.0117274242008260
0.0117363163215285
0.0112307171264089
0.0114401274257530
0.0121035682852956
0.0145420954569507
0.0198406287318525
0.0241009408541871
0.0245139674674552
0.0237782702074868
0.0234391393327260
0.0218949084906743
0.0226506347020554
0.0258022808743133
0.0271954473514910
0.0297275080829562
0.0353493397439477
0.0372423727449088
0.0337662059464902
0.0299403908186455
0.0268247670843414
0.0249599430847190
0.0287985312750747
0.0344162623183758
0.0337211175746644
0.0312884041351190
0.0305811825235649
0.0276250925320396
0.0238516347100478
0.0217702266796008
0.0190796306657685
0.0178020545568478
0.0203831045722819
0.0228229341321367
0.0200978156791425
0.0154215697215176
0.0115376091681010
0.0086007004108947
0.0080786404342546
0.0090941760253064
0.0085358265505769
0.0073399558074749
0.0064463884088017
0.0054356714387691
0.0041033873792670
0.0028370672127316
0.0019631929343791
0.0015289032116570
0.0015202622079854
0.0017111588062033
0.0015505922577654
0.0011757816162927
0.0007858049545203
0.0004334230707496
0.0002367731336389
0.0001535174081244
0.0001423202033710
0.0001649737206762
0.0001489044376573
0.0001134921615127
0.0000752667559796
0.0000384389119110
0.0000196613328606
0.0000117296950553
0.0000069384199017
0.0000044946098876
0.0000038552555276
0.0000039680649307
0.0000032096865574
0.0000020530030815
0.0000010729901320
0.0000002950546733
0.0000000547080528
0.0000000930848224
0.0000000883273049
0.0000000599099904
0.0000000325188395
0.0000000085145667
0.0000000000863355
