0.0000000000500635
0.0000000000000000
0.0000000000567603
0.0000000000832303
0.0000000141824822
0.0000000001182871
0.0000000161825146
0.0000000236054086
0.0000001142753717
0.0000000339485047
0.0000001585757507
0.0000001979527012
0.0000002041462959
0.0000003940455147
0.0000004276146944
0.0000004844866318
0.0000010989687444
0.0000013945091117
0.0000013263090529
0.0000031378962377
0.0000030345480628
0.0000039146818153
0.0000059363724797
0.0000108319567471
0.0000072615840552
0.0000177945324751
0.0000181789633476
0.0000213449608309
0.0000354205556889
0.0000379809663654
0.0000429157862981
0.0000802449478159
0.0000909459978235
0.0000946819820789
0.0001602262829301
0.0001798722788890
0.0001952747499676
0.0002946817229362
0.0003353687928532
0.0003409601684100
0.0005990692063410
0.0005247493473767
0.0006846688512177
0.0009733384654610
0.0010149011082330
0.0011448285665385
0.0017110837413757
0.0016068667364596
0.0019428797710890
0.0025727313848602
0.0025859394384972
0.0028538789826442
0.0041593240791539
0.0037657232148406
0.0045354996665589
0.0060581810240699
0.0049967417344667
0.0067785951196630
0.0080623687824904
0.0077402277912857
0.0085690702658687
0.0116388359608387
0.0093942964389133
0.0122785892525639
0.0128195105982977
0.0128864283144822
0.0132427561356509
0.0180528463946431
0.0148701329639715
0.0176246835210415
0.0200157051372123
0.0168574812288963
0.0216091395562750
0.0226740223194571
0.0212718475256905
0.0219254303812801
0.0281165879463978
0.0215119190239819
0.0273084970348933
0.0238101203672863
0.0254295369399126
0.0227365824536158
0.0271997719217179
0.0234369861549133
0.0214126909910100
0.0221552647185772
0.0205991982149876
0.0205376048917948
0.0188263083793508
0.0213928254998026
0.0162629406051121
0.0193165411900888
0.0193743132231126
0.0163562710001019
0.0193861567293152
0.0199530610323892
0.0172561611591777
0.0181492654337719
0.0230542102096363
0.0152460609097874
0.0217905262546993
0.0167494237129145
0.0171736325533639
0.0149073095973224
0.0184275884017788
0.0120727195947855
0.0123956909232915
0.0104198981575952
0.0085850595061683
0.0087138749257176
0.0067970870796160
0.0049980493681973
0.0034863237449459
0.0038017701923224
0.0019844426310983
0.0025077473595496
0.0010940540905660
0.0008987556097590
0.0007195515803949
0.0006092901424109
0.0003299629524589
0.0001807176489052
0.0001985951272669
0.0000824954491738
0.0001125869373368
0.0000338300477963
0.0000263273740133
0.0000181594871911
0.0000155430671296
0.0000060223785109
0.0000019295027781
0.0000024891966838
0.0000004968323294
0.0000006802661912
0.0000001036828125
0.0000000392177204
0.0000000718107666
0.0000000006504614
0.0000000045271559
0.0000000005068377
0.0000000000000000
0.0000000000323125
