0.0000007175362892
0.0000000000000000
0.0000316035394656
0.0000000000000000
0.0000043610296080
0.0000000000000000
0.0002101352181139
0.0000000000000000
0.0007999477301529
0.0000000000000000
0.0003163019678745
0.0000000000000000
0.0049416281206791
0.0000000000000000
0.0048846732868097
0.0000000000000000
0.0057250381143334
0.0000000000000000
0.0238125080613819
0.0000000000000000
0.0267241659534186
0.0000000000000000
0.0266241779633571
0.0000000000000000
0.0168461648347737
0.0000000000000000
0.1234725141360161
0.0000000000000000
0.0501090261893453
0.0000000000000000
0.0619721130475584
0.0000000000000000
0.0266497430352716
0.0000000000000000
0.2236261347224671
0.0000000000000000
0.0391403118830728
0.0000000000000000
0.0701669658921837
0.0000000000000000
0.0239837733980445
0.0000000000000000
0.1609699201310387
0.0000000000000000
0.0124418225266015
0.0000000000000000
0.0372299851452673
0.0000000000000000
0.0113124160004966
0.0000000000000000
0.0362939870936451
0.0000000000000000
0.0022312417154303
0.0000000000000000
0.0070469642253278
0.0000000000000000
0.0020305629796408
0.0000000000000000
0.0000089044027298
0.0000000000000000
0.0003921901196050
