0.0000000814928370
0.0000000713036608
0.0000002063747885
0.0000001965871314
0.0000002340094164
0.0000005463624040
0.0000040935269970
0.0000049324769671
0.0000099415234798
0.0000114191650464
0.0000134676104697
0.0000280546375707
0.0000554256417735
0.0001056395257564
0.0001185545089128
0.0001917771862944
0.0002277260023878
0.0003649104783524
0.0005405003021807
0.0008242987245048
0.0010380875361184
0.0013604931031706
0.0017871909173610
0.0022857561603351
0.0034131933286386
0.0039082833393262
0.0049630909115250
0.0058677377314786
0.0080340039575218
0.0096528182850599
0.0117535771392302
0.0126291532317715
0.0143000662065375
0.0193164030535013
0.0224700204344968
0.0251970011125936
0.0241103752977473
0.0281768012326115
0.0339645895701926
0.0399603869320760
0.0378578418016725
0.0348884285455532
0.0404141466830859
0.0479434325605727
0.0473746876705738
0.0387610879404896
0.0390278226254687
0.0460228673846787
0.0464584652376076
0.0359496490615493
0.0316587847147618
0.0365577836815326
0.0372252402062173
0.0276462517438883
0.0217582746396251
0.0242337615069966
0.0246971312826245
0.0179691451907439
0.0127173110300288
0.0135912430623965
0.0135953235619919
0.0097089058134283
0.0063726731111613
0.0065049283131462
0.0063033606189222
0.0043213480458576
0.0027163293697722
0.0026431637371494
0.0024751255181541
0.0016054595266980
0.0009671589353238
0.0009060613679632
0.0008139044145998
0.0004926910681213
0.0002840463503888
0.0002594144635188
0.0002231207488050
0.0001213358406850
0.0000665407245205
0.0000602856735740
0.0000503911394546
0.0000242175972488
0.0000114194019014
0.0000108718673659
0.0000088874204868
0.0000039440518876
0.0000012695171082
0.0000014321659000
0.0000011392096551
0.0000004516343857
0.0000000784602929
0.0000001228193430
0.0000000978346797
0.0000000245835616
0.0000000021432646
0.0000000050673759
0.0000000043493883
0.0000000000216677
0.0000000000189586
