0.0000000008444725
0.0000000009033714
0.0000000007986827
0.0000000031725581
0.0000000034318783
0.0000001616518079
0.0000001773446296
0.0000001639160368
0.0000006325446915
0.0000006934821911
0.0000017898010398
0.0000028050525834
0.0000038406841767
0.0000113855412339
0.0000141765682308
0.0000165054347405
0.0000351482789304
0.0000454957467226
0.0000811957975938
0.0001241377140413
0.0001751481913947
0.0002837544955935
0.0003570223206511
0.0004730324687363
0.0006871135652588
0.0009353963951738
0.0012367022646838
0.0017848745236391
0.0024665782285415
0.0030108107508858
0.0034059031318814
0.0046973445498380
0.0055057622139018
0.0062282297920660
0.0092681109058463
0.0112527983902018
0.0125874487229428
0.0139484156563261
0.0163683667383752
0.0183114748728350
0.0191564022978976
0.0238491108514082
0.0290271829008978
0.0304197079835752
0.0314329370690749
0.0335407877765328
0.0359396441144699
0.0349815457455335
0.0368403000887894
0.0437102432240214
0.0421541062275883
0.0406223477441883
0.0414512092335266
0.0414095202353906
0.0374544858900706
0.0364562122737464
0.0389726293561743
0.0336900549692771
0.0313735716924569
0.0305186820505201
0.0276156476224620
0.0235736960075973
0.0222649278387361
0.0204768623388205
0.0160869439180157
0.0148430189933544
0.0131099711505131
0.0105887412164931
0.0088026578753284
0.0078824382600482
0.0062099254125216
0.0048149735771132
0.0042680450795045
0.0031961442743394
0.0023836386897049
0.0019809039781097
0.0015561519796744
0.0010608005984936
0.0008694274691370
0.0006756152196246
0.0004175963035733
0.0003134964807265
0.0002479076520835
0.0001542622039128
0.0000949736124554
0.0000779128998702
0.0000443495199352
0.0000246832056190
0.0000196073547296
0.0000111995850471
0.0000043139242522
0.0000029107499032
0.0000022493395973
0.0000004738817069
0.0000001207773493
0.0000001033198005
0.0000000177403408
0.0000000006637095
0.0000000005763488
0.0000000000959202
