0.0000000000000000
0.0000000000000000
0.0000000000000002
0.0000000000000007
0.0000000000000014
0.0000000000000467
0.0000000000000649
0.0000000000001728
0.0000000000003329
0.0000000000005619
0.0000000000016316
0.0000000000033168
0.0000000000066242
0.0000000000122260
0.0000000000255952
0.0000000000431952
0.0000000000877718
0.0000000001518324
0.0000000002661278
0.0000000005044522
0.0000000008755586
0.0000000015456820
0.0000000025722843
0.0000000044325886
0.0000000071278721
0.0000000124943079
0.0000000200660818
0.0000000329523472
0.0000000536082413
0.0000000838671450
0.0000001346997636
0.0000002057459372
0.0000003285163606
0.0000004913772239
0.0000007655088289
0.0000011465257599
0.0000017096632019
0.0000025733338291
0.0000037123987792
0.0000054946680700
0.0000078410121315
0.0000114396446640
0.0000161047217841
0.0000228079337038
0.0000319707800987
0.0000439130173696
0.0000613932622639
0.0000828710630695
0.0001130780725381
0.0001517153854661
0.0002017555585384
0.0002671746535972
0.0003494006153572
0.0004558913593065
0.0005863232907884
0.0007528291883051
0.0009542633072093
0.0011982742163968
0.0015026385518156
0.0018550472104711
0.0022837884447186
0.0027958115623861
0.0033674145796746
0.0040624958095541
0.0048301594334257
0.0057050226177432
0.0067092105507648
0.0078001476851323
0.0090313336552492
0.0103495972473046
0.0118048113413929
0.0133068440108357
0.0149378482833539
0.0166231623616012
0.0183409132415105
0.0201530061963116
0.0219424750985713
0.0237130447881780
0.0254275220492983
0.0271148000031083
0.0285429359841383
0.0300149056942102
0.0312703416327082
0.0322384324444027
0.0332324255245452
0.0338604579347337
0.0341402258267124
0.0343859657787275
0.0342331945607630
0.0336199827141240
0.0332761155847709
0.0322985834217156
0.0311355982260570
0.0302222121588738
0.0285809744681479
0.0270224912825318
0.0255565034437024
0.0235867271685230
0.0218166291850936
0.0202141833203938
0.0182564289559990
0.0166204055179479
0.0150711416180776
0.0132966136284769
0.0118650908954449
0.0104590102776888
0.0090118729055552
0.0078735649740183
0.0067795345516425
0.0057345146439592
0.0049318848584727
0.0041416919425156
0.0034349964222091
0.0028836396532116
0.0023485353267934
0.0019068652581606
0.0015613493224282
0.0012412758976598
0.0009924526190276
0.0007958126100353
0.0006170286811765
0.0004834482534176
0.0003751002767635
0.0002819611006511
0.0002152185087944
0.0001618097748464
0.0001185714895422
0.0000889722155341
0.0000650152983135
0.0000465120188339
0.0000340114139966
0.0000237158725211
0.0000164441543392
0.0000115065939936
0.0000076457961432
0.0000051445201873
0.0000034588525051
0.0000022129735234
0.0000014512568679
0.0000009254596146
0.0000005654925037
0.0000003473681534
0.0000002053516876
0.0000001138248047
0.0000000611393818
0.0000000331522714
0.0000000147975070
0.0000000067864515
0.0000000031046851
0.0000000008771175
0.0000000003606132
0.0000000001016562
