0.7189469288358051 0.1101358622532830 0.8818653490985533 0.8031821754589903 0.1788567529397139
0.7189553654774257 0.1101365776333760 0.8818745624380648 0.8031618275271746 0.1788552215363858
0.7189746690430039 0.1101464919622201 0.8818699140016233 0.8031758202542352 0.1788585478821980
0.7189567835887590 0.1101405702197494 0.8818673411479095 0.8031642226469731 0.1788334527177609
0.7189504667018679 0.1101378186707093 0.8818771296306440 0.8031843545755880 0.1788661243402720
0.7189444131428538 0.1101346384179942 0.8818600971565240 0.8031759143921070 0.1788391935387151
0.7189494927312856 0.1101286620919259 0.8818658562085879 0.8031678337399051 0.1788489444437404
0.7189416337682507 0.1101348764866043 0.8818767044426054 0.8031754297826308 0.1788377782457768
0.7189843198433222 0.1101424594760088 0.8818760606801296 0.8031835191219571 0.1788534410102658
0.7189829782863386 0.1101359417175372 0.8818650104090510 0.8031816842017638 0.1788647157517066
