0.9953217194365237 0.9828355282113320 0.9246922205993373 0.6331673441754105 0.0313213696431661
0.9952760079281393 0.9826709423965616 0.9245072828385426 0.6321237127478976 0.0310293519617977
0.9952917873136342 0.9828997406325408 0.9239335825293836 0.6327234635211351 0.0314191618494857
0.9952498498326612 0.9826597030097424 0.9242542397850597 0.6298062150660062 0.0312150872426366
0.9952769782848933 0.9827754648391978 0.9244792202770926 0.6310371561278471 0.0313872264682661
0.9952738514184537 0.9827025161799644 0.9240750408244539 0.6333979685842357 0.0314095400864155
0.9953433545613599 0.9828082763197012 0.9246249825014794 0.6339785605314717 0.0316731111211966
0.9953380496411347 0.9827147713637903 0.9242857161399235 0.6327667277147938 0.0313623396949243
0.9953206010711825 0.9827795268147349 0.9236847952356400 0.6314612958101383 0.0311018987666835
0.9952436357654205 0.9829253136213661 0.9244504024725076 0.6320696629213176 0.0313953156889323
0.9952263486631658 0.9827931601756525 0.9239005419919282 0.6319782641273335 0.0313435147102701
0.9952450811584889 0.9826037410695935 0.9249830400611860 0.6331318085767463 0.0313567616649891
0.9953541947787486 0.9826552518239281 0.9247012913674566 0.6324213804032770 0.0316661263780387
0.9952664903610424 0.9826900784013424 0.9249103400038401 0.6328982340405285 0.0314904520941798
0.9952792264792398 0.9827029677742740 0.9231159197014026 0.6313497145841724 0.0311482700893750
0.9952440456859444 0.9830479127508045 0.9237381317075967 0.6320349108671418 0.0311552364478585
0.9953261645376266 0.9827330550506547 0.9243155892677579 0.6342597032857620 0.0313503273750381
0.9953211992559989 0.9827854444145243 0.9235445399651075 0.6336820572346321 0.0314066352322289
0.9952346147215918 0.9829917319930368 0.9240106268472301 0.6324351226061943 0.0312443434042318
0.9952996415642481 0.9828569648427455 0.9252471293288098 0.6316333392923836 0.0312792852264160
