0.6301043257543326 0.1481437811027106 0.0127661203399607 0.2947605809840940 0.6268299330587821
0.6301509951585368 0.1480254265598347 0.0127623517868759 0.2946670242385397 0.6267344386858374
0.6299570865728953 0.1481001959068954 0.0127500698495310 0.2948006385428757 0.6267584164477906
0.6299518817904065 0.1482384844932556 0.0127409420702487 0.2946124712717584 0.6267761493678584
0.6299575979189227 0.1481125370237787 0.0127592129128026 0.2949065957735164 0.6270027475456231
0.6300766153751809 0.1482280931388801 0.0127551438702053 0.2949249117114073 0.6268913041107097
0.6301953190540188 0.1480972414349266 0.0127409751558191 0.2947912162197899 0.6270039936969133
0.6299195045354050 0.1480623447341100 0.0127618060704920 0.2947264306005307 0.6267406996288989
0.6301696269234872 0.1480958972823929 0.0127311667899650 0.2945377363746537 0.6268078145349785
0.6300003545732830 0.1480408850725410 0.0127534988708729 0.2948915185634969 0.6268907995377379
0.6300301820276960 0.1481307108103528 0.0127711832462462 0.2948107961630521 0.6270788180162009
0.6300165579609195 0.1481303309620284 0.0127464249205249 0.2947865529754243 0.6269087516714423
0.6300354615212578 0.1482428869404959 0.0127517819894877 0.2946963373380467 0.6271688669471061
0.6300603218929588 0.1480082833821409 0.0127620549542924 0.2948359421337287 0.6270276551997946
0.6301603807779695 0.1480442298263564 0.0127756772989266 0.2948111373375590 0.6271318220146146
