0.2973422025722373 0.6478272708659617 0.4303348209735205 0.9574586413819619 0.0749459337257420
0.2981108342075401 0.6484417262278095 0.4316144343102866 0.9584542350233914 0.0747863211199336
0.2977566481586071 0.6496898055410706 0.4317435286024988 0.9583840216534530 0.0751842108528702
0.2975184360985615 0.6504422539197918 0.4304543216116506 0.9580169422316577 0.0749925274218159
0.2980992680767182 0.6485929372140206 0.4298987047127074 0.9578905598062660 0.0755396503641751
0.2993073269080925 0.6507535140496882 0.4332948626743437 0.9585546951739246 0.0762359989200580
0.2984663928879315 0.6497536509881445 0.4279747308588632 0.9582529612738714 0.0748624100292179
0.2990787733655783 0.6500632581786188 0.4313504227073964 0.9584091696109324 0.0757736179784564
0.2985053381855137 0.6493690344309836 0.4322992566628829 0.9582763226859409 0.0750241665510901
0.2957798792845905 0.6507674707023280 0.4290091280934560 0.9579611247716739 0.0750218934219758
0.2986067354112844 0.6494370656985460 0.4318433832505865 0.9582235390061722 0.0753376023606870
0.2975756131440372 0.6479184131159460 0.4312379933648722 0.9577237856968459 0.0745566603360638
0.2986884716364561 0.6496730712901151 0.4289930910203387 0.9581880354675493 0.0747902430519025
0.2983239556191445 0.6497582441410928 0.4296637984234046 0.9584346540173856 0.0755421289913696
0.3007953910007942 0.6504796214012362 0.4315727495322127 0.9584017749221357 0.0756342130100371
0.2976721972220834 0.6490319077490816 0.4311256960134525 0.9579524143721263 0.0755677313321973
0.2974687704609804 0.6476040535643621 0.4309680426617118 0.9583230643227320 0.0745795090528624
0.2969949199670144 0.6509034408326064 0.4300675879768391 0.9577661262169790 0.0752060225916311
0.2965624860272746 0.6467070716605945 0.4263591913372630 0.9578995408051952 0.0750428166441490
0.2984109748574801 0.6494580701782485 0.4305154665917604 0.9577187210007385 0.0751849867041104
