0.2495328543208830 0.4064370679289628 0.6840119973856706 0.2088421987229730 0.8169064220420765
0.2525867149424072 0.4034034723904267 0.6823511495949547 0.2091526672624577 0.8149416166246048
0.2504029001913609 0.4069547756638007 0.6833227624183863 0.2087218041919655 0.8161278256151839
0.2506297487771505 0.4047354154333572 0.6851784125736547 0.2094172260854546 0.8161745979515121
0.2517607031130114 0.4050481366440178 0.6865716833965761 0.2080976028100657 0.8153670369086155
0.2507381600391115 0.4059327574626003 0.6824509229892507 0.2081878929069016 0.8156405668796819
0.2509315667000732 0.4065096236507834 0.6819871425812389 0.2097413432312669 0.8156088273385311
0.2510201085368217 0.4050055178143769 0.6816804121790205 0.2093841430890912 0.8140550562241273
0.2532578344128799 0.4061262297886723 0.6846292827126498 0.2106117586849343 0.8157295816978314
0.2521545353075856 0.4044664645375515 0.6823913494344116 0.2083347305837800 0.8154876265953014
0.2502334215774158 0.4059115822500577 0.6837355166712894 0.2091610969965536 0.8164010856567493
0.2518399165268186 0.4070379369798588 0.6820607720877453 0.2090662045190607 0.8151248339503144
0.2515070159260221 0.4077795136812440 0.6831068997845441 0.2096258868567061 0.8161835322202701
0.2501810183039412 0.4039006371806853 0.6825580399158822 0.2083516391081394 0.8143833603016298
0.2508524644011935 0.4041698806608991 0.6843434978003330 0.2093815601889275 0.8145297058762682
0.2527457181867037 0.4061502712397757 0.6816479013488485 0.2095940024227971 0.8146172941468719
0.2521604805614120 0.4071719532475299 0.6820500001935125 0.2101794722630337 0.8154876048897886
0.2500971800997854 0.4056118089089815 0.6836236379556759 0.2086073195239150 0.8163540196855263
0.2537953675904502 0.4068083993061216 0.6833921012216602 0.2101267594959732 0.8144049716976912
0.2526326191283655 0.4062160452018144 0.6838760206376628 0.2092545135278802 0.8153982930794907
