0.0684717935063096 0.1482897430041296 0.2484305795397359 0.4056540143186823 0.1985446573329115
0.0692787282568768 0.1479987005500365 0.2498000546202299 0.4082845220349154 0.1978878030592912
0.0682620233929116 0.1491084173586489 0.2490807415500949 0.4052520593697478 0.1972396162076809
0.0688554869218033 0.1491248626315237 0.2481816474133397 0.4048113181761041 0.1978024862252089
0.0680386565848139 0.1475278417971140 0.2464840576711376 0.4040810064044136 0.1987381066219355
0.0684637885319662 0.1489329781398999 0.2500040234341455 0.4063467747701848 0.1974932758291701
0.0683142194208174 0.1489311255204878 0.2483527056490883 0.4048131614297719 0.1970030999409376
0.0684277402104365 0.1482420646172315 0.2486275172901332 0.4043368213204054 0.1979878149852198
0.0690154390467693 0.1497082445845196 0.2508112450650520 0.4069471463747069 0.1992203674253195
0.0689326487988785 0.1484354762809556 0.2474703300279827 0.4033926726561279 0.1978578760632101
0.0682620233929116 0.1491084173586489 0.2490807415500949 0.4052520593697478 0.1972396162076809
0.0691539527487580 0.1491502745125228 0.2485127769634076 0.4060032528350980 0.1975706907580121
0.0680547858366402 0.1496984367161074 0.2489758307711738 0.4067468310155235 0.1977997994857020
0.0688172736750276 0.1483776420888078 0.2495925300954836 0.4032111668358749 0.1974649819524423
0.0690120322583203 0.1483658773278241 0.2509503504662735 0.4072798659512904 0.1973426300049086
0.0688442733075525 0.1482802698012137 0.2483664445552434 0.4044845770983521 0.1979920512381694
0.0681244060803755 0.1499023657074193 0.2480581088078607 0.4049711144116476 0.1975199785042778
0.0682134750382719 0.1479721678848964 0.2475849163765700 0.4071398668443448 0.1974911547529822
0.0684728606635012 0.1496254732491086 0.2501476216921563 0.4084310510763163 0.1990649851124693
0.0686473432956012 0.1476696489442959 0.2479514690840272 0.4050391660686243 0.1974175710265153
