0.9980900886083067 0.3544152589451939 0.3039863119581699 0.6777055468632408 0.7427938041622600
0.9980788070162492 0.3553691820430057 0.3023978296757933 0.6794218507742638 0.7396184464469264
0.9980957276099616 0.3559276725942448 0.3004952667278328 0.6757895150678871 0.7390402999016987
0.9980129487667635 0.3527427550633004 0.3034375505696700 0.6760895102456713 0.7398396116188644
0.9980404977286715 0.3530490713329573 0.3015347913245273 0.6756853140345082 0.7400500810579949
0.9980160794190776 0.3520319573728138 0.3031748365467893 0.6771279984395151 0.7395377517817786
0.9980287879513853 0.3525680091388844 0.3024656061207148 0.6776322829648087 0.7388374159398319
0.9980632288267409 0.3548438440057171 0.3026031454904219 0.6767433069313348 0.7406223630992120
0.9980699316139066 0.3522012773768277 0.3013809824566616 0.6788605634557510 0.7398356722705299
0.9979866205981784 0.3527030013988583 0.3032012053328643 0.6779273516091038 0.7391590905592037
0.9981067524050162 0.3559654478384428 0.3012802818041364 0.6750151830085968 0.7390290011660242
0.9980686947588647 0.3548122214694562 0.3004988209931748 0.6775998589687178 0.7403370069717110
0.9980749744851967 0.3540246107678363 0.3030882049670115 0.6791456243938245 0.7419743404736581
0.9980452895924561 0.3525539805196462 0.3008211816499419 0.6775298268022238 0.7394902038621706
0.9980781996816551 0.3521100865648397 0.3025024069954867 0.6790133784797433 0.7403137148434403
0.9980753698572575 0.3541229655942077 0.3023878732781706 0.6768608366234102 0.7389367666787016
0.9980697713389854 0.3540459694514236 0.3038234847115115 0.6792877366235520 0.7421258287472589
0.9980415138947539 0.3536077907679372 0.3022380949487022 0.6771923267658481 0.7417100239690334
0.9980775495679164 0.3550239415281157 0.3027150251895874 0.6756076361854442 0.7411103355276397
0.9980510532386828 0.3543699874891272 0.3036877094158162 0.6786257738222702 0.7394545047798611
