0.9979988302769602 0.7894844484666503 0.8059479335310420 0.9485920895439589 0.7620561990626377
0.9979985882298745 0.7894749141851399 0.8059494657421916 0.9485883424145941 0.7620224142970584
0.9979987950125165 0.7894898387566628 0.8059521023797624 0.9485969887497634 0.7620314911702591
0.9979986349596230 0.7894693533822681 0.8059222337763046 0.9485930150663905 0.7620032740161441
0.9979988643819162 0.7894789132288145 0.8059527357159534 0.9485917780120240 0.7620238872536672
0.9979986154733509 0.7894771032849062 0.8059507535450912 0.9485964582068712 0.7620290266183491
0.9979985522984708 0.7894683509380206 0.8059575370062864 0.9485916218219844 0.7620298160403499
0.9979984649786243 0.7894741359114560 0.8059490768696067 0.9485967204722593 0.7620143372017788
0.9979988022084867 0.7894908746575929 0.8059463678495777 0.9485995214542041 0.7620142390678043
0.9979986934299279 0.7894984309393257 0.8059559770250485 0.9486004928685373 0.7620237385849084
