0.9971607886726745 0.5977790762104728 0.9669853694169029 0.9997817323248774 0.7669889072937733
0.9971610033730924 0.5977501360534873 0.9669945140054997 0.9997817783729028 0.7670172488343903
0.9971609531074498 0.5977736548999916 0.9669942352912555 0.9997817979676857 0.7670016163108994
0.9971607663041223 0.5977794896310117 0.9669929809228516 0.9997817869185800 0.7670138496094119
0.9971607411944974 0.5977580004613310 0.9669877350100362 0.9997817314555744 0.7669985818191956
0.9971611346479891 0.5977684393632746 0.9669907933989087 0.9997817408431695 0.7670239329345910
0.9971606433382905 0.5977447771907176 0.9669897980197760 0.9997816990982119 0.7670228024577960
0.9971603526499557 0.5977735926559956 0.9669897112412201 0.9997817661683214 0.7670153318290130
0.9971604640136553 0.5977589933299357 0.9669940239722598 0.9997817471366652 0.7670008469415648
0.9971608165175603 0.5977820081455352 0.9669926024528480 0.9997817093585640 0.7670185993167939
