0.0178582830082038 0.0456702662885348 0.7172048120627903 0.9900407457469855 0.3159265731416219
0.0178228511566978 0.0456942769674566 0.7170713902349620 0.9900455197208118 0.3158956907431436
0.0178636476246915 0.0456197691571827 0.7171167212366065 0.9900512299943224 0.3158013747987019
0.0178607896639313 0.0456592602767787 0.7170776219914595 0.9900589095566913 0.3160651007393060
0.0178626367247567 0.0456976735682435 0.7170760604406304 0.9900459603809501 0.3160245008828020
0.0178255804181940 0.0457228719731487 0.7169605481697306 0.9900639674582771 0.3157935720149599
0.0178278004218082 0.0456474046674306 0.7168559501348519 0.9900255862577149 0.3158110276170201
0.0178429004612915 0.0456349702242338 0.7171026820146441 0.9900331091841745 0.3159821152299196
0.0178372178221354 0.0457134944445305 0.7173728684408507 0.9900541185591826 0.3159090157558156
0.0178816091416679 0.0456651620682187 0.7171557308200576 0.9900557685687742 0.3159951227114438
0.0178385841953054 0.0457044115982700 0.7170677369893342 0.9900476570366066 0.3157348207795360
0.0178739785906234 0.0456690125241417 0.7171344770135637 0.9900533209370839 0.3160901207463526
0.0178255796742116 0.0456612509685398 0.7171437803290482 0.9900385515549978 0.3158133480045586
0.0178488197680195 0.0457102379541264 0.7171639093414022 0.9900386863280675 0.3159415483937999
0.0178474905156701 0.0456393699366024 0.7170654634088551 0.9900489267872670 0.3157633414076665
