0.0166904042127388 0.0177049901425780 0.0291485937637752 0.0899426700253531 0.0300426278908947
0.0166626000554351 0.0177268730430150 0.0290963437590683 0.0898441018680136 0.0300771857166091
0.0166754989034772 0.0177269883390725 0.0290755685276967 0.0898847977150107 0.0300108549245589
0.0166983757185503 0.0177079558489869 0.0291178159888262 0.0898279305048970 0.0300545755677420
0.0167046131824255 0.0177330980907097 0.0290921851336269 0.0899296878726046 0.0300564608557957
0.0166931050531992 0.0177102061472108 0.0290959717194000 0.0898899096784253 0.0300719634320273
0.0166770123665660 0.0177288441862955 0.0291081268007464 0.0898572504894340 0.0300580629837961
0.0166731089753018 0.0177109860989145 0.0290813815094374 0.0898827023505991 0.0300800302204528
0.0167183064017412 0.0177418770272355 0.0291237243681690 0.0899456988015904 0.0300971613273174
0.0166893499741488 0.0177282355358107 0.0291038939916495 0.0900059303711289 0.0300980059805875
0.0166772144088568 0.0177339279697119 0.0290988155455657 0.0899474128806266 0.0300664630619332
0.0166900087254419 0.0177359102153342 0.0291061231374866 0.0899619205738127 0.0300850557492048
0.0166982481964923 0.0177310434996950 0.0291150731094257 0.0899637047509871 0.0300491819271480
0.0166893499741488 0.0177282355358107 0.0291038939916495 0.0900059303711289 0.0300980059805875
0.0166801221781026 0.0177183813415248 0.0291136365556575 0.0899535403693250 0.0300942718889954
