0.6306506248275778 0.1488846313557664 0.0127916844204405 0.2971272345076563 0.6284234131830059
0.6306210478395704 0.1471191221376753 0.0127120520736330 0.2941926532134040 0.6267469972693990
0.6305465114256767 0.1492555971497179 0.0128414286992449 0.2970090939202094 0.6290619514738506
0.6319521764093537 0.1466090020799865 0.0129415438085621 0.2947676700006727 0.6250918293237813
0.6305719879548400 0.1481230423405835 0.0128888448752760 0.2963451976510839 0.6277175870686689
0.6304590380526409 0.1485265178009282 0.0127679631874274 0.2952006426688955 0.6276006935315140
0.6340348623778773 0.1482784768389733 0.0129371748456664 0.2964333839683857 0.6296527393960959
0.6326843505120696 0.1469166392981363 0.0127343132233426 0.2944026179554334 0.6289281727023530
0.6319716339969220 0.1479973951334916 0.0127022802407857 0.2957129734681319 0.6268565568017194
0.6311820849545774 0.1483305666378482 0.0127698510162916 0.2936288517593619 0.6267763223971322
