0.9980503404773966 0.7913905929165632 0.8060976770326875 0.9493814905306667 0.7619356698177189
0.9980134560279925 0.7892799876870541 0.8048224589570979 0.9493179772509155 0.7593954777950516
0.9979945143379225 0.7898149961502396 0.8051199060337022 0.9492940556859036 0.7609128298671166
0.9979779326082816 0.7887761610514987 0.8056087841517232 0.9487926405286573 0.7597382279886575
0.9980126334659594 0.7885622669335222 0.8043782805560782 0.9493227996770885 0.7612291967005294
0.9980290178281880 0.7888434673455518 0.8042053799175690 0.9488865098026198 0.7625767045920165
0.9980179450261699 0.7895879222777494 0.8061757660738931 0.9490280933820318 0.7607568422060398
0.9979851475287149 0.7891426072170904 0.8057956138685624 0.9487053082329588 0.7604292036975150
0.9980295014094717 0.7904972368376381 0.8052123368358237 0.9491063891944627 0.7615677336102396
0.9980173879002492 0.7887321913867904 0.8057527544024258 0.9489621797454836 0.7619141045998327
0.9980503404773966 0.7913905929165632 0.8060976770326875 0.9493814905306667 0.7619356698177189
0.9980217617561248 0.7888552655659768 0.8044795867689923 0.9490589907809949 0.7593250208223582
0.9980211757776145 0.7897978672047483 0.8050396937608992 0.9487803200644119 0.7605201241137729
0.9980180473274116 0.7883725821585430 0.8038785199139091 0.9489311039428859 0.7609792480165719
0.9980587504099820 0.7898146533289652 0.8056009273328042 0.9484700256627654 0.7604303890942921
0.9980050385590400 0.7890049175370035 0.8031053764864770 0.9491965592058449 0.7610127783499272
0.9980154631885853 0.7891285939306776 0.8052817916740725 0.9493233492778912 0.7607166000711107
0.9980300799660984 0.7894760231177312 0.8061231418792619 0.9493351899573029 0.7623259923902532
0.9980246841811019 0.7905032744282979 0.8045928365894177 0.9486414194309408 0.7599582938395578
0.9980286353903222 0.7875065032376717 0.8048680178760762 0.9490350752745836 0.7614676192903237
