0.9980045916887595 0.7894997977019377 0.8059008578068472 0.9486510827405252 0.7619336387150443
0.9980017407421624 0.7894412631393923 0.8057796004000822 0.9485854829958241 0.7617244929503063
0.9980040987569191 0.7893839003806997 0.8059754968263170 0.9486358836257412 0.7619913173102394
0.9979991705941041 0.7894396261914749 0.8060886942370643 0.9486405438261670 0.7621203504034482
0.9980026057881017 0.7896115485317469 0.8059076407883542 0.9486236309508985 0.7619294121144621
0.9979982349597594 0.7893964920841063 0.8058053038912377 0.9486233679356941 0.7617902599345665
0.9980016165348236 0.7895502203755420 0.8059259965472193 0.9486565490871618 0.7618306863634534
0.9980004078770509 0.7894329070652096 0.8059806955785660 0.9485845131252727 0.7620872153637980
0.9980012929490669 0.7894535017285864 0.8059604319892333 0.9486987447049824 0.7620687808475594
0.9979996226351394 0.7893876937453724 0.8057469313286785 0.9486215556850590 0.7618315878628485
0.9980015866646993 0.7895727132354404 0.8060876189665318 0.9486975751537258 0.7618517387500802
0.9980001555028166 0.7894304001172929 0.8058974682342764 0.9486213047084427 0.7619556825530884
0.9979982135843081 0.7893432573992711 0.8058285821404800 0.9486172230353711 0.7619403900516822
0.9980029390057396 0.7895812120783449 0.8058799033033164 0.9486413252048821 0.7618947620726582
0.9980067105698270 0.7895403514656437 0.8061709568163747 0.9486494981523257 0.7620188933410765
