0.9980541202688502 0.3530431498921607 0.3013718153710373 0.6780504195415693 0.7411791865196151
0.9980537287978476 0.3532535304907677 0.3012838152452975 0.6781220624732681 0.7409543435410209
0.9980553400603936 0.3531140819645421 0.3014514293083639 0.6782536420684688 0.7410992080330699
0.9980543199856777 0.3533231039134647 0.3012416312386461 0.6779369760588372 0.7411250042289571
0.9980511398922062 0.3533649854480416 0.3015341691158367 0.6783124056526784 0.7409533749501396
0.9980543563272092 0.3532983101582275 0.3014200210303534 0.6783469270150503 0.7410068706777327
0.9980561903946539 0.3532657929025678 0.3015844586046399 0.6780574601227957 0.7412214293768761
0.9980549196588225 0.3530888118049071 0.3015730485925519 0.6782362871827543 0.7411773545436315
0.9980552357141205 0.3532341599382626 0.3014497359759997 0.6780757863049695 0.7411387406559373
0.9980516081223064 0.3534914243874915 0.3015355925209372 0.6781789821553365 0.7411886821693090
0.9980546120064229 0.3533876035936366 0.3016305440961581 0.6779981937700430 0.7412174111973538
0.9980530742645464 0.3533461402792138 0.3011737796806954 0.6781755127978536 0.7409413392638848
0.9980544704297455 0.3530827260962435 0.3011545217920315 0.6780712505374219 0.7410101763955048
0.9980516081223064 0.3534914243874915 0.3015355925209372 0.6781789821553365 0.7411886821693090
0.9980528534821741 0.3534001252498495 0.3018435304361814 0.6782921210641033 0.7411382268223423
