0.3770272495213486 0.8632852375847975 0.4451231497044827 0.8177748254887393 0.2024670228924295
0.3770083496654177 0.8633872237895037 0.4453199762401417 0.8177102112874546 0.2025842050864457
0.3770426813485894 0.8632677990815418 0.4450905487431390 0.8174431651432384 0.2023414516600135
0.3769153698333310 0.8634356136291642 0.4451415514057392 0.8178320333076243 0.2026236252817956
0.3772337522411039 0.8632945083382254 0.4449863007875635 0.8176338912332868 0.2024021805703843
0.3772111276531543 0.8632731239768044 0.4450669532233429 0.8177114987139789 0.2024027432873544
0.3771147155822848 0.8633888843197900 0.4452796214050568 0.8176911379815267 0.2025699714522954
0.3770671313037747 0.8632373416616490 0.4451081808564912 0.8175480240829869 0.2024258006254400
0.3769724466404350 0.8633066945002849 0.4450028659726536 0.8176627799319773 0.2025675207496243
0.3770505576122825 0.8633651760739932 0.4452793375146243 0.8178493724624143 0.2024373316819633
0.3770811021512533 0.8632355150821871 0.4450880940312343 0.8177318452236446 0.2023931713568478
0.3770813722978783 0.8633739593430479 0.4450243071893865 0.8176009817036629 0.2024708450815681
0.3772887603854543 0.8632661081082129 0.4450529322738301 0.8177191546197211 0.2024196841341480
0.3771623540953239 0.8633321279937317 0.4450038488940615 0.8175608583655384 0.2024545802352164
0.3770931473612976 0.8632241100012008 0.4450118541816849 0.8177208762279772 0.2023510432257231
