0.0075234378083253 0.6517246121666361 0.1099055674199055 0.2027735179925153 0.6455324305151143
0.0075991728003523 0.6532125073190822 0.1088240708161206 0.2031998692137363 0.6471116279454291
0.0075074343168605 0.6501614517393749 0.1087759100699929 0.2007550956821136 0.6461064241228217
0.0077455051591996 0.6541728906727596 0.1096878722514508 0.2031795156374596 0.6469049592951919
0.0073840007861608 0.6504499104444437 0.1076631606368544 0.2018001083592934 0.6474322979043140
0.0075301088013340 0.6508903108007883 0.1096519372270790 0.2016864015432828 0.6448606016693734
0.0073904568615274 0.6507119201042162 0.1071456429738919 0.2024073551433779 0.6460071976085795
0.0075116482244273 0.6529976893431900 0.1088280678529976 0.2026082289052921 0.6454814346205170
0.0076155008465345 0.6530901108392932 0.1088486066137691 0.2021990295635789 0.6447665529924478
0.0074671312473473 0.6497735926211323 0.1086969724836060 0.2000385348436647 0.6467016972142344
0.0076098904224199 0.6504787510883083 0.1097266825840857 0.2035845725777455 0.6467496174023467
0.0074763361177950 0.6506667032237488 0.1094029364697694 0.2006911219914475 0.6439523620223891
0.0074550596324563 0.6513823940667425 0.1077705120004804 0.2027988519778068 0.6458644937309020
0.0075218462726842 0.6527097475432070 0.1084449637275274 0.2031302003036366 0.6467026558508743
0.0074587853074525 0.6508398888850936 0.1090048772937566 0.2024494044237267 0.6469142603633824
0.0074733587979996 0.6509412043328173 0.1094770751309730 0.2035087459878345 0.6479064051483473
0.0076126206710079 0.6520581319784968 0.1089924783836571 0.2038389631211792 0.6471613487192215
0.0073666929305832 0.6517355825536012 0.1080655063598809 0.1995783906264449 0.6430113401817648
0.0075016999080802 0.6505224168430142 0.1093258658306820 0.2002626558388829 0.6441063470790983
0.0074732452953941 0.6503836608958830 0.1082566726393367 0.2016196181571855 0.6451470825115083
