0.5859142565726134 0.3046379161904639 0.0007317758691662 0.1168694202794841 0.6972815811580738
0.5859443304511331 0.3046813562791465 0.0007318807078750 0.1168724004543824 0.6972944191963357
0.5859459302384088 0.3046776691578033 0.0007318228608739 0.1168832818097882 0.6972839543098435
0.5859382069587388 0.3046546795153663 0.0007317637447262 0.1168693057812784 0.6972887486213657
0.5859510252796439 0.3046585962841912 0.0007319440445927 0.1168933498974587 0.6973071848292338
0.5859594068188623 0.3046829697886447 0.0007319957233525 0.1168851192762748 0.6972994637805400
0.5859577531745794 0.3046825358991718 0.0007317578386846 0.1168788511453575 0.6973087265851434
0.5859472517731470 0.3046621184571368 0.0007318366254302 0.1168847848188532 0.6972862775238591
0.5859627945770168 0.3046669830949390 0.0007318144943667 0.1168817794960468 0.6972994967640176
0.5859525834620022 0.3046636952536548 0.0007318356830166 0.1168832975853032 0.6972703794189894
