0.6537443817678903 0.9766192921340739 0.3118547118420525 0.1087563569825167 0.5625221006771088
0.6537523646646060 0.9766219536219043 0.3118521835578612 0.1087504045404241 0.5625227352066788
0.6537573711871952 0.9766233715631639 0.3118873197261594 0.1087588324540733 0.5625406693588466
0.6537450232427230 0.9766238206966689 0.3118717962315522 0.1087562845822664 0.5625271636806941
0.6537712453607695 0.9766232581080780 0.3118555978526786 0.1087569007017810 0.5625385060090162
0.6537531672925505 0.9766221057141528 0.3118820671711423 0.1087616523856332 0.5625352331501458
0.6537533850177223 0.9766246167135737 0.3118630752172383 0.1087498674681021 0.5625326090263445
0.6537309656779540 0.9766243975086223 0.3118686500416972 0.1087547610268134 0.5625125268927065
0.6537471760098243 0.9766256270138632 0.3118986275459708 0.1087515113146282 0.5625233580756881
0.6537594867817236 0.9766250480687870 0.3118682970569850 0.1087520827095095 0.5625451102611273
