0.2505818316948505 0.3817670726333851 0.5406282928878567 0.2614063670998847 0.9901973071437453
0.2506106196252956 0.3818692871732048 0.5410073226988814 0.2615302411546514 0.9902106545466730
0.2506245945531951 0.3818131793725796 0.5409336444072429 0.2614560315728935 0.9902097609258440
0.2506147913821656 0.3814527928209561 0.5409528834588154 0.2615080078620531 0.9901956523483060
0.2505010570070324 0.3816328728075736 0.5408419338174629 0.2615055075993323 0.9902064128969057
0.2507205560524841 0.3817553828296291 0.5407262588449877 0.2616489945691007 0.9901973178751531
0.2505208281273292 0.3818989905129070 0.5407895551410262 0.2614682787276841 0.9902077650063323
0.2506521555414972 0.3816994681576819 0.5409220845365955 0.2615555978910197 0.9901985122074020
0.2505017805854219 0.3819892139990187 0.5408827054648299 0.2615665117196966 0.9902092671707102
0.2506508860787346 0.3817543639866171 0.5406484133689402 0.2614442985163114 0.9902039149186355
0.2506998519178756 0.3817983778860123 0.5405851460264665 0.2614170386195213 0.9901932854699296
0.2505927414395992 0.3816996996257639 0.5406858056980670 0.2615894502627890 0.9901897547142843
0.2504444839711072 0.3814606189106603 0.5405922839984425 0.2611983162942834 0.9902029502060580
0.2504926025474962 0.3815477208955278 0.5408463956949402 0.2614973892980801 0.9901986278010376
0.2506413527979269 0.3818758324162925 0.5409026706423793 0.2614258913597856 0.9901969973358627
