0.9163538450221005 0.0021788908585427 0.6294390889353240 0.2635855996247987 0.1789168653971012
0.9163893512148151 0.0021784602781009 0.6296523343730357 0.2638412713102019 0.1790500630329900
0.9163578833661110 0.0021797457448452 0.6296414360398026 0.2634558641603130 0.1789388781155951
0.9164171115963236 0.0021764587225939 0.6298188066060174 0.2635970251730163 0.1788765978797944
0.9162710973273613 0.0021771460457772 0.6296480217223237 0.2633628349217694 0.1787187306750938
0.9163217981569375 0.0021725908630250 0.6296493767281685 0.2635815276189548 0.1788523552389523
0.9163378854677517 0.0021704819750498 0.6296847833505149 0.2633833351472866 0.1789252501071018
0.9164211186206137 0.0021785584806609 0.6295418310637180 0.2636147510709243 0.1788756268589860
0.9163588363363444 0.0021738291661494 0.6296556589803762 0.2635332146648423 0.1786693013669886
0.9164277242521565 0.0021818613959474 0.6297569949385848 0.2637649013827567 0.1788448078147858
0.9163562171183669 0.0021749182648031 0.6296420621113396 0.2634251766769268 0.1787956450384180
0.9163798969291317 0.0021761479251302 0.6296870483257254 0.2635256200391888 0.1789674737643846
0.9163295885319905 0.0021780342113686 0.6297444488353170 0.2637996239072726 0.1790040127137492
0.9162912279599185 0.0021764965361950 0.6295767718399515 0.2634068046855932 0.1787461345171176
0.9164298300960768 0.0021775461038374 0.6297771060832316 0.2634302268995735 0.1789153043436627
