0.2974670361919202 0.6492677129207397 0.4297509682984731 0.9579505645164149 0.0754187663495848
0.2975034376821333 0.6492792535066714 0.4297612927711502 0.9579573113999493 0.0754192288744621
0.2974826995160937 0.6492343982465715 0.4297411402521387 0.9579513265065573 0.0754225241790828
0.2974745395028192 0.6492616521827563 0.4297451902704211 0.9579553974287903 0.0754266902237746
0.2974798419454717 0.6492449435757617 0.4297652262332585 0.9579577588509975 0.0754194465652283
0.2974923872687065 0.6492617830907710 0.4297531251351878 0.9579584204244160 0.0754203379312879
0.2975038922000281 0.6492824189893394 0.4297639360262678 0.9579606952427032 0.0754285894546789
0.2974992460206813 0.6492476717041619 0.4297530940003939 0.9579537666954419 0.0754280045110477
0.2974667732395929 0.6492256705424826 0.4297383780465955 0.9579448303740697 0.0754155370635076
0.2974812019585614 0.6492564921555116 0.4297475625232111 0.9579558575558041 0.0754198114678005
