0.0074972776356843 0.6490342578737220 0.1082495704027637 0.2014688963083271 0.6460781278848131
0.0075204663071631 0.6493686066672608 0.1080867190101850 0.2013871933318307 0.6459342425626018
0.0075012666854994 0.6491561253403542 0.1081094636333806 0.2013166575352301 0.6459519371756055
0.0074942372174402 0.6493007089872144 0.1080951277428577 0.2011860021972010 0.6461196576982801
0.0075260479678055 0.6494350088513601 0.1082121652390615 0.2013049762385975 0.6459958010643535
0.0075151119211695 0.6492893114017025 0.1081225428967596 0.2011933160258641 0.6460985779631087
0.0074990541978450 0.6492130238427244 0.1081531218584972 0.2012868262367537 0.6461795617573903
0.0074931975868139 0.6489835648198243 0.1080759830174963 0.2011950220555811 0.6459621945800191
0.0074949180858466 0.6492799350560120 0.1080613820916730 0.2012505756199370 0.6458213757526162
0.0075015688016291 0.6491563038317745 0.1081711289798317 0.2012062110170116 0.6457172546285118
0.0075049961808263 0.6491882795735391 0.1081618324049723 0.2012340636201787 0.6460796557461363
0.0075108741049557 0.6491453277113057 0.1080221578748674 0.2013010514651830 0.6459538169003857
0.0075112010676939 0.6493501589236547 0.1080852776610426 0.2014635854026280 0.6460863221687817
0.0075226204090323 0.6495387233364488 0.1081988749663167 0.2013561636432165 0.6461816235047817
0.0074892251602132 0.6492230994014957 0.1080840253700369 0.2012307608295595 0.6458690760137499
