0.0686451769251075 0.1481176220271338 0.2474282232549186 0.4034030043313471 0.1971536648882943
0.0686467064059959 0.1480988448060525 0.2474230747167767 0.4033939955314356 0.1971347826801685
0.0686454098272287 0.1481051425014536 0.2474432614518180 0.4033833491599056 0.1971334670752224
0.0686397990407812 0.1481022797279536 0.2473982282760806 0.4033646828714029 0.1971492310115674
0.0686351801495596 0.1481029464413585 0.2474132408213189 0.4033808994718524 0.1971538541582003
0.0686439991971360 0.1481219386526366 0.2474157751628871 0.4034065830196246 0.1971466042296131
0.0686427955403648 0.1481094715282187 0.2474011077956329 0.4033962830934602 0.1971403289772075
0.0686415257076972 0.1481089283625596 0.2474236581497362 0.4034017088841980 0.1971617016263559
0.0686330855539130 0.1481156854952199 0.2474183914154285 0.4033732156126683 0.1971379937117796
0.0686461393596899 0.1480900584934814 0.2474210538999057 0.4033868318370072 0.1971324489749029
