0.9972576083273796 0.5988182286284880 0.9672846656356805 0.9997865503276813 0.7697484316644509
0.9972556953509281 0.5996029623616284 0.9674383142301409 0.9997854978098193 0.7680780568043026
0.9971834419177159 0.5986466538784342 0.9670044770585586 0.9997819882536334 0.7663804503591788
0.9971924818265409 0.5983015806183410 0.9668421822013482 0.9997838445600850 0.7691117136087842
0.9972268897253352 0.5995120855949877 0.9672791496121453 0.9997890358420182 0.7703824966423967
0.9971964607996414 0.5990242155193511 0.9668422215523268 0.9997849202484819 0.7675180663409273
0.9972035284537667 0.5969773595236731 0.9667662542745300 0.9997855009984563 0.7681960815352638
0.9971944038295744 0.5993475766955174 0.9669738947857563 0.9997873525387088 0.7675038280687598
0.9971744440848985 0.5980787687711054 0.9669018119522361 0.9997826401833977 0.7681067737717597
0.9971761696931811 0.5985994743762646 0.9674462746077200 0.9997860442692958 0.7682973732831956
0.9971879816791853 0.5989418783110187 0.9670489100083125 0.9997807838899595 0.7659967434866797
0.9972040174648830 0.5986094074480161 0.9671086033874252 0.9997870444279015 0.7661964108301774
0.9971887889357027 0.5986083532757783 0.9670734281579580 0.9997841182529824 0.7680544052738583
0.9972565400701463 0.5996221214592272 0.9673545371119950 0.9997875699285469 0.7676946265650535
0.9972026193038733 0.5978639282533867 0.9672887240253727 0.9997890872269000 0.7676320588369420
0.9971687372456944 0.5970316228137894 0.9672328804459670 0.9997839669997407 0.7674884538461226
0.9972148717350214 0.5996849714618478 0.9672405488783823 0.9997839583679212 0.7684493305243653
0.9972118781371010 0.5990639056684752 0.9671023584362639 0.9997848833316771 0.7684528273163362
0.9972210759759799 0.6013032347743259 0.9671335303437804 0.9997874162185283 0.7688440309073137
0.9972214533259852 0.5990129251222752 0.9673939008967019 0.9997886543863865 0.7673492136364657
