0.6536125212889762 0.9766285773576987 0.3118672561352001 0.1086971127380185 0.5625157238434898
0.6536625550915401 0.9766243090774791 0.3119184418753818 0.1087295030101566 0.5625244710154319
0.6534956838228407 0.9766334689196754 0.3118729737509143 0.1087980417305895 0.5626031843522128
0.6536507620290661 0.9765872741649779 0.3120117430797201 0.1087301989425951 0.5624084736247922
0.6535967458240566 0.9766378710291687 0.3118452759415579 0.1087578235664712 0.5624895624579372
0.6536063583611601 0.9766216426571194 0.3121168540988988 0.1087272245729041 0.5628413422300466
0.6535876216521815 0.9765928720386037 0.3118751994555178 0.1086870599530013 0.5624393522508331
0.6534648414048577 0.9766339257661381 0.3120091265571430 0.1087686624735031 0.5625843405661289
0.6536221401827567 0.9766284862467780 0.3119160889726238 0.1087538062259585 0.5627004009076477
0.6537826244202706 0.9766296434312035 0.3120935392083934 0.1087611498873870 0.5627922683577176
0.6537030119511572 0.9766264775349661 0.3119211073781581 0.1086828907806178 0.5626149170990199
0.6534745144431187 0.9766231476079044 0.3118695354883834 0.1088254651033214 0.5627692240011941
0.6538221734558278 0.9766489139386514 0.3119096034442435 0.1087233423287983 0.5626921312208492
0.6537826244202706 0.9766296434312035 0.3120935392083934 0.1087611498873870 0.5627922683577176
0.6535955235645318 0.9766166982057765 0.3119424004148281 0.1087317255427431 0.5625217457953169
