0.0180208355019836 0.0455735736705183 0.7152864842565817 0.9899578767107144 0.3172581088997227
0.0182563791778497 0.0455498049014940 0.7169451028520648 0.9901019164395217 0.3190793045001461
0.0182926201097882 0.0463711190269500 0.7166208851719916 0.9901755254026905 0.3186541529841122
0.0178980581243819 0.0460491146130691 0.7162500741994949 0.9898889114299489 0.3174195525000115
0.0179849527450287 0.0454308933752643 0.7157629405753376 0.9900274735992565 0.3160723467364714
0.0179283245200182 0.0461797758283383 0.7143294736272132 0.9900394748846175 0.3152723940580149
0.0178734810822627 0.0459447388107432 0.7158876649126191 0.9900364728636207 0.3153863377489601
0.0178767053831284 0.0452719331189644 0.7143655215331435 0.9900593728292629 0.3156487413272916
0.0177138801368822 0.0457251748966416 0.7166798360222502 0.9899858325880474 0.3157934704343925
0.0180048787433858 0.0461570461149263 0.7146874593107504 0.9900394868097216 0.3156238315648830
0.0180699000232242 0.0460978594572970 0.7145468539950292 0.9901338535925359 0.3149507051708650
0.0180018084326303 0.0458873664582076 0.7159844661892252 0.9898600103100245 0.3176717438291553
0.0178265266425820 0.0454875793578410 0.7154205576623917 0.9899568124989304 0.3177426439587290
0.0178041781843933 0.0452890206041939 0.7135015471423358 0.9900840452964046 0.3155734472320914
0.0180276403701900 0.0459131579886518 0.7156090690340153 0.9898826291778055 0.3162850382793551
0.0178775041462778 0.0458263914853207 0.7159561409737236 0.9901159683489159 0.3160612529153560
0.0176433080634879 0.0454741535216787 0.7151461226730725 0.9897199944492450 0.3164675794559503
0.0182018176225506 0.0462621041597724 0.7147898704009946 0.9902456209221046 0.3179013630247755
0.0178633957035068 0.0453775588515685 0.7133116044862350 0.9898765831554815 0.3173220112530674
0.0178334529640476 0.0453188694781228 0.7139497861225946 0.9900663952771411 0.3146460065178351
