0.2517395493373606 0.4053227075348705 0.6841735504737934 0.2085043996631495 0.8154452151391760
0.2517894336637805 0.4055164805389040 0.6841528985454375 0.2085575832367182 0.8154928589189547
0.2517813483728804 0.4055058902855143 0.6842186637898584 0.2085498726289628 0.8155026826687765
0.2518506819031230 0.4054101291087436 0.6843811207391596 0.2085962729619071 0.8153843721202938
0.2519227905460703 0.4052762492917463 0.6845460297516771 0.2085545651676472 0.8155202492127659
0.2520056007295987 0.4055314763422277 0.6844149316296068 0.2085912529398820 0.8155944153700064
0.2517925871068910 0.4053968191392480 0.6843315726735653 0.2085499887136952 0.8155014601785184
0.2519910382763934 0.4055088167421326 0.6842840257828917 0.2086797659987532 0.8155069973455571
0.2519254852089665 0.4053642273677255 0.6842275592519205 0.2085967638892917 0.8155313536537423
0.2517873902990426 0.4053240799849109 0.6842640318816452 0.2085822054682805 0.8155042860191443
0.2519465098583492 0.4054361550496808 0.6843168953209308 0.2085635700493382 0.8155395618607560
0.2518483483548354 0.4057045350497817 0.6842036224078765 0.2086421302034633 0.8154501499275696
0.2519267884377788 0.4052954619104164 0.6841820681946302 0.2084747709280219 0.8153291077582431
0.2517873902990426 0.4053240799849109 0.6842640318816452 0.2085822054682805 0.8155042860191443
0.2517044862100837 0.4053724066599881 0.6843618030449353 0.2085718340919761 0.8153971176103619
