0.0166667950461083 0.0177166817177405 0.0291098471605731 0.0898080833611521 0.0300525595844320
0.0166672600299615 0.0177156133137032 0.0291120156604728 0.0898098277906548 0.0300563184752384
0.0166658155796440 0.0177222770492876 0.0291102014896329 0.0898085365798406 0.0300547317783044
0.0166664640287114 0.0177172549326739 0.0291073447338810 0.0898058808870976 0.0300582084237494
0.0166671565183110 0.0177155533439160 0.0291099024230488 0.0898119747137514 0.0300541922115390
0.0166677170116632 0.0177182546076749 0.0291080351346069 0.0898114952320962 0.0300635042782416
0.0166676796850565 0.0177142898716594 0.0291084690389222 0.0898062986746910 0.0300540252532462
0.0166661367638809 0.0177152487394581 0.0291080857405745 0.0897988341224337 0.0300535963954119
0.0166654893198594 0.0177149986270237 0.0291119472137099 0.0898084900134513 0.0300565821715510
0.0166665412701252 0.0177221465344456 0.0291057631204208 0.0898122289403724 0.0300556096545239
