0.0356075846272762 0.1927823046686458 0.9463136899798075 0.6382548411549985 0.9129884858147826
0.0356115620456568 0.1927907858406635 0.9463252688856911 0.6382476517595363 0.9129879824804779
0.0356077473401723 0.1927846753681439 0.9463131360014354 0.6382560182425749 0.9129826371499046
0.0356065689254074 0.1927904873880091 0.9463224303959511 0.6382632025417604 0.9129859729566265
0.0356062261817793 0.1927776603803464 0.9463161065825606 0.6382501609041490 0.9129762122955194
0.0356138340110355 0.1927784307920898 0.9463208458657655 0.6382843365338101 0.9129799560044342
0.0356118818917227 0.1928043943030136 0.9463229082267107 0.6382728356741916 0.9129853596310558
0.0356087860304921 0.1927843206743758 0.9463191220962119 0.6382449271916752 0.9129846188103760
0.0356049561237779 0.1927867578934363 0.9463163644325615 0.6382664414324217 0.9129779069099256
0.0356064067837580 0.1927877354508684 0.9463194083885798 0.6382293394547418 0.9129856523129780
