0.9952844008999701 0.9828563644354970 0.9249448371337677 0.6325924605139678 0.0313717022028343
0.9952842858020824 0.9828580776186439 0.9249493400312302 0.6325650766607049 0.0313698836050756
0.9952840840918405 0.9828600084324206 0.9249405390245168 0.6325778583620320 0.0313672758501867
0.9952842973065968 0.9828599487629468 0.9249438428586598 0.6325741908134804 0.0313700436707672
0.9952843814491610 0.9828584268031419 0.9249463345685557 0.6325798748236680 0.0313734813429470
0.9952847290695941 0.9828610164377775 0.9249441328755255 0.6325645724584242 0.0313743879231911
0.9952845611394850 0.9828564103740572 0.9249420532211962 0.6325761428932073 0.0313697360953642
0.9952841088524456 0.9828586758271948 0.9249505424839718 0.6325835050620758 0.0313730232406971
0.9952841235456615 0.9828569362923718 0.9249426782152919 0.6325730912403663 0.0313716521648160
0.9952846012788528 0.9828583188638036 0.9249494666238349 0.6325701010942246 0.0313724412399673
