0.9971670313511578 0.5980353697578820 0.9670317400077304 0.9997824184113850 0.7670689767124885
0.9971681941748854 0.5978737913248244 0.9670521393137645 0.9997822012194610 0.7671253331952250
0.9971592874850774 0.5977581664876583 0.9669954098507459 0.9997816152533308 0.7669521304865647
0.9971637346734070 0.5979170520933945 0.9670377760695570 0.9997820968616760 0.7671927390332415
0.9971597034337789 0.5977543706905196 0.9670116099940982 0.9997817858254895 0.7672396404802153
0.9971579461640490 0.5975968946027418 0.9670208695570160 0.9997814876603950 0.7669951702575152
0.9971636547823989 0.5978685648673823 0.9670356090198760 0.9997819694267049 0.7671257831672285
0.9971711910490241 0.5981392986945037 0.9670193050378355 0.9997824381758870 0.7669674882218266
0.9971627436333849 0.5979407243340245 0.9669793751276476 0.9997821798985251 0.7670255153918137
0.9971630604280717 0.5975508462411322 0.9669625409496118 0.9997818224261532 0.7669034003451535
0.9971605964683861 0.5976551357388843 0.9669687346525583 0.9997816527370209 0.7671195125946881
0.9971696866662341 0.5979742617835021 0.9670284177617622 0.9997817540112198 0.7670565557609956
0.9971656888832976 0.5978747157386447 0.9669858289797557 0.9997819468942862 0.7670783091863599
0.9971630604280717 0.5975508462411322 0.9669625409496118 0.9997818224261532 0.7669034003451535
0.9971611179671914 0.5975075330686352 0.9669696347406090 0.9997818905791015 0.7669136475915026
