0.2518424299554320 0.4054515715943807 0.6844092956285656 0.2084491968210102 0.8155119665695392
0.2518168306476136 0.4054582450920701 0.6844005050860817 0.2084552871025473 0.8155024712674680
0.2518508753707555 0.4054477134068739 0.6844093485515288 0.2084683350289436 0.8155002922210511
0.2518555715284342 0.4054494723008574 0.6844022744268295 0.2084533321992294 0.8155110743196554
0.2518456173097611 0.4054508210776220 0.6844192504590195 0.2084491488625456 0.8155039527955371
0.2518438388479438 0.4054707300220716 0.6844235518601124 0.2084522125994664 0.8155040030597321
0.2518395589592378 0.4054503934621616 0.6843967657219641 0.2084278502802659 0.8154978734070923
0.2518413447490052 0.4054543890600902 0.6844057004277488 0.2084431555722880 0.8155059750915686
0.2518394805943879 0.4054785589863060 0.6843954603525313 0.2084551866582149 0.8155093011986216
0.2518483029341132 0.4054665069225590 0.6844224951270872 0.2084666986600809 0.8155083750227959
