0.0356242758954268 0.1928489163802295 0.9463368251458789 0.6379897571768343 0.9128783216422027
0.0355992512425491 0.1929688136854503 0.9464179813444968 0.6382714279234687 0.9129760182355530
0.0355869112071937 0.1929072772313021 0.9463526162981403 0.6383890549432766 0.9129235799159736
0.0356455694972967 0.1929140054699151 0.9463636703048995 0.6383304698783141 0.9129580294868035
0.0356393651684078 0.1928309438886670 0.9463604589252531 0.6382591174743499 0.9129415544187153
0.0355759672514554 0.1927474166841248 0.9463443013677056 0.6384269944188842 0.9129636672519055
0.0355722640502806 0.1927360564853005 0.9463664829896502 0.6382552491013760 0.9130348195143225
0.0355744951956819 0.1925906493734269 0.9463277818243084 0.6381232530411202 0.9128988186075533
0.0355708575554202 0.1927883176279750 0.9462703410570577 0.6381936960655634 0.9128579420941223
0.0355676071682793 0.1928741257485771 0.9463513720185374 0.6381751809234075 0.9129037564793527
0.0355745602643822 0.1929081847138155 0.9462980981406819 0.6380217636730178 0.9129226135799895
0.0355701412081826 0.1928865656198242 0.9463868160872230 0.6381800539266791 0.9129855676794797
0.0355811727039820 0.1929205775429775 0.9463405131778161 0.6381184777484116 0.9129994627698040
0.0355676071682793 0.1928741257485771 0.9463513720185374 0.6381751809234075 0.9129037564793527
0.0355856185887654 0.1929755129632413 0.9463462295521839 0.6381189581029812 0.9129332507440282
