0.5874949685855269 0.3056688726685876 0.0007283085999154 0.1174697811852818 0.6976750405307653
0.5863242266531149 0.3060478158671663 0.0007176586973390 0.1173987364336029 0.6977724656086232
0.5880906858182594 0.3068941918210461 0.0007265810635165 0.1170433821570127 0.6966083738760612
0.5885248022206332 0.3045841668111345 0.0007284727969662 0.1170568019571894 0.6980832222676187
0.5887573520951347 0.3057869442776677 0.0007308881567013 0.1179792938968876 0.6982982618778076
0.5861966209902669 0.3052595830873261 0.0007150637813140 0.1183860735116418 0.6976171512567630
0.5868604340514754 0.3064053158887282 0.0007469077312698 0.1180203303182619 0.6964182953531932
0.5889819994723704 0.3062748590769331 0.0007369154956320 0.1174958069419443 0.6987800162784469
0.5882127687098861 0.3062769946977276 0.0007444002350211 0.1181344209204606 0.6961275103722596
0.5879816483052617 0.3070177698180188 0.0007302436032819 0.1184295517226151 0.6978331195372138
0.5874949685855269 0.3056688726685876 0.0007283085999154 0.1174697811852818 0.6976750405307653
0.5876615037465452 0.3070341150935149 0.0007444986017303 0.1190710245324740 0.6981594068258752
0.5868944608256361 0.3058035898329825 0.0007187326656676 0.1174520571180502 0.6977177223233989
0.5874124421183087 0.3076295995933411 0.0007341324169160 0.1168078365327411 0.6970588783062829
0.5884623025804636 0.3049868800570895 0.0007405849057980 0.1183531687647599 0.6985011371936060
0.5869285975484895 0.3076197651708421 0.0007332926841806 0.1179351617954225 0.6975726278214710
0.5885177654668503 0.3040176397130294 0.0007227463193655 0.1174403999449049 0.6971427250410631
0.5887078795842593 0.3078156166475517 0.0007379000815044 0.1181542298505934 0.6988102607306538
0.5887548098278051 0.3067258132101326 0.0007379428280185 0.1186803136685915 0.6999988131729167
0.5870717315108195 0.3049531066178156 0.0007184767633980 0.1188925718479503 0.6976269282137895
