0.0178361756802216 0.0456714468205713 0.7172910129266700 0.9900521539349101 0.3158297443284938
0.0178360998940834 0.0456800441274142 0.7172994379846842 0.9900533816212033 0.3158379461117181
0.0178336275246798 0.0456713945855793 0.7173063193548836 0.9900542101018117 0.3158529648359301
0.0178328345658755 0.0456767458051596 0.7172758376085601 0.9900523917007545 0.3158482241913363
0.0178303505232938 0.0456706132267928 0.7172625050680808 0.9900532404941583 0.3158110967982336
0.0178315840881423 0.0456688006131710 0.7172846293350331 0.9900527494509278 0.3158227904897282
0.0178303947426307 0.0456661313488820 0.7172755223428475 0.9900529368360875 0.3158294301188294
0.0178313876472242 0.0456732585664577 0.7172814671107023 0.9900542206495917 0.3158208724493531
0.0178338572615913 0.0456698355673824 0.7172903954465311 0.9900523464119089 0.3158172374980618
0.0178319742010434 0.0456716461148516 0.7172769316452219 0.9900529198653744 0.3158046141528498
