0.6074088802674288 0.8344282774444501 0.9523600671015360 0.8980990906982984 0.3804435728281934
0.6072737225169992 0.8345327546967263 0.9523184740105243 0.8980767100959141 0.3803507924131173
0.6073940822114365 0.8346278814702106 0.9523438607829178 0.8981118116944806 0.3807506364750535
0.6073451164535210 0.8343894785211736 0.9523209426874008 0.8981621868355965 0.3803534715020137
0.6074599441181922 0.8344783797925259 0.9522952606983252 0.8980420808780452 0.3806657789033885
0.6071891537584998 0.8345737888523470 0.9523539038140892 0.8980859426349609 0.3805733347993543
0.6070826140031347 0.8344573200967962 0.9522881044668475 0.8981189227943386 0.3804883269809166
0.6073013508772976 0.8345720250498780 0.9523036967237584 0.8980747887495794 0.3804427477766741
0.6074323693730830 0.8344150192803436 0.9522993249901824 0.8981491235919348 0.3806280472843292
0.6072735275581906 0.8344752188872439 0.9523848792820598 0.8980811246132671 0.3805799456994490
0.6071490460206000 0.8345576321175553 0.9522365818326516 0.8980297886521640 0.3805949763883476
0.6072713133191459 0.8344644628315097 0.9523330197718817 0.8981452718771172 0.3805994752416406
0.6072681733600325 0.8342992925317941 0.9522483133398167 0.8981086363677294 0.3802957185373375
0.6072735275581906 0.8344752188872439 0.9523848792820598 0.8980811246132671 0.3805799456994490
0.6072992762577396 0.8344815581927819 0.9523383508597626 0.8981624423689815 0.3807035450074325
