0.0691008434121120 0.7779129482073095 0.0266712882035225 0.3921134796912195 0.0668624212234078
0.0690915057202983 0.7779339736035304 0.0266723195123694 0.3923598546138346 0.0668922931791512
0.0689616324670963 0.7779450781192058 0.0266606747559614 0.3920958416610014 0.0668618839666310
0.0690677510860147 0.7780502740576861 0.0266489960756672 0.3922946090368180 0.0669024433956253
0.0690515140000340 0.7780287749081648 0.0266687752856911 0.3924624876122697 0.0668809275423323
0.0690402910151665 0.7780700141836721 0.0266685789354589 0.3923611159067444 0.0668910351202269
0.0689653110252319 0.7778697227249481 0.0266524032886693 0.3923159383293839 0.0669025472011175
0.0691008434121120 0.7779129482073095 0.0266712882035225 0.3921134796912195 0.0668624212234078
0.0691051711357236 0.7780125444816792 0.0266641775213441 0.3923176844128902 0.0668975447380967
0.0690748995249654 0.7780453971250014 0.0266708520843860 0.3921204785198344 0.0668795456748793
0.0689836911313445 0.7779371892760440 0.0266707622914812 0.3920836498609608 0.0668568072430198
0.0690363847454613 0.7780667774389770 0.0266513997993198 0.3921777217390512 0.0668379086918128
0.0690580082705082 0.7780800810922475 0.0266708598603401 0.3923245036854153 0.0669267364761537
0.0691055664854151 0.7780133786577752 0.0266823872020057 0.3920567278376905 0.0669209924790097
0.0690515297190215 0.7780473257370917 0.0266759533039200 0.3923594694147084 0.0668756284842159
