0.0349684571165709 0.1920802198428541 0.9462907012598374 0.6390322982745011 0.9130760278461938
0.0354083821764477 0.1910460226361279 0.9461570640927524 0.6363238382123078 0.9124374191849730
0.0361769742471124 0.1930387432302392 0.9470807775995735 0.6381634928337528 0.9134738643515321
0.0353035250843639 0.1941518552700547 0.9466607247969799 0.6371073991043573 0.9132133267463449
0.0357488306514918 0.1924429280948569 0.9465209057038235 0.6364988664288869 0.9127351982789716
0.0353330585172136 0.1936205931376464 0.9467764204971248 0.6374740621636644 0.9123761551883131
0.0357225865404140 0.1940959055613960 0.9467877260517369 0.6405757020519832 0.9132264045727898
0.0350237717495703 0.1919381993059744 0.9462049135271963 0.6365330023099082 0.9123731959040883
0.0355927737966472 0.1930425548011704 0.9468010705374016 0.6380303209287198 0.9136451883265336
0.0354106326627122 0.1938390552526593 0.9458195138314132 0.6368523189959496 0.9117597999980439
0.0359734326935472 0.1928407662305180 0.9471631032939754 0.6370320084845529 0.9132833972659039
0.0353371459766936 0.1941081509937837 0.9466694073415451 0.6374900610674533 0.9115309560596560
0.0356016527574953 0.1931373671130558 0.9465284410615991 0.6381292364062463 0.9132081554742802
0.0355114627815558 0.1939621908128565 0.9463472764741843 0.6365444189922613 0.9126795195602416
0.0355514041958178 0.1940649597864503 0.9471917921098765 0.6378492682884392 0.9133186141888812
0.0357562715705421 0.1931730971858660 0.9468552450191858 0.6382121808623095 0.9126114278845912
0.0352950156123044 0.1939207834992551 0.9463524671219177 0.6394947426597285 0.9122968580091479
0.0350994675387375 0.1934982728433244 0.9465796899108203 0.6393691014958792 0.9121929580501625
0.0351073378503865 0.1925147114071061 0.9470632725338332 0.6361997793336467 0.9118641743335766
0.0354379970644881 0.1922857241641177 0.9469749686812947 0.6386182222099420 0.9134033060058167
