0.9980531759741146 0.3531008345931643 0.3012703097453888 0.6781703866992965 0.7410846956380722
0.9980531153607861 0.3531066039974373 0.3012900181526892 0.6781818536237616 0.7411057330736155
0.9980534184995028 0.3531335340528182 0.3013169059422859 0.6781951211954439 0.7411124440218493
0.9980533665716862 0.3531137822008795 0.3012727111352532 0.6781627826211762 0.7410874368342218
0.9980528457323978 0.3531263607557462 0.3012832839047724 0.6781968730794703 0.7411071678228598
0.9980530745878218 0.3531310705860405 0.3012864932838900 0.6781496031076607 0.7411060567188321
0.9980528654143725 0.3531406726558659 0.3012763798095729 0.6781929019446737 0.7411000446578951
0.9980532458259925 0.3531303994115122 0.3013072992059638 0.6781563014182914 0.7411083649114653
0.9980532630880560 0.3531161411483903 0.3013048954868450 0.6781751108253742 0.7410839756577360
0.9980534551659552 0.3531217989023218 0.3012909343845677 0.6781726266021024 0.7410987800371148
