0.7189819613190311 0.1102121396101197 0.8819956569210479 0.8035249392389734 0.1789936387963136
0.7190201378010215 0.1100833089603665 0.8818855090386084 0.8033503833837792 0.1787844324457360
0.7191849401733951 0.1101678385929120 0.8819138365539857 0.8032712411933506 0.1790438912789350
0.7189091527888539 0.1100385999497337 0.8817705194735480 0.8033120508397059 0.1787959215988764
0.7192039168787715 0.1101791892196923 0.8819386318582227 0.8032845110052159 0.1790160736271208
0.7189841804835639 0.1102099636843115 0.8817414706295015 0.8033013322749871 0.1788486162606920
0.7189972920578976 0.1101762675579867 0.8817507547622424 0.8031928278910775 0.1787484823730625
0.7189754859440942 0.1100317733962312 0.8817943121280928 0.8032227030558213 0.1789896790249439
0.7188629535536317 0.1101255157227750 0.8818381358538465 0.8032310300068398 0.1788401453420215
0.7190463498019547 0.1101489807810141 0.8818816883204835 0.8034489906962935 0.1788908854314040
0.7190853869055637 0.1102834980268486 0.8820178737863666 0.8033222097075230 0.1790427490837617
0.7191189925072299 0.1100908332452781 0.8818485646288914 0.8033247931562825 0.1788947135315868
0.7188988097309710 0.1100907914110824 0.8817556458206289 0.8033765963401682 0.1786983540678354
0.7190463498019547 0.1101489807810141 0.8818816883204835 0.8034489906962935 0.1788908854314040
0.7192051540604582 0.1101767159084897 0.8819549751668233 0.8036244210693215 0.1789706537576425
