0.0681189830630588 0.7764477761873567 0.0262137022831345 0.3943148910334390 0.0676113754188835
0.0678173774818453 0.7760745209709142 0.0260433047329621 0.3908467095829341 0.0670212090266248
0.0686500552189532 0.7790831547407804 0.0265212469857281 0.3926166501869046 0.0678868468091521
0.0687941184390600 0.7780399789954436 0.0264292346203811 0.3940777065274126 0.0677526386173627
0.0691478257260033 0.7802533441009007 0.0267780180918960 0.3928221569172116 0.0683573112730241
0.0689390217454519 0.7786141017728221 0.0264369506538839 0.3925036714120574 0.0670935845064448
0.0687244882742694 0.7770325816595268 0.0265030887413154 0.3928010400795444 0.0677310979717102
0.0689723799638638 0.7792899016687755 0.0267920172558305 0.3929043425991939 0.0674271727712574
0.0685675351175336 0.7779784408101756 0.0263537158088229 0.3923422073186539 0.0671045290341220
0.0684772053659009 0.7777980462406050 0.0263815384848041 0.3912036317728518 0.0672505724637276
0.0681189830630588 0.7764477761873567 0.0262137022831345 0.3943148910334390 0.0676113754188835
0.0685576595785916 0.7795836445047586 0.0268148765673791 0.3957049591162047 0.0677811516251199
0.0682874185849322 0.7793016485025994 0.0266353102193586 0.3929935941515879 0.0669811866414809
0.0679577173839549 0.7782368897314437 0.0265286546688448 0.3943904598299990 0.0679577173839549
0.0679344035297654 0.7782073994059979 0.0265345111372162 0.3923506805069343 0.0676823367277078
0.0686666259600582 0.7795861974689818 0.0263704518171404 0.3917410881981581 0.0676174811996982
0.0681972500784322 0.7794037243049012 0.0264603728526623 0.3937446301132843 0.0679480159507839
0.0685548682636324 0.7781993861369724 0.0267117538572394 0.3939915484805067 0.0677542665410727
0.0687305667212946 0.7783212133919426 0.0268099957102223 0.3920892717979761 0.0672165315447237
0.0690422835957076 0.7780278369361554 0.0266410845810719 0.3923049638906468 0.0677024059489079
