0.6071526949672384 0.8345450022991803 0.9522628075026005 0.8980929963357789 0.3804899660429776
0.6071924440802469 0.8345301081216386 0.9522606563913448 0.8980881453064592 0.3805146402701259
0.6071880366150323 0.8345371839895520 0.9522605808976493 0.8980961803672901 0.3805170602658418
0.6071891398066788 0.8345377569857931 0.9522654337701435 0.8980943505626702 0.3805326414890696
0.6071579342137757 0.8345379036239046 0.9522600835570970 0.8981000789009316 0.3805049240993280
0.6071792568239767 0.8345423352535520 0.9522669042787308 0.8980848085659022 0.3805133574085149
0.6071720881839284 0.8345423629448097 0.9522645286359569 0.8980921154919475 0.3805233918740627
0.6071699706942966 0.8345232822666583 0.9522655679133785 0.8980885253942104 0.3805038817013323
0.6071660457213902 0.8345406615341781 0.9522600147349000 0.8980822840104653 0.3805142572145872
0.6071972240124491 0.8345618881864778 0.9522622412040140 0.8981087164659257 0.3805134582604923
