0.2975800624830192 0.6494493401535929 0.4299379016933587 0.9579729815563728 0.0754101711445344
0.2975532288529769 0.6493980397048645 0.4296558188724141 0.9579667293402980 0.0754020687688673
0.2974896004004931 0.6492273606555695 0.4298290052496446 0.9579654082821536 0.0753923124387593
0.2976101406851216 0.6494938493898172 0.4296325823067286 0.9580015310958638 0.0753496690875801
0.2973874197281055 0.6493072747713694 0.4297739688672522 0.9579515024498365 0.0753908655861725
0.2975069543215798 0.6492572800466497 0.4297730622433215 0.9579158561140725 0.0753898010698992
0.2975706168158976 0.6493331678272286 0.4298885660383028 0.9579577733848140 0.0753858246493862
0.2975765152770213 0.6494378637649452 0.4297930919076748 0.9579583296139517 0.0754029544213617
0.2972945632495713 0.6490151436128269 0.4297602253416711 0.9579052699691031 0.0753168479225087
0.2975272216435331 0.6491556879728912 0.4297091666586571 0.9578996845681834 0.0753277100528602
0.2975850049190631 0.6493758383077017 0.4298444837104936 0.9579293801447769 0.0753785359063394
0.2975427188134293 0.6493152941348224 0.4299842274089498 0.9579561860124918 0.0754265664751175
0.2975749420412045 0.6493723897153486 0.4297336860626076 0.9579675565622722 0.0754263189464759
0.2974993895722299 0.6492144410375863 0.4299081375083592 0.9579735493307761 0.0754601994063113
0.2976563184741939 0.6494214643133330 0.4299943262933508 0.9579848072113146 0.0754185764096047
