0.0685903246777667 0.1481649937124178 0.2476667322257020 0.4034343836594578 0.1971574669493545
0.0687068927264318 0.1482081655403766 0.2478039983497404 0.4036607172837955 0.1972955503723311
0.0686548472611412 0.1482642859897104 0.2474471680984625 0.4037174134325904 0.1973063397333069
0.0686475453130327 0.1481436221365286 0.2477310712729381 0.4038023587894406 0.1971827290495361
0.0686841357279191 0.1481237608527585 0.2475624186039784 0.4038670018695690 0.1971594015137293
0.0685457644385123 0.1481757536222036 0.2476105615717676 0.4034292876336578 0.1971759283030127
0.0686833683915345 0.1482381551068762 0.2475717287193835 0.4037436982087433 0.1972870560686954
0.0686725101044143 0.1481878775493935 0.2475746865582891 0.4035311470994023 0.1973315757155361
0.0686590101583847 0.1481721505277413 0.2474831970103168 0.4037595988948608 0.1973426476453849
0.0686913895140914 0.1481238995344335 0.2475571652822540 0.4035938249041670 0.1972831272131561
0.0685830324580664 0.1481284460525548 0.2473317888375797 0.4034760077304737 0.1972194555253403
0.0686753737467272 0.1481272167907453 0.2476438721952002 0.4035042507127539 0.1974363943465274
0.0686458640056272 0.1481090126828406 0.2477740878417003 0.4038846393635774 0.1973493595824693
0.0686913895140914 0.1481238995344335 0.2475571652822540 0.4035938249041670 0.1972831272131561
0.0686663176367591 0.1480196647043296 0.2474701657410076 0.4034695119029429 0.1972116677261441
