0.0075025991236048 0.6489928229003622 0.1080825047736263 0.2012603023769567 0.6459354925416738
0.0075043384829130 0.6489813723391378 0.1080785806795797 0.2012520555719186 0.6459264657613852
0.0075026796275023 0.6489965844651345 0.1080804987567796 0.2012382542484095 0.6459169242896393
0.0075037290522220 0.6489828846740383 0.1080884316821123 0.2012688791235968 0.6459430617382704
0.0075023690822905 0.6489690777623882 0.1080760611941608 0.2012540716292597 0.6459296180944348
0.0075036384688894 0.6489680748186529 0.1080841049132435 0.2012520371812055 0.6459369058748640
0.0075021747022899 0.6489633074335545 0.1080900265467634 0.2012315554517595 0.6459221122637864
0.0075027302649645 0.6489838192052221 0.1080875975856364 0.2012376237779347 0.6459370790100859
0.0075021588538251 0.6489834151203708 0.1080793576992590 0.2012486617689613 0.6459203903025589
0.0075035395993220 0.6489993977780726 0.1080950803960306 0.2012459146934484 0.6459419713340713
