0.9952800163983891 0.9828406482528540 0.9247934176231997 0.6325043195662787 0.0313721431810506
0.9952737839623508 0.9828532419028921 0.9249526312452365 0.6326593125184529 0.0313857666310938
0.9952872006148793 0.9828629727558565 0.9248208027359107 0.6325817392464547 0.0313532438833596
0.9952929732957850 0.9828627903924061 0.9249025066849659 0.6326231930499434 0.0313572014892624
0.9952901018115149 0.9828695987384637 0.9248851018816051 0.6326250236195747 0.0313730456902996
0.9952892842264550 0.9828706076133183 0.9249263107688762 0.6322612036475681 0.0313880838424836
0.9952856764907591 0.9828619400881252 0.9249139744405889 0.6325527241696047 0.0313382026338334
0.9952820893862419 0.9828542657833126 0.9247892079987682 0.6323970454433558 0.0313488280073026
0.9952824233394020 0.9828519005761539 0.9249664750069870 0.6324423774905727 0.0313938910436997
0.9952859966230094 0.9828658404033764 0.9249287621856790 0.6324366072388486 0.0313439861216920
0.9952835154054116 0.9828576754286896 0.9248733097374690 0.6325553262454107 0.0313894688837327
0.9952866575715735 0.9828557219192223 0.9248719366691034 0.6327386475581469 0.0313877189462929
0.9952752725619770 0.9828270851858955 0.9249858075054564 0.6325206182227979 0.0313274045916361
0.9952859966230094 0.9828658404033764 0.9249287621856790 0.6324366072388486 0.0313439861216920
0.9952847342788937 0.9828652419292276 0.9249730382848959 0.6327004657307590 0.0313558865479110
