0.6528183757320369 0.9768090918913342 0.3145040775882951 0.1090275322493661 0.5638634163827748
0.6524474820471989 0.9765923559216404 0.3130615294732370 0.1082167952539619 0.5622280089713365
0.6519121690013637 0.9769423389090361 0.3134407894090929 0.1082321284327097 0.5618120346376377
0.6514092812181547 0.9766603344337079 0.3133556069849192 0.1084162155509756 0.5637332156045430
0.6513703260724454 0.9768486997483752 0.3124199008175674 0.1085218729501003 0.5638369970776861
0.6509843263270688 0.9765424319945759 0.3137112717177385 0.1094947523746794 0.5622130398351342
0.6519958880529909 0.9768244955100494 0.3128766500895558 0.1086709588860859 0.5628852828526637
0.6545589304940133 0.9768991088338345 0.3128659157090254 0.1083853558744551 0.5635028946521689
0.6521643531287260 0.9766189813952247 0.3130620564404036 0.1081132998523503 0.5634148427685772
0.6516917597376986 0.9766929848337800 0.3123992877455166 0.1095151678750004 0.5634117909209554
0.6518543098439745 0.9769012649001618 0.3121350936320457 0.1086639419464086 0.5617831743777280
0.6527653240082020 0.9765974127581849 0.3118426864690142 0.1088405784290829 0.5639655052796261
0.6511342592938840 0.9767338537331034 0.3113543191785836 0.1085935022222154 0.5636810786830420
0.6519063469773055 0.9768467088990547 0.3139610950765699 0.1089393636949251 0.5651399847682068
0.6526358879552727 0.9769964214966256 0.3137300214882809 0.1083572594897029 0.5618492278365195
0.6514865520647352 0.9766728079818900 0.3135286423259206 0.1096826018681229 0.5642849198272633
0.6512222630809259 0.9768026520681941 0.3112651414030005 0.1081230350898933 0.5622257962178197
0.6510220333788607 0.9769588109960968 0.3133941048871550 0.1085713329248713 0.5616511375673126
0.6527620529501481 0.9769165965304749 0.3149610685322304 0.1087065306909743 0.5640142465947418
0.6523567536710714 0.9767173570873103 0.3135543346206696 0.1087320513937870 0.5630275271541560
