0.0170575030551712 0.0178173835708718 0.0292780923591819 0.0907273518827445 0.0302035694242776
0.0167387714080402 0.0176743002226800 0.0289925225084692 0.0911953228475509 0.0299732638969320
0.0171223300687940 0.0179524692914909 0.0290546182970702 0.0916631286726212 0.0298242909606336
0.0170614713382044 0.0179169809622792 0.0293150243363203 0.0911451159828406 0.0302515389567279
0.0171240238443542 0.0179803759674028 0.0293819472815750 0.0911170513432523 0.0304539887167012
0.0167508193267013 0.0178740287006475 0.0292517506483848 0.0912733423278292 0.0301355524789600
0.0168864684222724 0.0177519793621034 0.0289174789913904 0.0913424745726515 0.0300244220188511
0.0167685337985190 0.0177632418374976 0.0288033046904718 0.0902492443291630 0.0301018282475926
0.0170490435773887 0.0177933886334727 0.0290954093140088 0.0916300233785002 0.0298674732347668
0.0168676536929861 0.0179451099156252 0.0291095951697355 0.0922565500483093 0.0298842937597458
0.0169977556811577 0.0179067215542698 0.0289804428525284 0.0917553849779047 0.0298777440653916
0.0167964681391765 0.0179423121486778 0.0295959905616137 0.0905812912317881 0.0303728801666125
0.0169390076808976 0.0179168919577079 0.0294543230834991 0.0908227342720381 0.0303520960701751
0.0168894941286186 0.0177460823928807 0.0290095446040528 0.0912190440454568 0.0303565402092107
0.0166971852594910 0.0176003163725820 0.0295303713028389 0.0904235859614282 0.0299214667134454
0.0168683988762386 0.0178156920063273 0.0292877205822046 0.0909548782823687 0.0301566802050323
0.0170399013603589 0.0177729872110887 0.0292429273404229 0.0909686924813867 0.0303950549040874
0.0169590944643231 0.0178365765970728 0.0291804021493189 0.0913951784788594 0.0303068960784596
0.0168185199834582 0.0176918251958820 0.0288696857187237 0.0911388244321585 0.0299888291349908
0.0166157668115117 0.0177029057856400 0.0290145668505158 0.0908096401992825 0.0302435733811226
