0.2499305911478961 0.3828133819734099 0.5390507231768886 0.2597434451835422 0.9900079001772748
0.2513546413817571 0.3820625389986384 0.5395199521067895 0.2603116867788960 0.9901656710899681
0.2494314169483632 0.3810892540978343 0.5433015474389651 0.2605283331907122 0.9899874591094445
0.2511777027544351 0.3833040201608433 0.5419716825096921 0.2625747145813913 0.9902599694432366
0.2514536343477227 0.3798266286030995 0.5394495774776427 0.2622530425111105 0.9901669056970690
0.2500310845343378 0.3793906845861126 0.5396263448002548 0.2615855280662780 0.9901090770890627
0.2514213754870531 0.3809321729720113 0.5401520282141630 0.2597211323522986 0.9900479871691455
0.2534705583582357 0.3822565621950336 0.5409162339555420 0.2607751294247878 0.9902548787418100
0.2502951397010062 0.3813362631713501 0.5398560428776275 0.2609966600329867 0.9899668697241244
0.2506642223821542 0.3825220591234258 0.5395898170821082 0.2595139152012904 0.9901524349978389
0.2499305911478961 0.3828133819734099 0.5390507231768886 0.2597434451835422 0.9900079001772748
0.2516849759700449 0.3800696782490018 0.5402976890620085 0.2610156003514804 0.9900352458335742
0.2518337677588907 0.3824567582980359 0.5386964149608892 0.2626870390374508 0.9901965083855491
0.2504794406521384 0.3798392408449626 0.5379262418527681 0.2617106819470509 0.9900995921369070
0.2511550353130493 0.3810521065831835 0.5386204291295474 0.2615876101795637 0.9901904536490220
0.2515587698265037 0.3826592817395839 0.5419250605310080 0.2637548788261996 0.9901871060606682
0.2508522747812684 0.3825024029991477 0.5394620669555643 0.2617786096427445 0.9901492586109528
0.2514947423398776 0.3817312983787166 0.5419904998217545 0.2611157730131169 0.9900665723755995
0.2506589801667514 0.3826858374965762 0.5410231541167491 0.2623920552208815 0.9902086743510203
0.2511194408494979 0.3815767027792197 0.5379413930188200 0.2614485691018388 0.9900364453976841
