0.5862559369945430 0.3048484573337702 0.0007319335806804 0.1170429076063403 0.6973220302237040
0.5861784283021906 0.3047953499127830 0.0007319943600577 0.1171008984579729 0.6973069385239808
0.5860744581740026 0.3048253967133067 0.0007321495482542 0.1169575113509416 0.6972161848757594
0.5861354973970473 0.3049557390120343 0.0007310491432211 0.1169326833171246 0.6971557100673743
0.5862547903152584 0.3048273647811772 0.0007321357282567 0.1170349250969829 0.6974632819128962
0.5861285694048609 0.3048740519773976 0.0007330196144551 0.1169868606273098 0.6972555668376557
0.5859549036107851 0.3048123336026670 0.0007315493863718 0.1169460092488864 0.6973180509149827
0.5861032130039147 0.3046441907269982 0.0007305926096580 0.1169166219220959 0.6974229668376898
0.5863221483271704 0.3047561199810367 0.0007320896664850 0.1170486542263666 0.6973220690007316
0.5862041822475254 0.3047210923744784 0.0007309801220188 0.1169388667868640 0.6973162890379678
0.5858793831926320 0.3048358193316324 0.0007325211198781 0.1169126378146275 0.6972220302990636
0.5860809621694184 0.3048688527512750 0.0007316723853870 0.1170450862203936 0.6972957328419954
0.5861271423332994 0.3047209454239318 0.0007314505422682 0.1168314459573556 0.6973932001821398
0.5859586448177256 0.3048064128216243 0.0007321859777398 0.1169673779115421 0.6974901741469126
0.5858993380670898 0.3048647816185065 0.0007310594926322 0.1168575658932607 0.6973052543041895
