0.3764859100402488 0.8633478378764202 0.4489232666329933 0.8177427324810734 0.2022146660655560
0.3763863325456818 0.8625871499174086 0.4476050005509991 0.8181744015629601 0.2023313869963530
0.3773948985974641 0.8638161124676529 0.4457500035045979 0.8178518530406621 0.2014228128971266
0.3764143900927656 0.8632987509804000 0.4463782315397929 0.8176831555891027 0.2024438185477346
0.3775732355737114 0.8655119017315246 0.4463999841494921 0.8183880322912411 0.2017668559799384
0.3773101247776590 0.8635560932216987 0.4450950717488928 0.8172171853737207 0.2014276785800937
0.3770933197972861 0.8634134524017099 0.4438267722298686 0.8174850598615792 0.2023910593776048
0.3778577266703054 0.8632412745824842 0.4471589329267778 0.8170351648876236 0.2026813920798614
0.3762031089710144 0.8641214807757492 0.4473386735473810 0.8180157407521795 0.2032291677051257
0.3769915083001276 0.8646627998479688 0.4454846773692107 0.8173412844766591 0.2029653454003626
0.3764859100402488 0.8633478378764202 0.4489232666329933 0.8177427324810734 0.2022146660655560
0.3781403626839724 0.8640504507428149 0.4478080120910785 0.8193919112480741 0.2015685856365954
0.3774826125541721 0.8607793712902561 0.4449400500613385 0.8163391972997600 0.2022764529515876
0.3775880205716336 0.8633737145832060 0.4458269444025024 0.8168241067998477 0.2018402354323196
0.3764325258173621 0.8633104464421183 0.4460569196551519 0.8174509038490997 0.2030133293648306
0.3785904734428348 0.8632600678014126 0.4451646447744608 0.8177335926965199 0.2021337387415361
0.3749216190742715 0.8637325591034865 0.4466199133653654 0.8165618522418453 0.2039541005445847
0.3759057422279345 0.8625732169092309 0.4459991992178927 0.8166473334588088 0.2031100343151330
0.3768493642709408 0.8624249903332075 0.4448437461472788 0.8174884745997026 0.2028721475328820
0.3761502805582002 0.8629520558980530 0.4464160977099353 0.8169903707458578 0.2029620141265677
