0.2505616828036116 0.3817305215077021 0.5408518465811780 0.2615151283582768 0.9902121608558260
0.2505561480682759 0.3817574120555368 0.5408870717788951 0.2615075450893582 0.9902112695993756
0.2505477548295895 0.3817343615856899 0.5408499430385358 0.2614992320943503 0.9902131002657022
0.2505456446881217 0.3817619129232425 0.5408556749404118 0.2615020001905559 0.9902112134183623
0.2505396255364368 0.3817360799782867 0.5408761734807930 0.2615154987916600 0.9902122111683225
0.2505482921555455 0.3817200818232442 0.5408491375641575 0.2614890454713662 0.9902103201839337
0.2505135899855385 0.3817430479468873 0.5408446527731324 0.2615232527588185 0.9902111518732046
0.2505594622417645 0.3817571608194237 0.5408656978211364 0.2615112469938103 0.9902120671741622
0.2505431419035408 0.3817363829949407 0.5408163217295764 0.2614938195937055 0.9902122726848998
0.2505200747403723 0.3817594621056469 0.5408529017801184 0.2615081490517877 0.9902107552584770
