0.7179784401160347 0.1092577916942999 0.8809896592772040 0.8045204051853770 0.1784314393828868
0.7211456354481085 0.1109413426561718 0.8822468432566796 0.8057431653842509 0.1800037356015226
0.7198683106821757 0.1112088566916662 0.8808516592164700 0.8028304956861194 0.1789750166074026
0.7204747287048724 0.1107263494770711 0.8817626171856769 0.8040260065293985 0.1786686553940449
0.7208934376175722 0.1100482590982176 0.8833993231322683 0.8047917301311204 0.1792042055468968
0.7206648439700652 0.1109050211197349 0.8827680925411473 0.8054907275419948 0.1792414820986824
0.7193705522474509 0.1108510976836076 0.8815134362386319 0.8044881685609553 0.1795874017253236
0.7206824660198846 0.1113565406424072 0.8818451966331278 0.8032100137945771 0.1805739444541982
0.7208981447221812 0.1099225358812317 0.8808005860456642 0.8043154839213070 0.1798958525164794
0.7175840966988296 0.1106112579718394 0.8824488417995352 0.8046343794759464 0.1795695391328123
0.7195065560795151 0.1111356472204911 0.8805997074959276 0.8025079060595227 0.1788398359599597
0.7190163321649609 0.1128751394332878 0.8815906076581784 0.8044159634465701 0.1807686787668080
0.7200343640001698 0.1098415077830589 0.8813584654609150 0.8047167589823235 0.1786221833248073
0.7184216263080890 0.1105666011957247 0.8806067824891635 0.8040535899989422 0.1799601080827621
0.7179741339282678 0.1096253616645947 0.8801829874725073 0.8045909749594213 0.1778681288349135
0.7186179782825268 0.1108841050172035 0.8810321706700205 0.8051483325723429 0.1808795702713885
0.7200343640001698 0.1098415077830589 0.8813584654609150 0.8047167589823235 0.1786221833248073
0.7180694746923840 0.1096996099882894 0.8816606904395390 0.8053180378919349 0.1803831745414137
0.7193310423479481 0.1102961384801806 0.8819344010610296 0.8060092340466036 0.1803977655453774
0.7201587108571127 0.1113971186440200 0.8829327405689971 0.8053079274292830 0.1789861222607147
