0.6300249904315474 0.1481853899144308 0.0127438713520446 0.2947068648490667 0.6268407363146981
0.6300416817751783 0.1481653132731871 0.0127456672388620 0.2947299056906898 0.6268130871904705
0.6300147736339657 0.1481729523764909 0.0127448074447623 0.2947151163304222 0.6268330265457229
0.6300475765389135 0.1481650106418115 0.0127468527954420 0.2947170387601656 0.6268331600673896
0.6300171120844579 0.1481776509891259 0.0127440079969027 0.2947205755497584 0.6268186836557356
0.6300341141591916 0.1481645149554427 0.0127448267132783 0.2947197404226432 0.6268279570114430
0.6300515669403999 0.1481718830789251 0.0127465009732370 0.2947434833303277 0.6268357972872455
0.6300274144150289 0.1481730201556158 0.0127444878776649 0.2947024309613590 0.6268378436866404
0.6300236949094634 0.1481539304397559 0.0127437078929797 0.2946837659292346 0.6268265038497605
0.6300444222599539 0.1481726373081392 0.0127442573317837 0.2946935231740829 0.6268287810567496
