0.0691109470385519 0.7780488920503918 0.0266829051720859 0.3921714985741973 0.0668406705805282
0.0691187882915416 0.7780578774613308 0.0266820187129174 0.3921939858814223 0.0668501012858233
0.0691152929904391 0.7780631560524078 0.0266813895844816 0.3921965109115317 0.0668413466508510
0.0691043264269233 0.7780592032311522 0.0266765143669227 0.3921611632842043 0.0668349766011440
0.0691060057864392 0.7780678785544907 0.0266795707803299 0.3921849747524243 0.0668422273282787
0.0691064634588503 0.7780614600304803 0.0266788430505495 0.3921731086446302 0.0668426997559770
0.0691111011599541 0.7780561287994529 0.0266791377087497 0.3921912428279003 0.0668406136034992
0.0691094203261305 0.7780593338629340 0.0266795533971301 0.3922017225226941 0.0668409183530168
0.0691119714339062 0.7780726460388104 0.0266814148386638 0.3921921038649630 0.0668408991395314
0.0691054022766601 0.7780627293340813 0.0266830386341419 0.3921974696901974 0.0668325129637871
