0.3770783591272813 0.8633208666039166 0.4449885901564125 0.8177269828955517 0.2025006626340853
0.3770787969636253 0.8633071915442598 0.4449841672471369 0.8177223412003493 0.2025102100561272
0.3770869766132168 0.8633238440814154 0.4450027687644584 0.8177127774845449 0.2025068465300789
0.3771020564748546 0.8633208713503556 0.4450071365210313 0.8177037926861916 0.2025065177550004
0.3770748941111771 0.8633062680950777 0.4449866069042787 0.8177156331316472 0.2024878265918297
0.3770886547665574 0.8633241689799602 0.4449744870021151 0.8177151326516032 0.2025060768744959
0.3770905717545543 0.8633226675978706 0.4449905018943012 0.8177246700115465 0.2024904301285745
0.3770860964653623 0.8633183369608886 0.4450028676378326 0.8177225208700998 0.2024979325630830
0.3770700862529158 0.8633115088720215 0.4449814507506620 0.8176891919335669 0.2025083456365533
0.3770858381494295 0.8633338327284488 0.4450163685786371 0.8177062587286947 0.2025120552645810
