0.9170489981120572 0.0022116249759990 0.6310075076962117 0.2637596710127985 0.1786985684648353
0.9175567380761618 0.0022187708242585 0.6303148871089534 0.2662788058309832 0.1791920127013260
0.9167673397092021 0.0022200539811925 0.6293379971641042 0.2659967795869501 0.1785890396079892
0.9163070180806039 0.0021831281307513 0.6271787860790242 0.2645701899166777 0.1775635079706280
0.9169938329814763 0.0021625680194377 0.6306446364522973 0.2638979441381888 0.1782049084248485
0.9162437560304419 0.0022018732665468 0.6311308169815625 0.2662301528296915 0.1797115074287466
0.9166857340151783 0.0022221118432277 0.6275099852331870 0.2660525125123177 0.1785325993435720
0.9162768373293274 0.0021935470471863 0.6293989243936675 0.2650597485662500 0.1793639954077030
0.9168309395026206 0.0021802530328415 0.6311996301359252 0.2652522610475131 0.1800516456459396
0.9167786240525161 0.0021660807738727 0.6291454320358228 0.2654125222178373 0.1796068602577607
0.9163127043219058 0.0021970649930533 0.6298350147010303 0.2655118420629013 0.1793486396051834
0.9158828768127374 0.0022448609858466 0.6298749937695125 0.2645694653273101 0.1791655751254733
0.9164723162091056 0.0021818039494134 0.6285220989190733 0.2644381406396600 0.1789096913895170
0.9165446054786089 0.0022062857599463 0.6294943816031443 0.2633972231300138 0.1790834835094168
0.9162807108999890 0.0021732816851607 0.6289834381482415 0.2648571379518254 0.1785161559833874
0.9169095374649128 0.0021977086342472 0.6293557744233516 0.2658465698081821 0.1792618290536851
0.9170835210004191 0.0021854439951903 0.6300656076065508 0.2633924074500903 0.1791740759610692
0.9165052240316286 0.0021636781718956 0.6299258906838451 0.2642341202764443 0.1784034519350568
0.9166108201367998 0.0021987742375454 0.6295021036684997 0.2635816593235341 0.1780723003371781
0.9163113544386075 0.0021694774077379 0.6288943886787303 0.2646021361291025 0.1794522071924832
