0.9163461476877307 0.0021762182162653 0.6296233204402919 0.2634707440615252 0.1789065636584861
0.9163482047529482 0.0021762381291763 0.6296278701978616 0.2634749632930877 0.1789047940144159
0.9163471127146323 0.0021758024168414 0.6296164280968157 0.2634441295017473 0.1789060023804140
0.9163551156667090 0.0021760294729329 0.6296185480650888 0.2634700961346073 0.1789095391334031
0.9163462892422762 0.0021761951032951 0.6296183554939654 0.2634845817430375 0.1789146224911977
0.9163495464931118 0.0021760183496575 0.6296214930939379 0.2634486102033977 0.1789086426431169
0.9163441839532089 0.0021762020157269 0.6296420032350772 0.2634675831148420 0.1789143961889268
0.9163492798774338 0.0021756372657431 0.6296238782957791 0.2634460615611733 0.1789009820807471
0.9163566156255709 0.0021756884671417 0.6296375575341624 0.2634662897793049 0.1789059056555100
0.9163470935505330 0.0021764363675337 0.6296221013443837 0.2634743697057466 0.1789128127444177
