0.6085161545058968 0.8348904703627343 0.9526219230804730 0.8989674527184891 0.3839071746716314
0.6089123949593230 0.8340463466517242 0.9524748162740260 0.8985228845113955 0.3828086997156352
0.6083419588291908 0.8354230744997861 0.9526726198009511 0.8986094248925501 0.3817262954817019
0.6088662648562692 0.8337330972907517 0.9527111756379918 0.8987413113850269 0.3801195385760056
0.6073083119293160 0.8346074659723126 0.9524903732590013 0.8988687302678384 0.3781683476202068
0.6074870396718519 0.8334810110997162 0.9526140577156675 0.8982533030324846 0.3803021198640263
0.6088622489923716 0.8355752449451835 0.9530917271130538 0.8983144399760573 0.3820767666590135
0.6064333817148145 0.8330339454111738 0.9527689724488307 0.8979305021761590 0.3796744571116272
0.6094748393128505 0.8353828491796051 0.9529850083851600 0.8990526812228159 0.3824657080594710
0.6063261514756021 0.8339458681851338 0.9526599759286360 0.8978291555845370 0.3802519032863254
0.6078476101803467 0.8360969539438106 0.9529090854300287 0.8986854256320522 0.3813197365442776
0.6075726015233754 0.8354957331104912 0.9531403027818075 0.8975832979057071 0.3814308969131733
0.6077009231284011 0.8337943425633805 0.9526027981816553 0.8975094781393907 0.3798933926512101
0.6084949939825488 0.8341375885894298 0.9528572807580095 0.8985897501126602 0.3815370766761129
0.6095665171906038 0.8332127132720195 0.9523102275188972 0.8997417547405266 0.3812671731852753
0.6082530753114209 0.8356586804929672 0.9535127742584043 0.8988842865141935 0.3840208178255245
0.6074912512514106 0.8342891582026813 0.9526249445152697 0.8975124302475800 0.3811727608817767
0.6080585661194909 0.8342797982080431 0.9532978460355399 0.8983079815258350 0.3805822267036513
0.6082652133983992 0.8331723532452067 0.9529856696141595 0.8987301582018785 0.3819556882924358
0.6088564731711296 0.8341319720194014 0.9529624021674798 0.9006353935006057 0.3816764441288407
