0.6938893750363062 0.6620551001536344 0.9852393655206071 0.9963985334128790 0.9224281595119777
0.6959726169443740 0.6520055502084601 0.9855392221280100 0.9964982561849143 0.9240973897112247
0.7006867613490512 0.6548175612479824 0.9855872034021794 0.9965131056078570 0.9212406190355625
0.6819208528939056 0.6616774051984359 0.9859797846406138 0.9960696768091706 0.9185246238238149
0.6824251839823161 0.6638369586669837 0.9862647626010557 0.9962408644894314 0.9220566683768231
0.6949833869692977 0.6616367979875003 0.9858868846418463 0.9964820872000982 0.9213361003092146
0.6978947738172371 0.6638634938229010 0.9862182939027968 0.9964147021843366 0.9189012451918331
0.6907402433054840 0.6536747574702567 0.9851199819317356 0.9962392720863195 0.9238216402200992
0.7002275906031358 0.6543222935377111 0.9855484900611935 0.9965489153324271 0.9217153639003559
0.6902384556255963 0.6689253708721669 0.9859732766374758 0.9963962438998417 0.9231640063188086
0.6938230746493259 0.6651597700123588 0.9850455315245177 0.9964517532152554 0.9207592374772424
0.6977875262600223 0.6654331670399964 0.9861087638147211 0.9969720904666506 0.9235649042244927
0.6841875832302201 0.6608146992677012 0.9859951967386432 0.9960830215189219 0.9203371182528745
0.6912892669694494 0.6572632333943560 0.9857812337867676 0.9966697819911883 0.9224600482094589
0.6882636257576490 0.6618385067591804 0.9862979561476968 0.9961361619523984 0.9189436024805171
0.6905633933166293 0.6613492819161830 0.9854367779203286 0.9966393563770491 0.9233034739801794
0.6938321137467430 0.6629451038362983 0.9855760651270612 0.9968795575576628 0.9233256858809464
0.6976463944377090 0.6644066431164081 0.9856928089591488 0.9965915895455990 0.9262791897994676
0.6947826271720418 0.6665876539487942 0.9857382764751567 0.9965901451056897 0.9254313875360874
0.6873502480141374 0.6553246652400054 0.9854080586700372 0.9963714928751943 0.9243441978769427
