0.9155426631475603 0.8231436303554286 0.9334320417422095 0.9491108163174082 0.4766900360869628
0.9155725335188676 0.8231861728345382 0.9334350726288404 0.9491006778316813 0.4765739806564517
0.9155233497690025 0.8231176449874614 0.9334343161477286 0.9491078872023094 0.4766563724448509
0.9155040622808203 0.8230607471370721 0.9334631131721915 0.9490827170529926 0.4766035701970439
0.9155387303206953 0.8231480336286763 0.9334597773599350 0.9491084811615719 0.4766351070024644
0.9155076627167094 0.8230765622910661 0.9334664798761584 0.9491007540128615 0.4766190493769543
0.9155942466156543 0.8231278030916797 0.9334464284135602 0.9491093632603609 0.4766317990152728
0.9155399469480161 0.8231419339780039 0.9334617642968724 0.9491065438264589 0.4766852976629907
0.9155511740322548 0.8231613450945983 0.9334369169414872 0.9491328138341206 0.4766754374868140
0.9155789304471856 0.8231723863947273 0.9334492453320659 0.9491091448752508 0.4766943683530077
