0.8231914502250712 0.8951895162204655 0.1960054843106531 0.9657110039593139 0.5999412707172406
0.8262496901159240 0.8922402337240991 0.1878457728642736 0.9650343838416373 0.5988915919326018
0.8198788127385546 0.8929900536150809 0.1903269020965527 0.9624392156869493 0.5915244173802445
0.8276020591175250 0.8989330672797188 0.1916208648785263 0.9642779214761166 0.5915861976692516
0.8211640723411966 0.8957911739222515 0.1918633672087087 0.9628614564613619 0.5914772294922078
0.8197603971263995 0.8947471658156778 0.1897899304993563 0.9633832876725082 0.5913601332727835
0.8336606615325667 0.8982050246386063 0.1906794271783084 0.9646230342168343 0.5953184230491202
0.8242363850318291 0.8953434617818761 0.1880031469428927 0.9648477962464845 0.5956009728517484
0.8314908077194874 0.8986851563524620 0.1923850934716946 0.9642556114271589 0.5884948583594298
0.8203695846597027 0.8956507115085757 0.1907693468740254 0.9650406338681861 0.5967805935862769
0.8255270374661934 0.8955527182601574 0.1862535551883168 0.9647164256447918 0.5946544391172643
0.8273774116628192 0.8889519792957971 0.1877929307440566 0.9631265911494103 0.5873137071045708
0.8228071844210828 0.8902014379014118 0.1849005664234854 0.9622511647284409 0.5872640985073756
0.8314908077194874 0.8986851563524620 0.1923850934716946 0.9642556114271589 0.5884948583594298
0.8262436235471069 0.8930035325786480 0.1889605549489587 0.9653523711373609 0.5988834304804007
0.8247148051361577 0.8966328877173564 0.1874115744741056 0.9652119218785639 0.5932261992975388
0.8207528980446573 0.8954922091561369 0.1903820607038506 0.9627170884583961 0.5909279945118353
0.8237986275477212 0.8955911537072732 0.1893479244544451 0.9631133840371786 0.5959251814143914
0.8238728041379906 0.8943817462285248 0.1870579712117218 0.9638149690286087 0.5897788753404402
0.8272758872524623 0.8959137826829304 0.1862826385782062 0.9651629653193287 0.5907405812840190
