0.9324690994730516 0.1744856140235531 0.9313235216711586 0.1557097705474015 0.5354081533145020
0.9320186979018033 0.1742905352674892 0.9314456950618993 0.1549781298141546 0.5352626436154132
0.9322268966758570 0.1740627600124059 0.9313346161822268 0.1555465605748960 0.5357631925411627
0.9319848007715595 0.1740179231195993 0.9317305613477609 0.1543849658395557 0.5362696469117968
0.9323402443780011 0.1748857470818700 0.9316391206938422 0.1558026207075910 0.5359068884141973
0.9322759597410588 0.1740853804005492 0.9323391201186998 0.1553911192328723 0.5374280914690647
0.9327123465840033 0.1749772414803047 0.9311959269006661 0.1554784740301760 0.5363667316464765
0.9324199089226669 0.1754228757070824 0.9318518737381524 0.1552975838519737 0.5368621800468988
0.9319853844451691 0.1746328723565963 0.9312841755409385 0.1546003856394473 0.5348884342397897
0.9323377813171674 0.1749065449751412 0.9317060825892730 0.1558640947736798 0.5372325595792234
0.9324574596690306 0.1747270818590180 0.9316936272373456 0.1558948113236968 0.5358935737960101
0.9322751576917276 0.1748625354992314 0.9316380164859599 0.1560277831346749 0.5359425144471303
0.9324690994730516 0.1744856140235531 0.9313235216711586 0.1557097705474015 0.5354081533145020
0.9323102616837501 0.1745876651257634 0.9313551745018224 0.1558093570115585 0.5352655730688045
0.9320548378621329 0.1741642988256484 0.9323077858800449 0.1552377080358007 0.5364991285116920
