0.9066240902293426 0.9993775958055992 0.6943994743037283 0.9590010267887544 0.9782250421037002
0.9066490254078826 0.9993774097859118 0.6944176447563333 0.9590502443721408 0.9782418046533161
0.9065752983243440 0.9993778802453269 0.6945513841340991 0.9590134358490481 0.9782199654073390
0.9066435330295368 0.9993787395953966 0.6944759508207562 0.9590199967596993 0.9782555012136291
0.9066120786508868 0.9993779159377397 0.6943700858023113 0.9589952303713158 0.9782268094633441
0.9066256378691067 0.9993784914569073 0.6944155094014709 0.9590071375169458 0.9782482073203984
0.9066491233387183 0.9993776609993028 0.6944798883655036 0.9590530172950597 0.9782603067121692
0.9066421504480583 0.9993777407344867 0.6945032998037487 0.9590074827047746 0.9782309815345078
0.9066378132568406 0.9993772135829938 0.6943825354962964 0.9590159317555206 0.9782294093946767
0.9066402707309135 0.9993779184512444 0.6944473356084877 0.9589993307857028 0.9782208384067640
