0.5261704716400932 0.1628199941567355 0.0031284094572669 0.5329780273699487 0.0982841039925368
0.5307806504506167 0.1655660818699947 0.0028637544807594 0.5379661361773018 0.0918541688659168
0.5317739684589142 0.1649232423382746 0.0030021046834201 0.5351519455334073 0.0986520448381223
0.5297469102719855 0.1656352448323784 0.0030645214761176 0.5363459497496691 0.0947065135336730
0.5355626761563795 0.1681512368829942 0.0030618911146904 0.5404889433780663 0.0959140433773208
0.5345958052998488 0.1642970414851503 0.0030524602202896 0.5379887087963892 0.0994214390117204
0.5337852504616626 0.1646887609812578 0.0029051266610611 0.5288075237130905 0.0930614766136077
0.5304256823797211 0.1644823580374076 0.0029494984294187 0.5357879490489309 0.0921884553696501
0.5303816019339880 0.1650268879513251 0.0029620660481838 0.5354507449505305 0.0972355816057051
0.5245173687920892 0.1604011133755097 0.0030291382803809 0.5262727857461116 0.0920206507394031
0.5312011007058358 0.1623049707657815 0.0030779777943767 0.5397152126163470 0.0978244144758639
0.5221540939177175 0.1688388330417902 0.0030839931078739 0.5325895265164394 0.0916336725164771
0.5342585381482359 0.1650371928888235 0.0029458999089114 0.5342585381482359 0.0963459465662552
0.5403666881604665 0.1641219701380952 0.0030552998694421 0.5352059786164373 0.0948190163721102
0.5320383497403367 0.1635091250697440 0.0028823200701665 0.5287311218473754 0.0945620647150056
0.5326144066089813 0.1676889612520724 0.0030251683979743 0.5343448460997386 0.0984781854306837
0.5228660281214564 0.1680574669532848 0.0031286754866730 0.5333054068980865 0.0932636011011016
0.5327293411619300 0.1644147384756384 0.0029101576140960 0.5362932490814424 0.0945528090445572
0.5384554198795991 0.1635465444991369 0.0028645922691917 0.5384554198795991 0.0934473925451151
0.5289516327482421 0.1660735767413451 0.0029838227218031 0.5360945175025840 0.0925659142683820
