0.0578335568077574 0.0419656577446692 0.8939150040195029 0.1938723114561442 0.2350571110598023
0.0580861908755514 0.0423454621683297 0.8951699184220171 0.1940509165761464 0.2345020932004943
0.0576924385528099 0.0419326660177021 0.8943882760564063 0.1947300583363570 0.2351876222559092
0.0577307400981807 0.0422018175008543 0.8949769009435334 0.1940181823178243 0.2335858130478936
0.0573165880385749 0.0416185968179934 0.8944170443024133 0.1942399447105023 0.2342631966126935
0.0575924008974255 0.0415761856703955 0.8944896747417809 0.1949572148615987 0.2343521802200859
0.0580545050387510 0.0420181427280570 0.8952462275391565 0.1937010410168520 0.2344230448968367
0.0578187295077199 0.0422269354558828 0.8951604556453042 0.1939879733361179 0.2339858402921322
0.0579377956825691 0.0420507381315065 0.8943305027730847 0.1933412622592897 0.2346056231372103
0.0572815043085387 0.0418141723845355 0.8943373436809507 0.1943955810190281 0.2345546717215593
0.0576442271262796 0.0419282459380577 0.8945047717320742 0.1939205566752474 0.2340090288150010
0.0576352736842107 0.0418403473400760 0.8945886118888918 0.1939579989088821 0.2339292072312672
0.0576280705251559 0.0416038833865052 0.8944523394324805 0.1950395859582786 0.2342987241358466
0.0575860578563829 0.0416929326628254 0.8944651067465096 0.1943530000831062 0.2345591145293026
0.0580392982617727 0.0423477886414204 0.8953956622445175 0.1938601573236318 0.2342997743584518
