0.1122630164770915 0.7785568752210261 0.8204363628230709 0.0177369855655156 0.1776100284651074
0.1126016670567539 0.7783992284797879 0.8195225549717544 0.0177145775794183 0.1778748584028529
0.1128001568746109 0.7789212791921727 0.8201741532674829 0.0177719741797259 0.1783998723426679
0.1125903342647600 0.7789020098829414 0.8201906151223864 0.0178335824972460 0.1776997913351648
0.1127415437119950 0.7796035050028488 0.8205879503899413 0.0177219513237667 0.1776972512176145
0.1129590057076712 0.7800046499093715 0.8211999543930710 0.0177375771038469 0.1780190641220248
0.1121181696962732 0.7779018192954665 0.8188638536905245 0.0176388260846865 0.1779895846036970
0.1127014571792402 0.7791102153742147 0.8202551468675920 0.0178567547981583 0.1777351230791444
0.1118413410858928 0.7781768214180211 0.8191175885525667 0.0176462518353132 0.1782343798157513
0.1134059468111881 0.7795784811726013 0.8197961680047443 0.0178724042065535 0.1784112565013283
0.1128898491938282 0.7790158003259157 0.8207670696576289 0.0177913011843759 0.1774671184797225
0.1126288796595189 0.7794184815403450 0.8211170319143554 0.0178371856669814 0.1782050164571232
0.1129078497958988 0.7800549702119325 0.8211216228477584 0.0177468819424182 0.1779483524829675
0.1131078025592792 0.7799986810955699 0.8208395812360920 0.0178415490346813 0.1787308437853063
0.1123171540870440 0.7781666227190580 0.8193307095138205 0.0176963467833532 0.1781170490909360
