0.0111687949403693 0.0669511882888407 0.0466245672265985 0.7981370465848199 0.3541207346239828
0.0111681657002650 0.0669716694833145 0.0466500477340566 0.7982776281099222 0.3542355328143005
0.0111691067307739 0.0669954437052664 0.0466262287423160 0.7981422522538366 0.3541576420091319
0.0111627167280764 0.0669763991721733 0.0466001686134884 0.7982386372113160 0.3542003714773623
0.0111705375528873 0.0669977304901188 0.0466714085257872 0.7982670162578482 0.3542585111215580
0.0111717504095336 0.0669677414420824 0.0466233911143292 0.7981441201211560 0.3542661450361578
0.0111701978232956 0.0669655871867887 0.0466410217711768 0.7981415586546675 0.3541412041058167
0.0111707451823598 0.0669405342724655 0.0466293759818325 0.7981461857836341 0.3541801659872508
0.0111702888963659 0.0669574606035222 0.0466293390858155 0.7981354768362712 0.3541026854683132
0.0111712517534205 0.0670086538025194 0.0466678508495340 0.7983248739007108 0.3543102819162240
