0.6834050470599855 0.8857280479186527 0.9993390244989669 0.9664649940310024 0.9954112276161415
0.6737223299657608 0.8817960512144116 0.9993038720240458 0.9628321379969278 0.9947814355097608
0.6774873004867243 0.8848717676285363 0.9993538090380079 0.9672100253574996 0.9955772398033258
0.6765046189759408 0.8818865448888584 0.9992038523399245 0.9653569957973182 0.9953538465260734
0.6682082386857481 0.8838491891422908 0.9993304924682042 0.9643476363065515 0.9954897976776300
0.6690270367988854 0.8832026991258446 0.9993561454585320 0.9640143378049032 0.9954755701838821
0.6693215177687729 0.8854406374201685 0.9992144537286332 0.9654426988743023 0.9952159164477586
0.6761176230812077 0.8821775083481969 0.9993469712394945 0.9641143726909714 0.9954519144537550
0.6769826150639162 0.8805757750729226 0.9992182516429466 0.9645711896902645 0.9954141169142595
0.6815528215726262 0.8856486596845968 0.9993206792818610 0.9667844609866745 0.9953587966482828
0.6824247730187004 0.8923171582035392 0.9993396355296650 0.9676627779712271 0.9953108857854417
0.6721653025376656 0.8882143732305269 0.9992873042701551 0.9647811158985777 0.9949991623413795
0.6721997365212323 0.8863594457797599 0.9992971887700363 0.9649420285321511 0.9948865901704421
0.6745789782938907 0.8801684903209532 0.9992139322307140 0.9644222127629237 0.9953301479013126
0.6757573158523539 0.8844653659930654 0.9993218154847123 0.9642193619185363 0.9948384259287116
0.6863531702299535 0.8935884844091777 0.9993679150009138 0.9681828159168122 0.9954751375638221
0.6705035847864131 0.8832669979621052 0.9993205410626071 0.9644302518244869 0.9954969794719202
0.6731539104293043 0.8797741261373204 0.9992714012367019 0.9652994158309538 0.9952452844025649
0.6768776449402840 0.8827596030321746 0.9993877237744306 0.9644016552371769 0.9955122942572548
0.6856715081173604 0.8912985366009123 0.9993632033249884 0.9675442792067562 0.9954002563040383
