0.0112587916720284 0.0670709653629654 0.0466744690304614 0.7982895317343938 0.3549979429159839
0.0113302234003655 0.0667325260163980 0.0470393920845868 0.7985447890314890 0.3548818518452102
0.0112819064439568 0.0670853094443885 0.0469983422460167 0.7990545295314632 0.3555219833516142
0.0113179295133288 0.0670756362195064 0.0470755342566950 0.7983456496394928 0.3547277358396660
0.0112867752571880 0.0669373862739960 0.0468078239207224 0.7978993059567766 0.3543421583115091
0.0111771640567487 0.0671766753346288 0.0467183600952068 0.7984131208215115 0.3551940455113167
0.0112329901603065 0.0674209232786524 0.0471918295375716 0.7984219668102238 0.3554327377305336
0.0111709385544329 0.0669645047777520 0.0467365791922205 0.7972919280027941 0.3547874597118000
0.0112707101339251 0.0666773317473197 0.0469934848304395 0.7984460835559869 0.3548208418825511
0.0112191235175318 0.0670680332414147 0.0468229732044143 0.7988835609773737 0.3553961967729736
0.0113533815110514 0.0670681177958067 0.0467762677628760 0.7984506481407919 0.3550738136737110
0.0113217147963748 0.0672166420486320 0.0467541092896569 0.7985323163601802 0.3556033483890762
0.0112587916720284 0.0670709653629654 0.0466744690304614 0.7982895317343938 0.3549979429159839
0.0112244783771222 0.0671929089748484 0.0465896111074760 0.7986222900989324 0.3555703656144076
0.0111864547610602 0.0671964869618604 0.0466916130591016 0.7985790713318855 0.3549911757689939
