0.6956424483501867 0.6584011502572894 0.9864332080439572 0.9964078368765787 0.9225967668712437
0.6939537453672886 0.6577444379357056 0.9865389393796228 0.9963452169175132 0.9218597453953453
0.6953533483784835 0.6589705421573983 0.9863756025024920 0.9964075240529970 0.9224548182961591
0.6939414552788048 0.6580942140272076 0.9865075893902635 0.9963499348387908 0.9221052916608364
0.6954015555795575 0.6582283015910561 0.9864600603660454 0.9963772087044573 0.9224855271434118
0.6946107216353591 0.6579606627320664 0.9865266957567208 0.9963751203873651 0.9224130595143489
0.6953750407498547 0.6588968446635699 0.9865389120100734 0.9964071904070031 0.9224606769063303
0.6952518497511319 0.6596100968283398 0.9865539318151255 0.9963964659257930 0.9228927080444029
0.6944632110856488 0.6579182411316136 0.9865478519564765 0.9963540471718876 0.9219508265727593
0.6947494061697579 0.6591035200905605 0.9865225784252925 0.9963942460496678 0.9222659600145962
0.6947797062672598 0.6581233862741833 0.9863596400801662 0.9963807310049628 0.9222490165868680
0.6951757899881227 0.6587276220954301 0.9863641239863628 0.9963384107328545 0.9223024134019100
0.6956424483501867 0.6584011502572894 0.9864332080439572 0.9964078368765787 0.9225967668712437
0.6952616449427662 0.6576567143620486 0.9864810432213084 0.9964057921746003 0.9227554614446435
0.6951983965278626 0.6580585171406266 0.9865325709547047 0.9963805487318050 0.9224046029371182
