0.0674216001357842 0.7536701863872393 0.1788139299904089 0.2571027482634503 0.0085777980844984
0.0654760489499397 0.7561607346051908 0.1762302171922798 0.2589215730485965 0.0078228351173842
0.0674118074192854 0.7594867190224662 0.1811210461085659 0.2621557473231527 0.0089475065664663
0.0641921640913281 0.7614185549454757 0.1736130446496308 0.2523599374980185 0.0078075612201750
0.0668690710736104 0.7596531441235682 0.1717363604869151 0.2607405349965352 0.0077828415914381
0.0686280930840911 0.7578570714588186 0.1774031831761673 0.2537462746358273 0.0091650224797103
0.0656700311389467 0.7642133122537372 0.1728371068940665 0.2545848715935674 0.0081617333208706
0.0693484604325413 0.7495159888617324 0.1778518260249173 0.2601985460306145 0.0081213837175997
0.0682919661148580 0.7602800584134358 0.1829143463563645 0.2643821831137077 0.0092178999396790
0.0643663523033332 0.7663222472730331 0.1846230773057695 0.2625129172932316 0.0085457925318492
0.0655034130684093 0.7533247313079017 0.1776027661818823 0.2515044459648169 0.0081923102968411
0.0669005481686315 0.7537483469158360 0.1797009443488178 0.2555844319166519 0.0081687805673396
0.0659854855487159 0.7640565488760160 0.1741032084949595 0.2530902535049780 0.0078051207914278
0.0671811596133815 0.7620206637014073 0.1779476485398598 0.2645037974702931 0.0080647415009479
0.0654490104585814 0.7604618958190182 0.1720007756584923 0.2546794696520395 0.0077972446253642
0.0659922417531659 0.7584256824084263 0.1771823051717095 0.2594080274710924 0.0076126642030801
0.0668556067582267 0.7552688487686630 0.1820496060046389 0.2570148816275766 0.0082577126433814
0.0700582522571589 0.7509247707227844 0.1764310449859488 0.2566864954487580 0.0085075529194529
0.0665256280464628 0.7510772256899686 0.1704044689345589 0.2519143373021986 0.0082661403262753
0.0699124823236019 0.7518715359123035 0.1800775809934264 0.2568383640705619 0.0083356031950028
