0.8533109033505806 0.0155032435721537 0.5712257733376844 0.0001867824391792 0.0000002203084741
0.8548613186030763 0.0155764929142386 0.5725013851964046 0.0001868394198656 0.0000002246139922
0.8531699311706294 0.0154993278677564 0.5720165219082776 0.0001877940595281 0.0000002175626955
0.8545547036568530 0.0155535840707009 0.5726180864883318 0.0001863230898572 0.0000002230592013
0.8531841574978926 0.0154101694405471 0.5716542997289480 0.0001846428798302 0.0000002186448203
0.8538193938397868 0.0154922903674669 0.5721628048810498 0.0001854443583381 0.0000002171398665
0.8544959914816048 0.0155102359449129 0.5728949797348621 0.0001867197944060 0.0000002222279205
0.8543496043145945 0.0155864098150123 0.5724475815807101 0.0001876647765399 0.0000002223702837
0.8546301234306392 0.0155707554064931 0.5731728595338001 0.0001872321597143 0.0000002249306154
0.8544223884312987 0.0155295591207638 0.5718035227298478 0.0001847433220712 0.0000002217618979
0.8530282827474002 0.0154838209244012 0.5718855012542073 0.0001853119887161 0.0000002209053866
0.8533317864015939 0.0154295035774465 0.5719067906630205 0.0001852026225919 0.0000002193975184
0.8533109033505806 0.0155032435721537 0.5712257733376844 0.0001867824391792 0.0000002203084741
0.8530840521495454 0.0154982061391584 0.5713043965105432 0.0001852626704605 0.0000002194260521
0.8541440722715739 0.0155174131583607 0.5724136103971526 0.0001861091119847 0.0000002185783548
