0.1119943439771443 0.7688957962325900 0.8206948378681762 0.0177969239137410 0.1723781001999466
0.1167920601946385 0.7752328118527381 0.8100720524623235 0.0181961049569430 0.1704947730461658
0.1090944266307998 0.7741590095075623 0.8164866365984116 0.0178574210681371 0.1795925100665202
0.1142587576856671 0.7745457639108372 0.8203488377836734 0.0173417347874776 0.1848110397080051
0.1090739830134657 0.7734258001602249 0.8198940696988688 0.0180481189029890 0.1764639528929600
0.1094835639460496 0.7785098258573370 0.8208887344398703 0.0180023141184475 0.1769321501681269
0.1068047666146572 0.7797613277547394 0.8194893581764408 0.0181698334012520 0.1832504368247681
0.1109696173221982 0.7814984896288323 0.8176620109311803 0.0189562965187810 0.1774488817002784
0.1120436163709525 0.7717080169800696 0.8202363444370251 0.0175585492970558 0.1841637572884026
0.1115658241565959 0.7702335335568590 0.8219021691230142 0.0178346262952934 0.1751537436696874
0.1107449685858965 0.7761402570617199 0.8143458325769262 0.0184440357847474 0.1723595534185340
0.1151110497685117 0.7766550708225851 0.8178678108572396 0.0176837991718245 0.1786378858332892
0.1148502591008529 0.7743645228392143 0.8180125499135730 0.0180348056890872 0.1803869086708680
0.1120436163709525 0.7717080169800696 0.8202363444370251 0.0175585492970558 0.1841637572884026
0.1165335866092782 0.7732288336537597 0.8116601736851646 0.0179743639134784 0.1711885626168001
0.1111255608732939 0.7743521996871305 0.8151724930790770 0.0181129235362139 0.1717653273984535
0.1092765913220517 0.7748706776672263 0.8211397273472566 0.0179158788599752 0.1789722931687232
0.1119475537534910 0.7780015405227084 0.8189323279741353 0.0183791035026944 0.1751393579650911
0.1084422152925166 0.7789860781628567 0.8211938042141618 0.0178662237925004 0.1774943715367024
0.1128966445331739 0.7785731722137582 0.8188377589065000 0.0186131570329792 0.1739979254897220
