0.9068939199017173 0.9993704525603232 0.6853579892441073 0.9608575970938159 0.9788261800305562
0.9038683553014963 0.9992707752421494 0.6759663209622914 0.9581437509043214 0.9765645092791125
0.9117741129981082 0.9993812320388565 0.6805776271612952 0.9614077025837029 0.9792535652008915
0.9079975793684489 0.9993745869277639 0.6915674268164707 0.9608284672649885 0.9792876427507988
0.9116202287680925 0.9993845361637381 0.7009772218765774 0.9628263150062405 0.9795982977798423
0.9124845253075863 0.9993820713503344 0.6985690904541336 0.9628670326753718 0.9791693993683919
0.9084962376129971 0.9993635198370731 0.6855516782403825 0.9613647780706426 0.9794856253579486
0.9097650310870785 0.9993633827407056 0.6949734005344554 0.9591142523975850 0.9777523350223015
0.9074852164765946 0.9993130497784508 0.6836002783239709 0.9598538139542870 0.9785059692530701
0.9076949005372639 0.9993365872636641 0.6883207485219861 0.9613007334246996 0.9791053896096411
0.9097585063095677 0.9993574362215947 0.7002760015249599 0.9605878711066891 0.9801220715561196
0.9106991061986655 0.9993834596982016 0.6876665231419743 0.9596868996552503 0.9785663445441481
0.9108130965667519 0.9993888186351869 0.6868012581069597 0.9597022731539109 0.9787750381789222
0.9073314086584046 0.9993112040150199 0.6832423846774172 0.9601653103428515 0.9786925360102767
0.9070606408950590 0.9992939998825436 0.6782994346912933 0.9582816722790457 0.9768785401608324
0.9112592044948362 0.9993903277803391 0.7001276421392144 0.9602237836363102 0.9799248866149137
0.9113980508418436 0.9993809736524587 0.7020712709796758 0.9627088936925818 0.9795252760972774
0.9105386860003466 0.9993249937314455 0.6933076736915860 0.9597573293726838 0.9789802721530265
0.9103613216918104 0.9993754299416607 0.6928785509172468 0.9590834001515600 0.9784395878367682
0.9069459689058106 0.9993335619919496 0.6963179807909917 0.9598597460744009 0.9796894623905018
