0.9166963450937730 0.8249704065616649 0.9342707548642433 0.9469875894753021 0.4824504429612327
0.9157989527191148 0.8187893428871349 0.9328398020508750 0.9475467059799474 0.4760664943073645
0.9148089650295622 0.8213445894881738 0.9317457758555865 0.9482333940776688 0.4812961308292116
0.9107811239417973 0.8201165411939204 0.9317447874065570 0.9467755410714794 0.4852926308036100
0.9208333329818861 0.8317922025126545 0.9313126750122414 0.9457183187536824 0.4813416266174956
0.9237649992380893 0.8314333451273732 0.9316396235064521 0.9459777949116895 0.4899130978368266
0.9158005045750316 0.8217241910922740 0.9324985978941521 0.9460245245519675 0.4760418921367905
0.9232945231737153 0.8244261623355166 0.9334679075277258 0.9488389233227466 0.4842086894631280
0.9088231001104707 0.8238678372043576 0.9325377495641226 0.9464728037898900 0.4817139434755346
0.9165582391386151 0.8223726401832714 0.9324967050420366 0.9483062799949903 0.4831892224023877
0.9159646165199791 0.8214112389276274 0.9346346245704085 0.9418817267478846 0.4879120357282192
0.9134669375945532 0.8212241285200242 0.9324576380478783 0.9476042886984160 0.4720388904775948
0.9142753818419024 0.8226725351792239 0.9325581340829064 0.9472175196843243 0.4746295876571819
0.9096840924090488 0.8240551856979967 0.9332260625091608 0.9465628554679821 0.4819409267993296
0.9149272895735028 0.8162283353364013 0.9326582210848049 0.9478492537031514 0.4740991154978935
0.9158105307056481 0.8223214826793823 0.9345106060251936 0.9423010296990524 0.4855847810130750
0.9233359927702004 0.8339414095931682 0.9318298306480396 0.9470993576515527 0.4867067449159461
0.9194805697762563 0.8181593777467283 0.9323198445326135 0.9487730389129960 0.4762095872359355
0.9237691904627428 0.8283694290685062 0.9355910471798004 0.9483078405029691 0.4859527113087482
0.9165535478006696 0.8153948400744180 0.9345113093449332 0.9428142558000340 0.4794830063177541
