0.6724521940109336 0.8827221840590024 0.9993571742790234 0.9662758508787083 0.9952856559222790
0.6723144967847876 0.8827288916875031 0.9993572930569039 0.9662938869436632 0.9952940633093679
0.6723165901848266 0.8827175604303986 0.9993570889885577 0.9663049767285328 0.9952893875542713
0.6723609076143257 0.8826476557662412 0.9993567725525764 0.9662917265886309 0.9952870076062823
0.6724267007084271 0.8826832970848378 0.9993570461280608 0.9662585224857246 0.9952827153753214
0.6723541992718389 0.8826669951621404 0.9993571194989217 0.9662968557111928 0.9952856166043648
0.6723240232411799 0.8827083740336890 0.9993573776878041 0.9662730628103269 0.9952904061933540
0.6723752927929152 0.8827451398444499 0.9993579993243109 0.9663029195513557 0.9952934477812737
0.6724226731779669 0.8827604080151942 0.9993574949893436 0.9662978563455703 0.9952921105141409
0.6723608175720288 0.8827215151742283 0.9993571575642524 0.9662767984300895 0.9952879339485338
