0.8540949948212883 0.0155179880043901 0.5715240988862171 0.0001857238643124 0.0000002201650217
0.8540985619806941 0.0155233391953618 0.5716191708129141 0.0001856066739486 0.0000002200271647
0.8540771240986760 0.0155277019983491 0.5716939153503329 0.0001858979291162 0.0000002199180708
0.8540211182024574 0.0155334200114797 0.5716414354540741 0.0001858555713120 0.0000002197652027
0.8540423130204374 0.0155220594857957 0.5716035877146880 0.0001857566630808 0.0000002197764319
0.8540219374134443 0.0155245793733528 0.5716436237620708 0.0001857035130414 0.0000002199841731
0.8540785373881936 0.0155295712046958 0.5717108715755580 0.0001857362369921 0.0000002201228925
0.8540850325464246 0.0155192613507844 0.5715325366090461 0.0001857443298093 0.0000002201895876
0.8540802816949250 0.0155158453342478 0.5714998655592959 0.0001857562541674 0.0000002202230898
0.8541370250546603 0.0155199527926924 0.5715684022238982 0.0001857204927197 0.0000002198221614
