0.5052252472412057 0.9108136973726646 0.2395965996443327 0.7413021488324714 0.0196590328535016
0.5051503631844092 0.9108156876751196 0.2395698608308067 0.7412490394268696 0.0196699915091587
0.5052936914675574 0.9108522379510317 0.2395819236845933 0.7412202672797283 0.0196779411228912
0.5051286392700276 0.9108284658165994 0.2395707892192714 0.7412650238434292 0.0196499393156194
0.5051497708259780 0.9108249691707274 0.2395483958620642 0.7412598479543102 0.0196572140535261
0.5051339221301084 0.9108175756593063 0.2395288427113784 0.7412561250816402 0.0196518666754884
0.5051024253180537 0.9108193705052385 0.2395693030229534 0.7412336531653912 0.0196765966686040
0.5051751755326990 0.9108402776535373 0.2396085111086269 0.7412923882213420 0.0196643625533841
0.5051704945867813 0.9108112270750094 0.2396100715910507 0.7413091317659615 0.0196553670682765
0.5053581458102158 0.9108144271263851 0.2397078931053319 0.7413267399485282 0.0196626024959543
