0.0681781113723612 0.7612686027598533 0.1711783129837651 0.2605155988602533 0.0083326001269174
0.0686630016856533 0.7621756486784385 0.1711769580692349 0.2614709812493035 0.0082916475378783
0.0682905058584602 0.7620472254643839 0.1709459069108303 0.2600928027580890 0.0083564823389848
0.0687021587283949 0.7618320109172435 0.1713481700549268 0.2615125500913567 0.0082914639329814
0.0686045222381564 0.7623951521853507 0.1715870444000984 0.2609608794951639 0.0082798926196872
0.0684514009946871 0.7615215810746314 0.1708044919578493 0.2603668212498905 0.0083642313713873
0.0684279867661818 0.7621179836304259 0.1708745348802881 0.2602475331655107 0.0082928119642566
0.0683856140091978 0.7617939507464315 0.1712020871634188 0.2607866480291618 0.0083044635890560
0.0686302822496137 0.7619088354940861 0.1710124833213577 0.2611191306637815 0.0083268020758727
0.0684074239992205 0.7620891125582763 0.1709281445632571 0.2602281357200027 0.0082752701655481
0.0687627284733816 0.7622933777394852 0.1711158564505491 0.2608074208876456 0.0082900244631571
0.0689905372424940 0.7627209551028497 0.1708852033030437 0.2609483455696816 0.0083476429376048
0.0681781113723612 0.7612686027598533 0.1711783129837651 0.2605155988602533 0.0083326001269174
0.0681517399643561 0.7610320773090579 0.1710918169449543 0.2606940693458024 0.0083114168158513
0.0687472391011437 0.7617254968441157 0.1701090768274701 0.2602324108882474 0.0083659395882225
