0.9321466463716238 0.1745182864045436 0.9317503041272965 0.1550561188947930 0.5355293211578502
0.9321352369747132 0.1745926711059083 0.9317130106377969 0.1549768045609043 0.5355051898384958
0.9321641283274714 0.1746873746192802 0.9317485513702759 0.1550225492971058 0.5354562922883946
0.9321685557877648 0.1745781821827222 0.9317208772691442 0.1550228600675980 0.5355500388653753
0.9321571006805104 0.1744703335147828 0.9317288334470623 0.1549912935818157 0.5354518707805547
0.9321450850874385 0.1745241147757490 0.9316847589310491 0.1549966078593073 0.5354731305320398
0.9321408869135562 0.1746338824449233 0.9317508482534878 0.1550200311392776 0.5354592763289109
0.9321153339205773 0.1744757558182079 0.9317124204358339 0.1550041994413331 0.5355030079425677
0.9321571923776857 0.1745164046463389 0.9317480859262719 0.1550428289463622 0.5355054975087779
0.9321312844950874 0.1745761437588419 0.9317282542395546 0.1550302125669469 0.5354824120074219
