0.4246288878178973 0.9587906133969687 0.6778606093280880 0.0203736337724067 0.1093385596032937
0.4332195883160370 0.9588474866568847 0.6696864373548224 0.0213702079255628 0.1023670723433490
0.4160686278060315 0.9578520096619904 0.6728585747780235 0.0197748412410317 0.1059286510447065
0.4179830321196649 0.9614119078183780 0.6738120200712677 0.0230053220264697 0.1041976069632635
0.4152081224902534 0.9610212584197455 0.6659760692026191 0.0209538255667244 0.1020057803864838
0.4302316306660087 0.9584360967641247 0.6746088885567638 0.0200593140946392 0.1061379865116168
0.4204407479712610 0.9611964166031416 0.6770358033392467 0.0207551741582203 0.1053248816315241
0.4293634665633222 0.9582456431437247 0.6731306074918160 0.0195957022075036 0.1057918357283849
0.4199179337138399 0.9579852835306063 0.6748930731436729 0.0198267580722324 0.1069313840151758
0.4180066162715412 0.9578854752596364 0.6678518383899302 0.0195546056564320 0.1043436617233647
0.4178011944787348 0.9584582736472564 0.6706215254312117 0.0203453304112943 0.1080045625617240
0.4196181764839987 0.9583760507168552 0.6732534763783826 0.0213750642453155 0.1071243746908503
0.4201829435417195 0.9616965986199681 0.6760754893035289 0.0220876613783155 0.1027595778588894
0.4128033636480006 0.9589025893978608 0.6744675028311437 0.0210288215638096 0.1070929866498451
0.4208510348943059 0.9622153239129186 0.6782384915909421 0.0223810268283920 0.1030281669662315
0.4156679712083816 0.9594037911773931 0.6811320597419177 0.0212852094587221 0.1118729800561851
0.4199228671118653 0.9577782641893193 0.6737001705909629 0.0211259324486823 0.1079504498857260
0.4165659938573703 0.9577973272751065 0.6723019920995341 0.0203971128087339 0.1076899661603417
0.4161900128923396 0.9567486671651168 0.6673931311064437 0.0201732353872601 0.1044076741584874
0.4245567030121736 0.9589927884138415 0.6766493251075874 0.0201895163686936 0.1070716639334075
