0.0914157610558257 0.8765849056852065 0.8106014681592096 0.5719707522203921 0.9984033892777360
0.0914377170506418 0.8764811267113805 0.8106867933888687 0.5718525326172395 0.9984029134172940
0.0914119254682529 0.8766012875752281 0.8106558727273706 0.5720364965533036 0.9984022008205987
0.0913945366212753 0.8765110101411453 0.8106408996922668 0.5718978776797327 0.9984028138298789
0.0914141923444827 0.8765875249014965 0.8106416600210633 0.5720311810773542 0.9984018734351393
0.0914186743868858 0.8765606519977106 0.8106395479319100 0.5718875761898325 0.9984034476714219
0.0914247920112771 0.8766315645938360 0.8106982800945317 0.5720123201572958 0.9984031892215516
0.0914041109993326 0.8765460695377606 0.8105850782226949 0.5718401252721975 0.9984040840984242
0.0914211938224601 0.8765909165197128 0.8105966320512539 0.5719641294966334 0.9984032811147567
0.0914125783614543 0.8765490038122562 0.8106559601645325 0.5719974849323550 0.9984027212124897
