0.9153720703066649 0.8220632600820971 0.9332316595880428 0.9489309093339303 0.4762427917822198
0.9158764800259332 0.8232739123683515 0.9332803356902257 0.9487629439666492 0.4763367715055830
0.9160126185471869 0.8234397864568105 0.9332973012563940 0.9492943760636415 0.4780351701679277
0.9159077222751781 0.8232656672708281 0.9336029822064874 0.9491661254940704 0.4769067279223069
0.9157441960448172 0.8230805648980801 0.9331431943640288 0.9488362278366680 0.4770484857242526
0.9154605003972704 0.8230326938574790 0.9333457454619820 0.9491576904802073 0.4769436041773750
0.9154136598705277 0.8223231634141505 0.9329608021566516 0.9488081020263831 0.4765885702641363
0.9158679200417805 0.8231907086618075 0.9335708750406086 0.9489927632290108 0.4762023131529314
0.9155597894428329 0.8225354708065771 0.9329036111005566 0.9487658146870980 0.4766164515948758
0.9158635995543286 0.8230142861986958 0.9333019502397417 0.9490076244361754 0.4775841521985899
0.9158149554403527 0.8230631486858814 0.9334332113110666 0.9487090801790252 0.4777685507630803
0.9160733080188381 0.8237153362287645 0.9336128756045114 0.9493652678061135 0.4760748491894310
0.9154605003972704 0.8230326938574790 0.9333457454619820 0.9491576904802073 0.4769436041773750
0.9154143688427790 0.8229272884177251 0.9332496524201938 0.9489338749903842 0.4764981805376493
0.9157271461261917 0.8231325288908671 0.9332793151777158 0.9489126157667892 0.4766379828220243
