0.5057421524672081 0.9109959357736340 0.2402685792950359 0.7412846101598037 0.0197594479815396
0.5064824773435909 0.9113134578756663 0.2400271810460412 0.7422481203544267 0.0197425001647131
0.5064183201305501 0.9115590366258530 0.2417900487770373 0.7420770202978573 0.0198185454135317
0.5049651656513550 0.9110489854172493 0.2393846971495691 0.7416735405774448 0.0196517363422003
0.5057787776142620 0.9111053407646084 0.2398060650867167 0.7420661580734101 0.0197936368779370
0.5061844268794868 0.9112599375261342 0.2401982202480118 0.7423069700380795 0.0196762088588361
0.5064204494022279 0.9112428204348499 0.2405945282006864 0.7421469586956679 0.0198887091251481
0.5048845846509811 0.9109499853338271 0.2393132850277304 0.7417665572137538 0.0196605555399404
0.5067343918546663 0.9112693494712757 0.2404976416573234 0.7418471312193109 0.0198811258846743
0.5060461128061081 0.9113052835042886 0.2413744109877566 0.7420408235074130 0.0197634925486781
0.5062592340015419 0.9107144664792217 0.2408339756199241 0.7416525364518438 0.0196318772196642
0.5062822863449501 0.9109702567107230 0.2389112166950852 0.7422071618868603 0.0196488833507402
0.5060742880944321 0.9112115820812116 0.2401165977841985 0.7422139798040691 0.0196873854237810
0.5055851722583765 0.9111360087916690 0.2399778240618460 0.7417110291550280 0.0197643403447491
0.5065649923145205 0.9113146232294865 0.2400474664727411 0.7422052441218336 0.0198002933131732
