0.0575497965572783 0.0419411944368463 0.8947835885544014 0.1939027763633739 0.2348730711177744
0.0575347711157735 0.0419778805201743 0.8948364882646596 0.1939935396880250 0.2349678899839457
0.0575901572120386 0.0419846108823681 0.8947984458945282 0.1941468970876115 0.2349870029733195
0.0575902254156879 0.0419829069176143 0.8947008120702939 0.1940941738785759 0.2349190810056752
0.0575524957674698 0.0419429282248394 0.8947496955817533 0.1939403772712184 0.2348872030414126
0.0575711559372426 0.0419803997415280 0.8947208321081425 0.1940806431186323 0.2349197956120715
0.0575506721985224 0.0419907877492437 0.8948231486578103 0.1941015712073334 0.2350142445636631
0.0575276892453924 0.0419677784090609 0.8947702040391630 0.1940383382103567 0.2349732335156429
0.0575681004170454 0.0419911231346222 0.8947702548191003 0.1940505000277407 0.2349308329389930
0.0575618149596507 0.0419510270975177 0.8947411083714962 0.1939373556426878 0.2348230354834803
