0.0669295035946118 0.3972773464970672 0.2094267866269504 0.1297057272805439 0.0019190813009217
0.0703284595576867 0.3975690827225545 0.1966696178352009 0.1307575757140449 0.0017970971089260
0.0656571283910668 0.4078127401500027 0.2006309408911072 0.1310442791302779 0.0018612363404780
0.0671756912462249 0.4116792470522484 0.1992151033626553 0.1368141455594359 0.0018731036265222
0.0728525254420554 0.4047210362131513 0.1945899566340000 0.1321750306138430 0.0019755175370317
0.0720209170792987 0.4033144331983128 0.1975093437697722 0.1335891388098004 0.0019253603157483
0.0711625031744600 0.4214772036268924 0.2012854131795400 0.1370747630315287 0.0019152457934240
0.0703850931420360 0.3983779304685134 0.1983167458463516 0.1344518800889734 0.0018620983345046
0.0665906035459772 0.4124238522596498 0.1969889434181823 0.1389127605963247 0.0018340578433101
0.0662913974751834 0.3957687088571598 0.2094131454338150 0.1278248122182842 0.0019888300714770
0.0698503032045645 0.3988324054254863 0.2013450906487957 0.1293663846355002 0.0018873486565051
0.0680390822840638 0.4092477040684616 0.1908480263421217 0.1329495618244155 0.0017761664245556
0.0694750532440739 0.4128062610803806 0.1947536570857502 0.1361081819171112 0.0018497155979512
0.0669207124654212 0.4118373282127757 0.1965139033574405 0.1405055636280415 0.0018462786765943
0.0693895188874038 0.3962436395296623 0.1969969315785591 0.1319527344651313 0.0017861628284141
0.0692874655163227 0.4008793550379170 0.2002181265975076 0.1285030153984643 0.0019145915031349
0.0735095893415426 0.4046693939557732 0.1958322374225234 0.1341099352215578 0.0019532995727625
0.0656328454150266 0.4010530329694377 0.1984691551646115 0.1329106837595333 0.0018615443237896
0.0697547878295504 0.4009227359990721 0.1973711757333201 0.1355002479794759 0.0017920416499898
0.0677339053818956 0.4038334071283507 0.1977133030773401 0.1306296936266831 0.0018673227946432
