0.1243710462520215 0.9604447328442146 0.2600066395562659 0.7038845385017274 0.6715742729033932
0.1243201528870924 0.9604373012226722 0.2599283251601490 0.7037997371585424 0.6716060093709922
0.1242755633502240 0.9604421506945182 0.2599270832683488 0.7038838541546639 0.6715994529926697
0.1242774967657405 0.9604503227679266 0.2599692077887375 0.7038242391269947 0.6715834398917973
0.1242825605144777 0.9604328645930525 0.2599810303554591 0.7039292982924206 0.6716087961682222
0.1242689425283662 0.9604554701258152 0.2600938073992958 0.7039544396187497 0.6715367747971646
0.1242606221588460 0.9604322021398809 0.2598982449184431 0.7038078690921158 0.6716741395538023
0.1243796058864900 0.9604597922550594 0.2600251739808728 0.7038840266467594 0.6716577922890667
0.1243550353500230 0.9604417519443025 0.2599963977676101 0.7038893027365463 0.6715793034486106
0.1243344588334082 0.9604465052091594 0.2599737985778000 0.7039154746493607 0.6716234380781904
