0.4111850735552911 0.9570094179529730 0.6697775546547684 0.0195593887528436 0.1013950722218455
0.4100536393094045 0.9568750895070846 0.6690575274992212 0.0194799679935225 0.1008152471881509
0.4108161107730076 0.9569048760452902 0.6693555625226634 0.0195929488747530 0.1006593082812448
0.4100380136058377 0.9566918725495783 0.6686359904050293 0.0194131126614214 0.1010244964242657
0.4106526910106152 0.9568131339822916 0.6686914481229065 0.0195214109497528 0.1003567193676459
0.4114273426063598 0.9569388927769814 0.6689691203075891 0.0194637112466288 0.1009656900308586
0.4118638276909332 0.9569018022942006 0.6691717145375370 0.0195282599523167 0.1004480622820041
0.4110439889552576 0.9568815648816059 0.6686974980817216 0.0194558651186637 0.1011686902731608
0.4099329449794472 0.9568324319447714 0.6694930554509680 0.0194738812989013 0.1004836178350286
0.4110627281280154 0.9567847161187589 0.6677316583843894 0.0194639995430779 0.1007890063027103
0.4104290790917169 0.9569968922735798 0.6680526018645405 0.0194598562800833 0.1002418900013985
0.4107455268696306 0.9570245958302411 0.6687972399256861 0.0195206375315882 0.1006810803526631
0.4111850735552911 0.9570094179529730 0.6697775546547684 0.0195593887528436 0.1013950722218455
0.4116021527969317 0.9572457633403538 0.6692705838613291 0.0194937088332331 0.1011225163050309
0.4102163578384102 0.9569047978383493 0.6687912429991250 0.0194290047967761 0.1009626124276743
