0.5254757032567844 0.1573824496517779 0.0028589433464610 0.5237636962467191 0.0941910978679129
0.5254959942315327 0.1573202324651075 0.0028610199997037 0.5238018179579736 0.0942178403257909
0.5255293342058461 0.1573626198591289 0.0028601617626734 0.5237052245227938 0.0942036992204133
0.5254434184737786 0.1573885524719051 0.0028582168995845 0.5236935123679564 0.0941518844292925
0.5255473845298300 0.1573519052332362 0.0028588924568833 0.5238356545585746 0.0942011499219376
0.5255230961317923 0.1573883792048147 0.0028598914602697 0.5237371245475310 0.0942166999864349
0.5255492912827355 0.1573302385128696 0.0028625691114780 0.5238741903348901 0.0942385363015168
0.5254348484499249 0.1573369553056124 0.0028595915721772 0.5236669310228795 0.0942281794514765
0.5254975416849776 0.1573851590167401 0.0028594983629248 0.5237855455696182 0.0941931401972493
0.5255719416949213 0.1573272021818415 0.0028602822687972 0.5238404359862577 0.0942272424755228
