0.0874724890244210 0.8771373612507274 0.8132184789636306 0.5805662043363693 0.9984038505520831
0.0890730894495135 0.8782319016844932 0.8053028763278829 0.5550145986472959 0.9984028229037015
0.0918982870854335 0.8821937480744731 0.8147235539667649 0.5729326286871899 0.9983278643004961
0.0912224339778483 0.8795636481921119 0.8106278361178568 0.5681682879630428 0.9985158051102972
0.0925207672007611 0.8789531045492768 0.8135590436784593 0.5669997993822797 0.9983775253895261
0.0896454644044618 0.8814890477864803 0.8133220606515592 0.5744052820652435 0.9983622386944997
0.0912263522334298 0.8766613160719317 0.8085520834495383 0.5634278689039837 0.9983930983388806
0.0886566271737830 0.8745853500477916 0.8123518957637352 0.5493393122505140 0.9982818027466772
0.0937239383165361 0.8835673022794660 0.8142609347023881 0.5739157317052240 0.9983663424613817
0.0927543291491415 0.8841871888255871 0.8215101112546666 0.5790158951473660 0.9986896471912070
0.0875348520663179 0.8767862504737102 0.8137381851448248 0.5720233296689288 0.9983508270915362
0.0964782411975771 0.8847804361049645 0.8112768529416273 0.5722805543971303 0.9986155168548940
0.0956142241341150 0.8803073142281339 0.8115406780399197 0.5674966796294117 0.9985832486756394
0.0964963998393507 0.8780654051905622 0.8087995262117026 0.5692327926037215 0.9983778311350784
0.0958755970221627 0.8809813994336327 0.8089435832501125 0.5685365516538976 0.9986048315026086
0.1000797331091152 0.8815187324107805 0.8119521204323751 0.5726956523997603 0.9985647513450975
0.0959740479817777 0.8834521480969603 0.8106227259891421 0.5730189210289653 0.9986268093165396
0.0946724099170261 0.8810940359910207 0.8113955470997168 0.5616674463782708 0.9983234195024357
0.0943970830549045 0.8799017897821799 0.8149755834919171 0.5733246334523803 0.9983792167280705
0.0903199815996673 0.8758196014156686 0.8103754367650433 0.5469469867587369 0.9983485106902722
