0.0688688795835012 0.4126358553147388 0.2029525430512047 0.1322109062274658 0.0019424850728506
0.0694869694002080 0.4111988891240591 0.2031294325995830 0.1321844701899515 0.0019591737967232
0.0691739848533734 0.4110541185724436 0.2032880907184581 0.1316031524127042 0.0019485073144466
0.0692119613713479 0.4110347078589043 0.2040406310732973 0.1323037230816589 0.0019367127989194
0.0693511145525038 0.4109158012571356 0.2042628232034318 0.1323533658988797 0.0019600405930067
0.0694734811868321 0.4112690191845531 0.2036502345560683 0.1321721560797958 0.0019566533028738
0.0692120390488395 0.4115667401441538 0.2030417206521059 0.1318847708661810 0.0019594089380742
0.0691357048820190 0.4110424907576611 0.2036294729756960 0.1321885912873307 0.0019410964790272
0.0692889738704004 0.4111682714830529 0.2025803244686528 0.1319248405746251 0.0019640374177006
0.0689589857564164 0.4113966233364472 0.2027871622869452 0.1322036084026686 0.0019518144415549
0.0688995532656804 0.4111299608480947 0.2039195512995125 0.1327657101173374 0.0019506486136181
0.0692735048981257 0.4111659444725858 0.2043507942083742 0.1319626082313002 0.0019465801576632
0.0694881002182328 0.4111235914351720 0.2036798852516828 0.1321950175214235 0.0019544448698188
0.0693259207550596 0.4117110952934535 0.2039253178223016 0.1323633143364253 0.0019621143729289
0.0693268855843721 0.4121500084594193 0.2029740754534674 0.1319492485872955 0.0019639976041368
