0.5251845752060723 0.9124913923650925 0.2530932048037315 0.7610767406847163 0.0209568511828173
0.5153516068802495 0.9112558735071929 0.2435100479214948 0.7432992202583264 0.0209558059876175
0.5110475555506448 0.9114822839048882 0.2470267893957829 0.7426213632176922 0.0203016058643024
0.5273605039879550 0.9131282903890451 0.2548547676917090 0.7465933187083588 0.0198680057296498
0.5066783952742605 0.9120990367600490 0.2446571251576024 0.7409408403844554 0.0204068753001659
0.5021061134946568 0.9128853995813470 0.2466675355263330 0.7413017368114085 0.0209880202353649
0.5078929217915692 0.9108663323056809 0.2484053936736268 0.7384233669960917 0.0189134522124511
0.5014042881719522 0.9115657137612301 0.2444422387009531 0.7439141622750519 0.0203134719267098
0.5221403157895134 0.9142528093299968 0.2558511214029018 0.7498379384601721 0.0190411801802899
0.5234766923079670 0.9113281016352039 0.2501471164999062 0.7559503433563481 0.0204333949938472
0.5174910913675695 0.9134214675743150 0.2507718412219432 0.7512076108084503 0.0204843847388204
0.5114324323434171 0.9137945028952082 0.2457453354578052 0.7416576239820700 0.0210884047159533
0.5136596456163394 0.9131192734041206 0.2464432026061559 0.7405314295518759 0.0212792158630887
0.5220412338245427 0.9135810995306047 0.2571280233387829 0.7498174105709291 0.0192072819370069
0.5146055444248737 0.9115237404075792 0.2430409365679992 0.7425945441245450 0.0209147270142035
0.5141945421955642 0.9122034952022233 0.2509066693278047 0.7515295837604552 0.0207010258124976
0.5052545266848235 0.9115166055391288 0.2449130282114419 0.7411795496173684 0.0204512887358545
0.5160287930447818 0.9135987839908364 0.2449031892682303 0.7463675006413444 0.0205087437821144
0.4993870663308284 0.9111416092908537 0.2424623060204134 0.7384595953677535 0.0203072575053014
0.5157938934892751 0.9124701455063103 0.2554688786554117 0.7467223566165707 0.0199693701037864
