0.1502797804181358 0.0255369802026039 0.7456666615799987 0.5749997903741318 0.5420086090815813
0.1519516313846586 0.0256058639159973 0.7474034895206986 0.5763639343734157 0.5425573065701925
0.1508424108162890 0.0256430335180526 0.7477299947827897 0.5758801035488459 0.5427894520459895
0.1516920877048156 0.0257466034389802 0.7469002476740770 0.5768115075557111 0.5432241106149089
0.1516604099879846 0.0258350191925704 0.7485148331673012 0.5767560429765094 0.5437185197399320
0.1507214175717331 0.0257497846970718 0.7476138554382784 0.5753816969936167 0.5429001549240375
0.1513221673215333 0.0257113245684189 0.7472857566609402 0.5767034065979026 0.5432730380424757
0.1519438429863057 0.0257498364513831 0.7469515716551296 0.5768668908840237 0.5430846788798662
0.1510329349443000 0.0257391934913691 0.7472059815275359 0.5769353155117805 0.5429148427846342
0.1510960627230629 0.0255946028490252 0.7470680249666828 0.5772914096953230 0.5424516221725877
0.1517424701842540 0.0257940077712204 0.7477567401390269 0.5765952167584099 0.5418318578630880
0.1508934558635734 0.0255691330133992 0.7466518445334515 0.5758271154656873 0.5424370410141277
0.1507159292681531 0.0257197735082762 0.7474383835072044 0.5753634631444836 0.5428823361655055
0.1507051418506240 0.0256142818407360 0.7469362406121188 0.5752782981418941 0.5425918256369864
0.1520593736926198 0.0257088306821803 0.7475110717432470 0.5762640769081613 0.5428374968861287
