0.0755706609427034 0.5994995872110949 0.0144040371703617 0.9310593424373594 0.9702221723706121
0.0754890824971347 0.5994250466279495 0.0143974758018846 0.9310115477668709 0.9702247328330734
0.0755434680413923 0.5994975845881154 0.0143957841827098 0.9310678658564673 0.9702235937936113
0.0755508945784714 0.5994797218438670 0.0144102822338867 0.9310609017222319 0.9702262023147462
0.0755525482670202 0.5994669811758423 0.0143986900629814 0.9310710552576961 0.9702256506969769
0.0755577423790163 0.5994968980823384 0.0144078620882333 0.9310834842972274 0.9702320329112555
0.0755378726531077 0.5994981461709508 0.0143971250052434 0.9310496155300904 0.9702367891325725
0.0754972526323343 0.5994719167648611 0.0143972390692800 0.9310781346360349 0.9701935094768958
0.0755389132764830 0.5993772988334946 0.0144083905361559 0.9310759528262162 0.9701982468007061
0.0755494250091575 0.5995254482658441 0.0144066028773069 0.9310680759805277 0.9702064664752432
