0.9064273041731955 0.9993702941885404 0.6934711496449049 0.9592200464031247 0.9783540557667970
0.9067065214890540 0.9993758210169988 0.6938756748672408 0.9590091213866466 0.9782447331376264
0.9070953556654129 0.9993803593419698 0.6952334582745040 0.9590648977660201 0.9783504138876270
0.9070862521565386 0.9993826405672257 0.6939972471131417 0.9590645198686054 0.9783188342677924
0.9072499989345814 0.9993777462561402 0.6954107181782027 0.9594824288242848 0.9784424833342039
0.9065392416611955 0.9993776203596620 0.6951262083785118 0.9595848836190897 0.9783617537419298
0.9065883899974877 0.9993722735530387 0.6941472046106133 0.9590493140394121 0.9782513342868298
0.9069844663116261 0.9993815528189653 0.6937666845100094 0.9590128188770716 0.9783137321912476
0.9066891567356176 0.9993695396328858 0.6946142436868936 0.9591124600609617 0.9782433644863411
0.9071967442351732 0.9993835941399274 0.6956462838506381 0.9592188742035221 0.9784479490644429
0.9072439103187964 0.9993781907948640 0.6941406319574894 0.9588617900360991 0.9783597065276347
0.9068892605167563 0.9993782479506031 0.6942085542527543 0.9590692232993936 0.9783642852497877
0.9065392416611955 0.9993776203596620 0.6951262083785118 0.9595848836190897 0.9783617537419298
0.9068886757884226 0.9993768133432470 0.6949630689347720 0.9594839984654832 0.9782798754992810
0.9066456722310426 0.9993728767074533 0.6936820517537671 0.9588183050688178 0.9782834703764116
