0.5255997145379555 0.1581642204264690 0.0028474099744942 0.5248591900369439 0.0942635404625564
0.5270604227578358 0.1581248645956395 0.0028834825894951 0.5252124097127157 0.0945565748615595
0.5251594020526312 0.1586094205373674 0.0028508973550903 0.5249742122687503 0.0941664779975743
0.5269696478158215 0.1575504500720389 0.0028730840437570 0.5247522845597540 0.0943202826923570
0.5261733407965929 0.1572113402981980 0.0028651815152596 0.5243175351591536 0.0941767738727532
0.5253037171012351 0.1576146124047871 0.0028560067924849 0.5241960832309634 0.0941116012811040
0.5275265917596850 0.1584733200624529 0.0028430702396788 0.5249523664593575 0.0945160836087818
0.5256519569712540 0.1590535518589265 0.0028914992472436 0.5250996278667840 0.0940806612322879
0.5271622039844742 0.1581419118979213 0.0028731643942268 0.5245744269202686 0.0947161480662443
0.5262383860034141 0.1590921288184451 0.0028842786425250 0.5258703932327187 0.0939011672116982
0.5261258852505789 0.1576040943175713 0.0028723037354141 0.5246417595493540 0.0939977709818167
0.5257661282349120 0.1578182735679311 0.0028694091719016 0.5246534120180999 0.0938532917228514
0.5255997145379555 0.1581642204264690 0.0028474099744942 0.5248591900369439 0.0942635404625564
0.5262657161233604 0.1585143903150776 0.0028593812924162 0.5253403575869727 0.0946759555848012
0.5254870699632787 0.1576737174106442 0.0028617819513375 0.5249334216630597 0.0939313068622509
