0.0753247415938951 0.6111764838673995 0.0158683223271621 0.9321729322658808 0.9690521603587074
0.0764490864633832 0.5935540093100630 0.0147850905493658 0.9302802163791792 0.9678006915659659
0.0798593544701362 0.5982897889629586 0.0151170941690367 0.9344581166625752 0.9708008365492219
0.0784355793662453 0.5974660676042948 0.0162400059109337 0.9349509356601863 0.9696529463889626
0.0780647696365603 0.5940477424555292 0.0149987548673009 0.9342748683340739 0.9701211897336596
0.0776988956282202 0.5872962374196122 0.0149361300782420 0.9335449148466957 0.9700037039415099
0.0775207901528457 0.6003221557089953 0.0145517192469885 0.9296961712700199 0.9692302732030020
0.0795397071212680 0.5847666600940179 0.0157748251321574 0.9355496715304233 0.9700324485270511
0.0797076363747178 0.6002621045997580 0.0159966830786797 0.9339060305206487 0.9694377450603140
0.0776932663967757 0.6130068766192824 0.0166933589051032 0.9339968655801965 0.9700373066931073
0.0763252363870166 0.6106347288954074 0.0145540866376378 0.9335181129095892 0.9706332629527658
0.0799181632045914 0.5978107440586730 0.0149440924784992 0.9315980045930594 0.9697721450221402
0.0788505151317730 0.5977923610343260 0.0150098241994898 0.9325657942471092 0.9702533527357724
0.0803731154487107 0.5985690213755823 0.0159980643778000 0.9333423093915106 0.9694411368744758
0.0773788345766090 0.5907242457278803 0.0150458057606345 0.9308884988024904 0.9684114342515466
0.0763668442865406 0.6092644212748363 0.0145543195026053 0.9325311034750161 0.9707377231122505
0.0783087649167234 0.5910311278475014 0.0147456316092586 0.9343237841354587 0.9698403962316338
0.0807195520521026 0.5853359620167775 0.0162101243962733 0.9382808012419042 0.9705514274344532
0.0788355699066314 0.5876426121473510 0.0153555688317137 0.9351958629392629 0.9689973310397541
0.0761344467246738 0.6023130136515664 0.0145434669867099 0.9328453360130400 0.9699458516086689
