0.9330433163125652 0.1713641826009643 0.9347604872692193 0.1613394601245377 0.5360882274600007
0.9327967312645369 0.1733017006289211 0.9321812525377898 0.1580297600946253 0.5329660128185004
0.9324566981325489 0.1747574941747925 0.9330326579376623 0.1624889658999397 0.5418598840256498
0.9298403717819936 0.1758368621167414 0.9327029445893104 0.1691963347496876 0.5343177547760695
0.9293521500979727 0.1764388013958667 0.9322181934448923 0.1654838245770488 0.5403545895062490
0.9345138219693265 0.1731381149479965 0.9345138219693265 0.1630638581419634 0.5345675749781571
0.9310339586774458 0.1827957719947831 0.9349838195988164 0.1659979648064732 0.5383721887799459
0.9295813615326720 0.1732895186643527 0.9302111583150846 0.1525103140335480 0.5341809191995741
0.9327046539482111 0.1760023018619924 0.9344172732507245 0.1636694464566056 0.5475401384375311
0.9317275815109783 0.1720874177837400 0.9364432352554536 0.1651273895166275 0.5487132488913233
0.9350250202474688 0.1740042208306568 0.9361495039856834 0.1594752589372819 0.5428174679295830
0.9289211092845784 0.1721119539351985 0.9331498581425375 0.1585174274183921 0.5352338508896460
0.9290183526840187 0.1791894072003882 0.9319101256583391 0.1669784745663540 0.5364378967098865
0.9339216300686138 0.1800965589579412 0.9362048318635453 0.1628759249757846 0.5415435363344098
0.9275669219768728 0.1770227137000185 0.9316567985460877 0.1692433487260235 0.5317421673273907
0.9317412651889259 0.1759048874020339 0.9335095220263327 0.1610958380061310 0.5383344855468576
0.9298035437036238 0.1712194250900361 0.9339929439357660 0.1565691010647078 0.5340034379751308
0.9304004421731082 0.1707187940544781 0.9285076954671935 0.1523981856486002 0.5382558144846512
0.9281249659193987 0.1731601902817982 0.9287608265946277 0.1525139454284301 0.5425676045474320
0.9311117705090708 0.1720751310721960 0.9317303154444730 0.1547371571426874 0.5355969512495611
