0.9952032938504360 0.8877269559222037 0.1281291998340911 0.9992314472094099 0.7524126485241833
0.9957301478578696 0.8914876886338908 0.1368254232840640 0.9992772074376777 0.7605472497822918
0.9952568932845809 0.8902874375854850 0.1308325008874642 0.9991714671586868 0.7496490226142686
0.9958950664199310 0.8904174999109618 0.1282019713836370 0.9991784357655710 0.7631992749853275
0.9956403542261305 0.8905699931571853 0.1272689005019733 0.9991015471931608 0.7587089928988592
0.9953124210013898 0.8862678326984407 0.1281464429611545 0.9992154590616965 0.7516208625295249
0.9956576231367016 0.8843888129036394 0.1285483504623428 0.9991928572986861 0.7604247754379053
0.9954683438480824 0.8914552043859305 0.1337721202429310 0.9992375690101527 0.7631885897283661
0.9952768064475090 0.8894625404806571 0.1284184715273424 0.9992013666964153 0.7535597610286209
0.9956633195453636 0.8905527066931205 0.1332472946560166 0.9992019877513076 0.7618446054787170
0.9956776691004271 0.8909225331332257 0.1312285996894496 0.9992571592650986 0.7589415117582576
0.9957342370366614 0.8900806211259614 0.1330473297812031 0.9991778558531978 0.7613161177548591
0.9956220463788062 0.8873101785912305 0.1299617167867159 0.9991797619486186 0.7656468953012164
0.9960648897593727 0.8949778405154891 0.1384636118548244 0.9992734961966950 0.7681436670144203
0.9956733968080426 0.8863796476604436 0.1305965593853417 0.9991913701335418 0.7628069582242194
0.9958134907513549 0.8941224066348342 0.1372263203682751 0.9992131451136557 0.7633137542384983
0.9958030649454476 0.8899841935419234 0.1333613686593502 0.9991571150596775 0.7637376854611659
0.9956631455357851 0.8930043406795845 0.1345268487260650 0.9992137130941755 0.7688458119914744
0.9957009546257678 0.8942952637679090 0.1326036183179835 0.9992535790940881 0.7672727423177844
0.9956929905941786 0.8923916454703388 0.1344137135548483 0.9992333969159533 0.7649109904289053
