0.6723178888726654 0.8831349182259740 0.9993571680919567 0.9662388185659005 0.9952923647881976
0.6732816881820722 0.8831438207277503 0.9993595253822651 0.9663974287147002 0.9952969749626398
0.6729899389869228 0.8831340308591880 0.9993552665759448 0.9665081561903209 0.9953857880377952
0.6733985079341004 0.8824784792247498 0.9993547879704606 0.9663661031300826 0.9952985291521120
0.6733147693525537 0.8826829303514813 0.9993543184644413 0.9663829851431458 0.9952761843399794
0.6732020358252918 0.8829361379379844 0.9993561469862784 0.9663125516028130 0.9952918543630977
0.6729777997957731 0.8835211419547536 0.9993588950555754 0.9663197188910323 0.9953014122694721
0.6734591849738374 0.8826094235994815 0.9993553577166567 0.9663819661170422 0.9953017482583381
0.6718351573046262 0.8828406739333782 0.9993510976448865 0.9662126729640702 0.9953102187069008
0.6720973452250735 0.8831909784530658 0.9993519297222344 0.9663429262798945 0.9953678378149540
0.6730372845091788 0.8830445261848264 0.9993582975775971 0.9662249177916921 0.9952826873591111
0.6729181783072723 0.8829858930664503 0.9993573955066198 0.9664306033680429 0.9953440434357760
0.6732020358252918 0.8829361379379844 0.9993561469862784 0.9663125516028130 0.9952918543630977
0.6733250642425540 0.8833177509243354 0.9993583767889128 0.9663980130961645 0.9953099642770682
0.6727408730359955 0.8834298916722043 0.9993603650617792 0.9664435324726892 0.9952877370605610
