0.8242399558980884 0.8932302421665407 0.1880069120106592 0.9641229248344941 0.6023153463953081
0.8242266288865285 0.8932388189850395 0.1879623033831901 0.9641339068469228 0.6023062388556912
0.8241781064178114 0.8932147013550779 0.1880477284023096 0.9641022254262849 0.6022047158714747
0.8241742741711174 0.8932277875025268 0.1880188434904231 0.9641573554905372 0.6022555033742293
0.8242319043712278 0.8932602057322041 0.1880355110346865 0.9641259786789945 0.6022606876985188
0.8241844603568579 0.8932107679386070 0.1879806215984238 0.9641511016907575 0.6021931055929253
0.8242010951353914 0.8932187927946760 0.1879387976885321 0.9641165803392501 0.6022585576278392
0.8241262675931048 0.8932819475047957 0.1880610728381992 0.9641335497207064 0.6022906010201928
0.8242010816992956 0.8931433140166873 0.1879851376470500 0.9641161969323092 0.6021863324339337
0.8242540195847756 0.8931949684489795 0.1880061698224547 0.9641314520219930 0.6022944006941560
