0.0755308137925418 0.5995759088526893 0.0143914260643089 0.9314852768878693 0.9700391547788559
0.0756481049755748 0.5999932759198432 0.0144706068833244 0.9316090613514998 0.9700836222370079
0.0757889557269636 0.5990107670224790 0.0143888637363012 0.9315012922320467 0.9701388384518841
0.0759857997986373 0.5993215567855787 0.0146062779655326 0.9316059298919033 0.9701318543990711
0.0755467257819803 0.5993453358379898 0.0144071218090418 0.9309391379539194 0.9703550399807472
0.0754871654592300 0.5981967850235728 0.0143800424354379 0.9311769902158956 0.9702664540039767
0.0754402745940512 0.5990910755713557 0.0144009393493144 0.9317039844033178 0.9700532405180019
0.0759500125617022 0.5994148369373289 0.0145965511913289 0.9315785989191420 0.9701497308767153
0.0757302237515061 0.5989843893445884 0.0144503993351454 0.9318987687562008 0.9701928815075154
0.0756652810005721 0.5984372293511914 0.0144992942194778 0.9310116207183390 0.9701225442020990
0.0757763656350136 0.5986930072929608 0.0143936637099118 0.9314639114727584 0.9701492354930105
0.0757409940011088 0.5993354619671116 0.0145694863949737 0.9318594199719207 0.9702210749324545
0.0754871654592300 0.5981967850235728 0.0143800424354379 0.9311769902158956 0.9702664540039767
0.0753338295037307 0.5986835099594138 0.0143847906018533 0.9312636566376307 0.9701593391363880
0.0757866365570073 0.6005342827493030 0.0143790373832975 0.9317122265655736 0.9700802921260855
