0.0579800392504082 0.0395401376816967 0.8863235783693517 0.1968523264720363 0.2304492422353877
0.0570901440305265 0.0390263477208987 0.8929706058797370 0.1894665960261978 0.2296774320429509
0.0597248577349843 0.0427107581335365 0.8908367867959318 0.1950599787510145 0.2365737383364842
0.0567110823788285 0.0399322212305090 0.8896150092025952 0.1899126454196780 0.2334536054080439
0.0578470634952810 0.0437607153259493 0.8946826243464917 0.1911023053734833 0.2354890703238781
0.0587116719356487 0.0440611910920607 0.8945847552306494 0.1916937569758420 0.2347546479860058
0.0579534135585659 0.0423201916829121 0.8898893920164360 0.1971791226978382 0.2448886809434694
0.0600369410033409 0.0415805020943860 0.8942844977392931 0.1879748430221966 0.2251093175326405
0.0546595322842585 0.0418105451977243 0.8937150635869922 0.1900988274908453 0.2378421942546885
0.0580456976194055 0.0399373776367395 0.8854116293924443 0.1972457837900842 0.2309222175296899
0.0606411611418986 0.0397615232586989 0.8916761793169345 0.1898370967348364 0.2372074410301954
0.0591867081762662 0.0403061363009275 0.8946070487289927 0.1920487687745497 0.2361809493779614
0.0586634194696070 0.0403067471498543 0.8961549871167495 0.1975190609850790 0.2409646502083551
0.0546314952577961 0.0413904955949825 0.8937777583695284 0.1900702963674385 0.2364486949768434
0.0570314212618799 0.0386343958215858 0.8926087612312884 0.1892306102826952 0.2281081754737084
0.0601606943302486 0.0394070098056053 0.8904447911104644 0.1876503810479804 0.2347500616133158
0.0575429525289274 0.0431216751886880 0.8963459914588725 0.1891109515246808 0.2345547536317979
0.0564766865450453 0.0423952801634931 0.8904535972305593 0.1906567690248099 0.2227339925324846
0.0607015330074556 0.0432353885676045 0.8945535901598011 0.1897751759325816 0.2284912773495956
0.0593523468171423 0.0396377710171012 0.8947477567390328 0.1878535158245203 0.2334815878780827
