0.0916092131385214 0.8769898327724795 0.8117072677348601 0.5720773073879906 0.9984107940742477
0.0914827789104175 0.8772169882979657 0.8112267548936360 0.5714285612797571 0.9984194697124301
0.0915324854811151 0.8767961585526857 0.8110371485551906 0.5724913681301077 0.9984118340982336
0.0917603119683274 0.8773369859419720 0.8114052245054929 0.5728734933125049 0.9984201641221354
0.0917558461264938 0.8770669569264732 0.8111106329049866 0.5712744026663193 0.9984061845459941
0.0913722333363861 0.8768576401067341 0.8094408862978955 0.5716411740743776 0.9983877909353046
0.0913530973411455 0.8767649464419945 0.8111398645600646 0.5704916502095199 0.9984118540182777
0.0914713205958295 0.8775173583571335 0.8111571304970432 0.5709281578814663 0.9984151273445612
0.0913862548014280 0.8770528483934237 0.8113855047021248 0.5712590762520665 0.9984283622490211
0.0913329041633972 0.8773720520810924 0.8110025956281330 0.5710317228729019 0.9984091649099205
0.0916738880203664 0.8770729704724229 0.8108884652560864 0.5716124473520198 0.9983980670013750
0.0919666741841710 0.8765274723641777 0.8108272008542478 0.5717814646628604 0.9983965773339247
0.0916092131385214 0.8769898327724795 0.8117072677348601 0.5720773073879906 0.9984107940742477
0.0913474533896206 0.8770760024534473 0.8118465665396959 0.5712542862922776 0.9984098791820628
0.0915401593816201 0.8771692509257593 0.8097420785295585 0.5724964069862142 0.9983965258030419
