0.9957187221646399 0.8888356097695029 0.1333975967052368 0.9992009851907695 0.7626136535964267
0.9957111501041506 0.8896876481355154 0.1340546535520237 0.9992060965651547 0.7629412499728855
0.9957263452880736 0.8891537991766932 0.1331255448708684 0.9991990935433097 0.7620682100062867
0.9956999080817992 0.8895085176245586 0.1341046137348050 0.9992019477817061 0.7624021093121837
0.9957248601347828 0.8889442495029299 0.1340028315529825 0.9992069322629495 0.7627243641407433
0.9957016104487597 0.8890255274608031 0.1333947197733495 0.9992032920019990 0.7619331675256289
0.9957187526158126 0.8892638069129172 0.1332483725271644 0.9992069268434732 0.7623094669615406
0.9957171109568033 0.8892897633559830 0.1338240265286720 0.9992017888906817 0.7614412576827738
0.9957026985900052 0.8893235851044525 0.1342415514317189 0.9992019951931809 0.7624560171902164
0.9956847436264294 0.8892166604410603 0.1334975429668050 0.9992030440748566 0.7618440899031379
0.9956962560436627 0.8888856552368808 0.1333043598799363 0.9992041007075823 0.7629813544592828
0.9957082668790916 0.8890274867405474 0.1328489956409421 0.9992025136424122 0.7625096397091435
0.9957187221646399 0.8888356097695029 0.1333975967052368 0.9992009851907695 0.7626136535964267
0.9957121641374040 0.8886371695736416 0.1334234438586624 0.9992043295086852 0.7626299169268635
0.9957083866109432 0.8891055682387968 0.1337179668773980 0.9992043892421021 0.7618118776754907
