0.1231290475320499 0.9590797636323960 0.2621186952884467 0.6963357316638287 0.6764963957326843
0.1263077051855711 0.9615323392170785 0.2562296984744904 0.7052896227634259 0.6796778277157152
0.1253394264620116 0.9629457033861500 0.2644399891676327 0.7048986533342521 0.6839232776999014
0.1270375845802580 0.9590746215825892 0.2580473127918606 0.7039864792188802 0.6834366746947551
0.1212868420887404 0.9603029295164489 0.2591307054454187 0.7005436923520110 0.6739956455754023
0.1233764684597251 0.9602672623835650 0.2636468187545118 0.7003141343798848 0.6759971314024097
0.1293916051138397 0.9593556546511171 0.2583112468545359 0.7046719944397037 0.6885196672059279
0.1213591679973504 0.9620275260417054 0.2605569941871899 0.7102166064943815 0.6785108469661176
0.1256217455759452 0.9629170373782994 0.2650372754283864 0.7044041814751487 0.6833948849995390
0.1327418096700349 0.9618239537491681 0.2651350986623528 0.6922626425660392 0.6828253424592229
0.1274379046215709 0.9588220003329615 0.2594448681054314 0.6973817222022066 0.6790732337422994
0.1263022979462497 0.9610425959241948 0.2551890881837601 0.6978452474244458 0.6728491137205119
0.1280243630536156 0.9600361906949257 0.2596963844984619 0.7074899115867567 0.6870313840302464
0.1282714982630963 0.9594423722718584 0.2552942424032331 0.7015748589762847 0.6753874004517159
0.1289780559540908 0.9605157218976965 0.2612341126031827 0.7078302516398706 0.6888561356314632
0.1229751571349058 0.9616614902360130 0.2533636902583385 0.7012395791060017 0.6749264211244455
0.1256637617446376 0.9608544757027413 0.2556622108459746 0.6969395999042992 0.6703123972821111
0.1252004360805240 0.9624307562220132 0.2619729881120150 0.7079356059048680 0.6810306114107885
0.1271908029707474 0.9618838791988029 0.2659151106038136 0.7011377802130138 0.6740771611154012
0.1258186242774561 0.9617807646567459 0.2616278183746496 0.7094994654521199 0.6794030684568344
