0.6952720572577871 0.6582436435025778 0.9865387302944515 0.9963714857047782 0.9224002268488033
0.6953154465901700 0.6582710875287718 0.9865392015901151 0.9963709198903304 0.9223684841523505
0.6952592995559227 0.6583456342740149 0.9865369496248670 0.9963727229509324 0.9223995004193656
0.6952040044981439 0.6583182104932026 0.9865427831152674 0.9963715626625375 0.9224085248111714
0.6951826043641156 0.6583340967160791 0.9865271535839988 0.9963712342326845 0.9223559050165490
0.6952880139702848 0.6583773594243729 0.9865346473434509 0.9963767291869480 0.9223926425909890
0.6953180638186641 0.6583375231411767 0.9865419939231862 0.9963735713060355 0.9223831823569154
0.6953207225582710 0.6582932981854761 0.9865423445122548 0.9963728162195448 0.9224111659006748
0.6952580254537076 0.6582289613687884 0.9865373018492369 0.9963710323365264 0.9224013483619403
0.6953388911836146 0.6583115708731822 0.9865327404525073 0.9963733595567210 0.9223990045888043
