0.1515160730595250 0.0257065082479910 0.7469240265126117 0.5753002912978642 0.5422258747908419
0.1515598535665718 0.0257247776079676 0.7469779465868538 0.5754079026809418 0.5423283851773147
0.1514803930076249 0.0257182863419506 0.7469363570401598 0.5753619704639382 0.5422365581065178
0.1515422325157540 0.0257307590074027 0.7469715280637089 0.5754226790782909 0.5423531607004970
0.1515159007008833 0.0257019738723960 0.7469547192407308 0.5753133046682439 0.5422184892754188
0.1515594118582323 0.0257339141836384 0.7470388922124647 0.5754039484807141 0.5422745099268487
0.1516223046058985 0.0257250618046668 0.7469313423825609 0.5754742689893249 0.5423968512860399
0.1514717892272617 0.0257113691487775 0.7469069587276302 0.5754142627115477 0.5423919363121424
0.1514951427588012 0.0257226031776335 0.7468621198148593 0.5755182294884700 0.5422934725689499
0.1514937955350258 0.0257061001279798 0.7468866889346149 0.5753593542436348 0.5421692740130346
