0.8520206824384728 0.0156394192514493 0.5830754719144331 0.0002080077001628 0.0000002279780635
0.8562764437496828 0.0152721350383599 0.5772477811698649 0.0002014541792725 0.0000002266910243
0.8547829878976040 0.0166343725426748 0.5869829467134238 0.0002084401303847 0.0000002219016524
0.8581923251902250 0.0174855953015120 0.5815559775132403 0.0001736317416776 0.0000002404315373
0.8564867341452176 0.0163633876961273 0.5830931312447905 0.0001850449324006 0.0000002515790189
0.8538591508223593 0.0153823803453366 0.5835153236005862 0.0002087803813722 0.0000002176284656
0.8558257604606010 0.0170848090228740 0.5791337009558553 0.0001796729675577 0.0000002262904086
0.8532112345621519 0.0160701226893893 0.5813306401013384 0.0001883738460163 0.0000002334757100
0.8560858721172477 0.0164501701869345 0.5890668780010897 0.0002113461452162 0.0000002253772162
0.8606253494764347 0.0157144739370704 0.5734899703856249 0.0002115230318772 0.0000002257255282
0.8515245294861271 0.0154272724004245 0.5814554690912983 0.0002188112605982 0.0000002399657463
0.8507618645657932 0.0160701101986240 0.5936843123243227 0.0002051418065772 0.0000002298657316
0.8577940082846048 0.0172054540404077 0.5820497391439584 0.0001706331927714 0.0000002538212072
0.8514429808120949 0.0155805859389816 0.5885743747249268 0.0001939464746127 0.0000002160721688
0.8571829270456283 0.0170606285660640 0.5809168144346037 0.0001738486408252 0.0000002485119715
0.8474114612832443 0.0159178947449172 0.5913460161569785 0.0002037550928498 0.0000002253557671
0.8502495033358943 0.0159182278039783 0.5909181589325854 0.0002051949533581 0.0000002237629355
0.8550169001499042 0.0161435229747662 0.5798043766993256 0.0001921394196030 0.0000002384797526
0.8593761800667631 0.0159339087315399 0.5850254839253931 0.0001957551879908 0.0000002403724850
0.8520576728065122 0.0159530236836634 0.5814009995876469 0.0001804517012944 0.0000002212499178
