0.0689676856466469 0.4118158495779849 0.2036735819144328 0.1321823208748696 0.0019570304480513
0.0690192986113879 0.4118493430244019 0.2037217634958225 0.1321977431358464 0.0019570252097698
0.0689707749205036 0.4117945557713654 0.2037457568641594 0.1323171261230918 0.0019588415717866
0.0689745125639180 0.4118613918335675 0.2037074207618265 0.1322709124125525 0.0019580211935500
0.0689760842597778 0.4118500969487657 0.2036816268204749 0.1321871970582054 0.0019578505977546
0.0689819348143888 0.4118810345641203 0.2037564373174022 0.1322549163777335 0.0019583726599658
0.0690231807060815 0.4118609280581471 0.2036961507567852 0.1321704812931023 0.0019575328837140
0.0689928939464606 0.4117813717708917 0.2037206825888525 0.1322173841678947 0.0019598257685624
0.0690043613812728 0.4118935144064646 0.2037399867582674 0.1322409215879982 0.0019590457535744
0.0689838673870647 0.4117876815135812 0.2037139867112799 0.1322663609314807 0.0019572558480115
