0.4099429915206718 0.9567166591503370 0.6685149798578812 0.0193441097927867 0.1001805247286876
0.4100004834388171 0.9566936830209147 0.6685634576428905 0.0193364895060820 0.1001598746159887
0.4099655014087482 0.9567058428410856 0.6684934465252520 0.0193452241628436 0.1001362540001744
0.4098511187137068 0.9567345540113804 0.6685921087412126 0.0193367775884745 0.1001576111874097
0.4098802360621082 0.9567142202045895 0.6684889218118227 0.0193272014447893 0.1001548594087244
0.4099026653620517 0.9566975644527607 0.6684005126966630 0.0193496171297674 0.1001502051862305
0.4099582448676183 0.9567073075835587 0.6685819334370023 0.0193448017520646 0.1001718386947444
0.4099747591156197 0.9567287480296832 0.6685908559633936 0.0193414356827064 0.1002022646793786
0.4099429915206718 0.9567166591503370 0.6685149798578812 0.0193441097927867 0.1001805247286876
0.4100183976977452 0.9566847666690568 0.6685232813436385 0.0193344799325663 0.1001922094493476
