0.1510877049151647 0.0257954213303988 0.7545381090014912 0.5864081185706057 0.5512041244796195
0.1536134344553769 0.0248173802632466 0.7473941817972927 0.5913809844246981 0.5513101540340380
0.1454328542883054 0.0260992920279166 0.7483015553093219 0.5828977437001158 0.5484456028756574
0.1458732387706384 0.0295663848073859 0.7502794885748741 0.5887475751743910 0.5375025089488271
0.1441745844380566 0.0240237094372579 0.7387133719405384 0.5704263364545005 0.5433462793799649
0.1495394725882599 0.0246185137346733 0.7428243161655848 0.5719855050442139 0.5485656057922885
0.1464843136340403 0.0263594989509174 0.7415332106668203 0.5932758619803025 0.5417633963353683
0.1458695215176372 0.0241943201142590 0.7485442204792651 0.5744145300265089 0.5439095039236865
0.1498013292216848 0.0287901271341658 0.7473024048309976 0.5939960414213502 0.5372769307403775
0.1515072410387470 0.0255991895330313 0.7554521062784632 0.5874195110403772 0.5468839136687913
0.1448417106027414 0.0240875345336417 0.7513702439517522 0.5900788971564772 0.5396573752776092
0.1430297232545375 0.0257440241724991 0.7446653960561989 0.5784191320189999 0.5400539865572335
0.1477681480294647 0.0268041919329079 0.7463737485129160 0.5841819071094699 0.5494527137484263
0.1491626482362638 0.0286003070798248 0.7480072393639625 0.5948223172632831 0.5381132368337779
0.1517787603340225 0.0248966086682086 0.7475943776470688 0.5899481515163021 0.5516191524628583
0.1440578422005115 0.0228093010004050 0.7491457599669304 0.5835277493147130 0.5404878074500977
0.1450564166320353 0.0239945054051738 0.7398606479891859 0.5718498039082268 0.5447894801228192
0.1511548399153731 0.0265524105169680 0.7537424787290425 0.5797630189899534 0.5458465446309478
0.1485864676875477 0.0237715168924634 0.7456720511862609 0.5706715510200892 0.5509194716808661
0.1423086879709099 0.0235694179750617 0.7405608584637849 0.5846828355842999 0.5436607025375394
