0.1242319345164386 0.9605251109980877 0.2604378143316499 0.7038449053329394 0.6718840610322431
0.1246155535632139 0.9606885508749626 0.2607808718737856 0.7042107200340121 0.6721494654983586
0.1242278747918049 0.9605212626509432 0.2600260090870501 0.7035345956000820 0.6708718682837426
0.1246655998878938 0.9606840798841551 0.2606643131111098 0.7047876200844881 0.6722551161815504
0.1246076013430437 0.9602554718422831 0.2595843514657067 0.7043678869309269 0.6723550793435848
0.1241966918705004 0.9606090011690933 0.2598882220217304 0.7043110063196691 0.6726369210031888
0.1245824165753031 0.9605039073117304 0.2603511048111214 0.7050926582243195 0.6718921836413404
0.1235785086609149 0.9605352504133708 0.2602923867212003 0.7031877875998321 0.6722210894958235
0.1247045479378839 0.9606507674678761 0.2609509493323349 0.7041412671478542 0.6720708928488711
0.1243997440406947 0.9606278175351231 0.2596883774072271 0.7039435522705264 0.6716820166489316
0.1244000197769421 0.9604434726028886 0.2593514454803741 0.7044632287611123 0.6719578281452016
0.1249245830126107 0.9603325300966803 0.2593580955390704 0.7040024983027486 0.6714875410155454
0.1242319345164386 0.9605251109980877 0.2604378143316499 0.7038449053329394 0.6718840610322431
0.1243054691476231 0.9605169518872104 0.2600443074777606 0.7041068406469922 0.6721682368176711
0.1242001751764294 0.9606549494630534 0.2592379538899812 0.7039809076570167 0.6719645066025145
