0.0126868903918117 0.0680354560710054 0.0487146854711436 0.8033426067670414 0.3745228581802333
0.0123859674269806 0.0665398673177597 0.0507272501686343 0.7989330946589098 0.3599757316556759
0.0119760916135610 0.0685145604803278 0.0487419037193775 0.8021055330044472 0.3751645719970382
0.0115209508215918 0.0696267304169636 0.0483198692192210 0.8062176389674245 0.3615727954548051
0.0115679479939040 0.0701123793314025 0.0508628503856893 0.8032543436956492 0.3633812180973980
0.0122284383462369 0.0666316752519018 0.0480805352361213 0.8008145554145801 0.3699557563563739
0.0115783159218213 0.0697991823387660 0.0496376714214032 0.8060148995149949 0.3670726459831799
0.0124412584049735 0.0672633090861341 0.0504699341960379 0.7984802213452699 0.3641482206493493
0.0121052751750253 0.0685439010595274 0.0487562264347374 0.8012900695767097 0.3754576083280288
0.0117051428716674 0.0682241432764212 0.0483272027725013 0.7949536769164163 0.3707636528873237
0.0129571292441848 0.0686975574635080 0.0474770039382085 0.7997924961010316 0.3722482180050254
0.0113082762326339 0.0664975815917666 0.0459281278947348 0.7924093542633919 0.3559702101928931
0.0119701578387303 0.0699833144399598 0.0498459691234816 0.8096327122998804 0.3612897598688180
0.0110863606866768 0.0670360565222842 0.0473087188547238 0.7900241133311118 0.3496462020058628
0.0120439333565473 0.0703352210846317 0.0496817338683898 0.8094260588359157 0.3608526423783544
0.0112192642185398 0.0685459938618830 0.0483989640031941 0.7955336214602005 0.3520832167922025
0.0115289475519572 0.0663952443433644 0.0466853310892302 0.7939062637420158 0.3559838259206542
0.0125738440591067 0.0687473089308390 0.0489033491849207 0.8038661344019160 0.3707631600420088
0.0123232430609444 0.0691311284968014 0.0515803377848675 0.8010130800656177 0.3668807500492673
0.0123244713122366 0.0667162985661164 0.0500449474485643 0.7980531985928684 0.3622360456468019
