0.1124670815549920 0.7797515040505443 0.8203139983100804 0.0177617366370257 0.1779909704134348
0.1124858816989475 0.7797073180074490 0.8203926282864523 0.0177569797075999 0.1780303205005349
0.1124377695114291 0.7798008421503937 0.8203719134065485 0.0177630622698982 0.1780767769948451
0.1124876569056001 0.7797404887210384 0.8202369079150933 0.0177596154784306 0.1780319140413489
0.1124601523231278 0.7797828533480351 0.8202934548245610 0.0177714969137936 0.1779589753273098
0.1125253376228989 0.7797698395209490 0.8203129286296246 0.0177633081463908 0.1781093358257501
0.1124574279263613 0.7797059500276737 0.8203404787487575 0.0177665596694422 0.1780002749497263
0.1124471124637824 0.7797263091587447 0.8202620065648648 0.0177677149283076 0.1780269752385033
0.1125223290228680 0.7797378428796672 0.8203342240632999 0.0177669134697000 0.1781423800657136
0.1124688360743738 0.7797221651426383 0.8203360987763622 0.0177613232625624 0.1779666139870394
