0.9957145849031779 0.8885707757860838 0.1335670469204124 0.9991963793187202 0.7618030072651498
0.9957169784927703 0.8886122611611379 0.1335301622010341 0.9991963739088930 0.7617256271119548
0.9957136789361437 0.8885791614175296 0.1335366189813881 0.9991961074035910 0.7618260308020564
0.9957168105312065 0.8886264909271691 0.1335430630557938 0.9991972503415002 0.7618525589524386
0.9957211261570162 0.8886014781454168 0.1335812307021353 0.9991960911526758 0.7618821510626165
0.9957178385688270 0.8885869529969233 0.1335732309105867 0.9991957587410546 0.7618148089051849
0.9957169136855017 0.8886376616458904 0.1335387136323037 0.9991972872253131 0.7618533540331561
0.9957167537729945 0.8885859212108579 0.1335680537078903 0.9991963722701419 0.7618079405173842
0.9957156319858520 0.8885700934507570 0.1335692650025272 0.9991964675654853 0.7618028497118803
0.9957166956333032 0.8885761675031630 0.1335458178668857 0.9991957276016946 0.7617915965176587
