0.0687104215597663 0.7624051361559636 0.1702993494617366 0.2608774887295247 0.0083169417271714
0.0687223721472012 0.7623154024408224 0.1703733203109307 0.2609408790795679 0.0083214516075653
0.0686757058385456 0.7623332044303847 0.1703757817142110 0.2608410727325924 0.0083271458681843
0.0687034408671046 0.7624191790432828 0.1703369208938037 0.2608531270742107 0.0083212246602616
0.0687718968286569 0.7623316129440131 0.1703331982002747 0.2609359299733584 0.0083186826033125
0.0687254425409525 0.7623773852603345 0.1702917311540545 0.2608720083880650 0.0083261904502242
0.0687037876081013 0.7623594284490202 0.1703753719274076 0.2608844293143733 0.0083260491747349
0.0687395131423778 0.7623720471641587 0.1702848698577716 0.2608934984290615 0.0083157966213861
0.0687158147767678 0.7623865544883840 0.1703094477121855 0.2608427972656299 0.0083179031974977
0.0687436513803988 0.7623676074481108 0.1703958148293700 0.2608954025232361 0.0083241120453832
