0.8244062876218915 0.8934755911555751 0.1885001818893525 0.9640146363284985 0.6011378387865506
0.8248502137781872 0.8936352177759451 0.1881702972374994 0.9642264881447687 0.6027155482827981
0.8246427609350065 0.8931704802098642 0.1869295772992332 0.9642530968424144 0.6013951582775235
0.8242614874616687 0.8936992565603349 0.1876260603030845 0.9641281736450253 0.6026460087156145
0.8241563758209688 0.8934290222242246 0.1878711434899338 0.9643131295273867 0.6010608358266855
0.8244220951662179 0.8937247177326589 0.1883312442934807 0.9640922781176118 0.6024257931734043
0.8245465767175977 0.8939542174225823 0.1883432663337533 0.9641327964338829 0.6030126481297431
0.8241727611064436 0.8937218675355150 0.1877682525068182 0.9641389800361672 0.6026840554678320
0.8240311283483229 0.8936031652330300 0.1879284098410720 0.9641017427686402 0.6018237538401419
0.8250049534019442 0.8932865008264946 0.1878158262919348 0.9642870382593391 0.6016363356632948
0.8242940902837240 0.8937988574308652 0.1879640318429064 0.9644928351302230 0.6010357229247566
0.8241499383094886 0.8930869822703853 0.1871243105687796 0.9641347094348397 0.6031305400047049
0.8244521539382187 0.8937454611105450 0.1882436524923625 0.9641007589182595 0.6024734765096909
0.8243249010366263 0.8933259141698853 0.1885201343056611 0.9640745014500167 0.6024142667969835
0.8243379633533696 0.8937899757772911 0.1883850891404356 0.9641947677679928 0.6031271715569338
