Function for computing PMF
00492 0.4761075973510742 0.00014162063598632812
00541 4.475468873977661 0.0028693675994873047
00301 4.317560911178589 0.002766132354736328
00482 0.0021066665649414062 6.461143493652344e-05
00806 0.011509895324707031 4.76837158203125e-05
00346 0.2840111255645752 0.00026607513427734375
00308 0.16653752326965332 0.016065597534179688
00353 0.009122848510742188 0.0007498264312744141
01419 1.7158315181732178 0.002771615982055664
00376 0.42997264862060547 0.0027170181274414062
00453 0.10766196250915527 0.0027081966400146484
00415 0.7707414627075195 9.584426879882812e-05
00193 0.009403705596923828 0.0007851123809814453
00191 2.9630558490753174 0.00037670135498046875
00101 0.03261518478393555 0.00027489662170410156
01160 0.24410414695739746 0.0008885860443115234
00089 0.049834489822387695 4.887580871582031e-05
00151 0.694526195526123 0.016068458557128906
00111 2.9107589721679688 0.00029778480529785156
00545 0.047385215759277344 0.016094446182250977
01560 0.21699881553649902 0.0007672309875488281
00117 0.055199384689331055 0.0007386207580566406
00167 0.01657414436340332 3.1948089599609375e-05
00079 26.842629432678223 0.01610708236694336
01224 0.11269378662109375 0.0002562999725341797
00509 1.1274254322052002 0.0002892017364501953
00049 0.017867326736450195 0.002701282501220703
00700 2.7137956619262695 0.0027649402618408203
01570 0.027948856353759766 0.0027060508728027344
01408 8.726105690002441 0.0007889270782470703
00776 0.45984482765197754 0.0037009716033935547
00300 2.8013839721679688 0.002740144729614258
01207 0.01715254783630371 3.9577484130859375e-05
00085 0.006998538970947266 3.7670135498046875e-05
01424 17.253101587295532 0.0027954578399658203
01098 1.0763523578643799 0.0027070045471191406
00565 0.0073544979095458984 5.650520324707031e-05
01461 0.028689146041870117 0.00024127960205078125
00908 0.7184126377105713 0.00028777122497558594
00720 42.711827993392944 0.01610708236694336
00140 2.7103497982025146 0.0027244091033935547
00539 1.7120566368103027 0.002794504165649414
01458 0.007750988006591797 0.00024509429931640625
00513 0.009321928024291992 0.0007786750793457031
00854 0.17055225372314453 0.0026721954345703125
01579 1.706925630569458 0.002711772918701172
00786 0.07040977478027344 0.016093015670776367
00012 0.18891668319702148 9.751319885253906e-05
01009 0.018070220947265625 0.0027005672454833984
00690 0.02788853645324707 0.0027115345001220703
00599 0.1384272575378418 0.0007805824279785156
01405 2.17018723487854 0.0008046627044677734
01378 0.007475137710571289 0.000232696533203125
01050 0.06995511054992676 5.221366882324219e-05
00084 0.0046825408935546875 4.172325134277344e-05
01021 4.277416944503784 0.002718210220336914
00018 0.0076084136962890625 0.0002231597900390625
01391 2.875638961791992 0.0002799034118652344
00641 0.0013883113861083984 3.814697265625e-05
01456 1.1048598289489746 8.916854858398438e-05
01336 0.42815303802490234 0.0027036666870117188
01480 0.2187800407409668 0.000762939453125
01028 0.16595745086669922 0.016046762466430664
00209 0.0177152156829834 0.002683401107788086
00898 0.007360696792602539 0.00023484230041503906
01247 5.570226669311523 0.0008318424224853516
01484 1.385425090789795 0.0007927417755126953
00850 0.027426481246948242 0.0026705265045166016
00295 0.26961541175842285 0.002687692642211914
01170 0.027616024017333984 0.002680540084838867
00947 0.10725951194763184 0.016144752502441406
01339 1.7058148384094238 0.002694368362426758
00584 0.11355161666870117 0.00025582313537597656
00170 0.07060766220092773 6.079673767089844e-05
00419 0.011745691299438477 0.00022029876708984375
00501 0.028407812118530273 0.00021958351135253906
00455 0.2686750888824463 0.0026922225952148438
01420 2.8317229747772217 0.002834320068359375
01287 0.017449378967285156 7.128715515136719e-05
01255 0.2677576541900635 0.0026819705963134766
01297 0.0048046112060546875 0.00022792816162109375
00327 0.016634464263916016 3.170967102050781e-05
01552 4.5500006675720215 0.00028252601623535156
00595 0.022525310516357422 0.0007562637329101562
00879 26.893593311309814 0.016133785247802734
01585 0.047069549560546875 0.01597762107849121
01460 0.018206357955932617 0.00023126602172851562
01212 0.17993640899658203 6.866455078125e-05
00815 0.7566807270050049 7.390975952148438e-05
00797 10.746883153915405 0.016065120697021484
00373 0.10743021965026855 0.002694368362426758
01291 0.11301064491271973 6.079673767089844e-05
00643 0.003245830535888672 2.7894973754882812e-05
00548 0.16669583320617676 0.01605820655822754
00263 0.0707082748413086 0.00022411346435546875
01045 0.006874561309814453 2.765655517578125e-05
00826 0.2865924835205078 0.00026106834411621094
01262 6.810817718505859 0.0027463436126708984
00856 0.42842841148376465 0.002711772918701172
00438 0.08647680282592773 0.0007448196411132812
01266 0.06981682777404785 0.015977859497070312
00316 6.727104902267456 0.02035212516784668
01104 17.16189956665039 0.0027341842651367188
01175 0.2692451477050781 0.002697467803955078
00734 0.43157339096069336 6.985664367675781e-05
01400 0.21953463554382324 0.0008101463317871094
00289 0.01781010627746582 0.002685070037841797
01582 6.783435821533203 0.0027170181274414062
00872 1.0575520992279053 0.01603841781616211
01115 4.225575685501099 0.016057491302490234
00817 0.0048961639404296875 0.00022029876708984375
00165 0.0070650577545166016 3.123283386230469e-05
00397 10.63562798500061 0.016048192977905273
01105 0.04714393615722656 0.01604175567626953
00738 0.007300138473510742 0.00021505355834960938
01189 0.260758638381958 0.01596975326538086
00122 0.5453958511352539 0.0007655620574951172
00146 0.06971120834350586 0.01601099967956543
00383 10.830738306045532 0.0027272701263427734
01470 1.790177822113037 0.00026798248291015625
01417 0.6813890933990479 0.002722501754760742
00275 0.022440671920776367 0.0007460117340087891
00179 0.011745929718017578 0.00021958351135253906
01539 0.011749744415283203 0.0002186298370361328
01076 0.0349271297454834 0.0007369518280029297
00526 3.4760096073150635 0.0008001327514648438
00296 0.4282553195953369 0.002716541290283203
00505 0.17739081382751465 0.00025391578674316406
00409 0.0442051887512207 0.0004947185516357422
01313 0.010080575942993164 0.0007450580596923828
00954 2.7395119667053223 0.016133785247802734
01067 0.448009729385376 0.0002818107604980469
01544 0.11284685134887695 0.000263214111328125
01191 0.658484697341919 0.016029834747314453
00654 0.44359350204467773 7.963180541992188e-05
00414 0.4392080307006836 8.392333984375e-05
01125 0.007102489471435547 2.8371810913085938e-05
01025 0.04692792892456055 0.01600480079650879
01055 0.7610747814178467 5.817413330078125e-05
00659 0.011664628982543945 0.00022363662719726562
00978 0.00737309455871582 0.00022983551025390625
00847 5.53214168548584 0.0008075237274169922
01557 0.05543804168701172 0.0007421970367431641
00291 0.04353642463684082 0.002693653106689453
00665 0.1797046661376953 0.00022411346435546875
00361 0.3458833694458008 0.0007798671722412109
00721 0.001287698745727539 2.6702880859375e-05
01117 10.742460489273071 0.01609349250793457
00535 0.2692263126373291 0.0026917457580566406
01311 2.895348310470581 0.0002765655517578125
01073 0.009232521057128906 0.0007450580596923828
01086 3.4549663066864014 0.0008029937744140625
01034 2.655773401260376 0.01601099967956543
01079 0.13510584831237793 0.0007352828979492188
01205 0.0070955753326416016 2.8371810913085938e-05
01407 5.520833730697632 0.0008225440979003906
00540 2.7080163955688477 0.002708911895751953
00832 4.538241624832153 0.00027751922607421875
01425 0.04739069938659668 0.016045808792114258
00537 0.6806328296661377 0.0027103424072265625
00922 0.5490841865539551 0.0007741451263427734
00762 0.5428106784820557 0.0007574558258056641
01418 1.066739559173584 0.002675294876098633
00723 0.0032188892364501953 2.765655517578125e-05
00205 2.177122116088867 0.000797271728515625
00342 0.045712947845458984 0.00022411346435546875
00026 0.2805774211883545 0.0002529621124267578
00404 0.004602909088134766 2.8133392333984375e-05
00636 6.726431846618652 0.016078472137451172
00941 4.283565044403076 0.0027513504028320312
00322 0.0020711421966552734 3.0994415283203125e-05
00215 0.269655704498291 0.0027010440826416016
00395 4.23699688911438 0.01605558395385742200352 8.385305166244507 0.0007777214050292969
00752 4.691538095474243 0.00030803680419921875
00710 0.41833972930908203 0.01608109474182129
00189 1.1182067394256592 0.0002899169921875
00069 0.26306629180908203 0.016086816787719727
00174 0.5168588161468506 0.0001862049102783203
00601 0.4204864501953125 0.0010027885437011719
00201 0.41834282875061035 0.0010323524475097656
00896 1.207519292831421 0.00011205673217773438
01080 0.2158527374267578 0.0007998943328857422
00100 0.018337249755859375 0.00024437904357910156
01165 2.166923999786377 0.0008189678192138672
01379 0.012002706527709961 0.0002465248107910156
00040 0.21777796745300293 0.000774383544921875
00311 0.6713149547576904 0.01605987548828125
00942 6.785997629165649 0.002723217010498047
01244 1.3880236148834229 0.0008051395416259766
00268 0.7212777137756348 0.00027489662170410156
01477 0.05516624450683594 0.0007412433624267578
00607 5.6316773891448975 0.0010404586791992188
00131 0.05315995216369629 0.003407716751098633
00691 0.052999019622802734 0.0033991336822509766
00113 0.011256694793701172 0.0009546279907226562
01512 1.2751450538635254 0.020229101181030273
01467 0.5453615188598633 0.00034308433532714844
01571 0.05304074287414551 0.0033867359161376953
00456 0.4358553886413574 0.0027086734771728516
00071 0.6611957550048828 0.016026973724365234
00630 0.4168710708618164 0.016036272048950195
00602 0.5450291633605957 0.0007805824279785156
01060 0.01828765869140625 0.00023889541625976562
00171 0.11127305030822754 5.888938903808594e-05
00937 0.6814587116241455 0.0026874542236328125
01504 17.509414434432983 0.002759695053100586
00466 0.07056498527526855 0.016106367111206055
00052 0.06785345077514648 0.002682924270629883
01565 2.2942123413085938 0.0008072853088378906
00061 4.2883360385894775 0.002752542495727539
00015 0.7818427085876465 9.250640869140625e-05
01012 0.06839656829833984 0.002701997756958008
00991 2.9192872047424316 0.00028061866760253906
01195 4.225723743438721 0.016035079956054688
00387 0.10654354095458984 0.016020536422729492
01396 0.03505277633666992 0.0007474422454833984
01254 0.1701796054840088 0.002683401107788086
00871 0.6616029739379883 0.016033649444580078
00915 0.02238178253173828 0.0007462501525878906
00207 5.5615761280059814 0.0008344650268554688
01443 0.0033113956451416016 3.266334533691406e-05
01453 0.2693965435028076 7.43865966796875e-05
00697 0.6826627254486084 0.0027227401733398438
00462 6.783663034439087 0.0027310848236083984
00153 1.6764130592346191 0.016144990921020508
01353 1.680149793624878 0.016068458557128906
00004 0.0047664642333984375 4.57763671875e-05
01538 0.007473945617675781 0.0002353191375732422
00358 0.08764386177062988 0.0007646083831787109
00936 0.4283638000488281 0.0027027130126953125
01219 0.011811494827270508 0.00021791458129882812
00126 3.483135461807251 0.0008063316345214844
00106 0.284160852432251 0.00024390220642089844
00711 0.6617960929870605 0.016004085540771484
01525 0.006989479064941406 4.553794860839844e-05
00905 0.18039774894714355 0.00026535987854003906
00323 0.0033104419708251953 3.075599670410156e-05
00580 0.018413543701171875 0.00025463104248046875
01409 0.017845869064331055 0.0026917457580566406
00096 1.1630637645721436 9.965896606445312e-05
00177 0.004920482635498047 0.0002257823944091797
01388 0.7166416645050049 0.0002627372741699219
01056 1.16835355758667 9.703636169433594e-05
00811 0.11278319358825684 5.602836608886719e-05
00107 0.4548532962799072 0.0002994537353515625
00508 0.7191855907440186 0.00026535987854003906
00707 0.10633707046508789 0.01600360870361328
00807 0.016951322555541992 4.744529724121094e-05
00935 0.26833105087280273 0.002677440643310547
01058 0.007352113723754883 0.00021600723266601562
00393 1.676452398300171 0.016048192977905273
00175 0.7762842178344727 7.939338684082031e-05
00678 0.08788752555847168 0.0007455348968505859
01548 0.7754504680633545 0.00031256675720214844
01221 0.03280973434448242 0.0002522468566894531
00463 10.906076192855835 0.003435373306274414
00314 3.116793394088745 0.01601886749267578
01505 0.047394514083862305 0.016040563583374023
01169 0.0178220272064209 0.0027022361755371094
00370 0.02749037742614746 0.002693653106689453
00503 0.07032537460327148 0.00022721290588378906
00851 0.04328608512878418 0.0026836395263671875
00891 0.10982012748718262 6.341934204101562e-05
00377 0.683652400970459 0.0027179718017578125
00740 0.018442869186401367 0.00021958351135253906
00828 0.7224526405334473 0.00025391578674316406
01510 0.4167459011077881 0.016047954559326172
00092 0.17578577995300293 0.0001285076141357422
01427 0.106414794921875 0.016022682189941406
01302 0.04520678520202637 0.0002193450927734375
00261 0.028529882431030273 0.0002219676971435547
01448 0.026981830596923828 3.2901763916015625e-05
00418 0.007380962371826172 0.00022292137145996094
00162 0.0018491744995117188 2.6702880859375e-05
00744 0.1117088794708252 0.0002276897430419922
01008 8.745997190475464 0.0008165836334228516
01597 11.15936541557312 0.016025781631469727
01201 0.001360177993774414 2.6702880859375e-05
00637 10.630550384521484 0.016075849533081055
01430 0.41624879837036133 0.016054391860961914
00250 0.06984090805053711 5.364418029785156e-05
00627 0.10654854774475098 0.015975236892700195
00042 0.5448019504547119 0.0007729530334472656
01037 10.6506667137146 0.016060352325439453
00224 17.22739863395691 0.0027456283569335938
01066 0.28541088104248047 0.00024509429931640625
00611 0.043073177337646484 0.0026819705963134766
01112 1.0551443099975586 0.016049861907958984
00970 0.0706634521484375 7.295608520507812e-05
01344 17.091107606887817 0.002722501754760742
01561 0.3462653160095215 0.0007777214050292969
00467 0.10611128807067871 0.016004085540771484
00391 0.6610116958618164 0.01605987548828125
00095 0.7585282325744629 7.343292236328125e-05
00857 0.6807427406311035 0.0027060508728027344
00271 2.8748247623443604 0.00027489662170410156
00728 0.02778005599975586 3.1948089599609375e-05
01137 0.004771709442138672 0.0002181529998779297
01198 17.358279705047607 0.01603555679321289
00459 1.7043380737304688 0.002709627151489258
00292 0.06860637664794922 0.002695798873901367
00605 2.177907943725586 0.0007996559143066406
00233 1.680429458618164 0.01610112190246582
01337 0.6807575225830078 0.0027313232421875
00758 0.08711719512939453 0.0007424354553222656
00760 0.21550631523132324 0.0007519721984863281
00481 0.0013818740844726562 4.363059997558594e-05
01040 43.020755767822266 0.016126155853271484
00206 3.458744525909424 0.0008087158203125
01096 0.42864203453063965 0.00269317626953125
00645 0.007060527801513672 3.8623809814453125e-05
00091 0.11402034759521484 5.841255187988281e-05
01075 0.02252030372619629 0.0007517337799072266
01241 0.34418773651123047 0.0007898807525634766
00685 2.1858065128326416 0.0007989406585693359
00775 0.26871347427368164 0.0026848316192626953
00290 0.027652978897094727 0.0027496814727783203
01257 0.6789658069610596 0.002706289291381836
00181 0.028661489486694336 0.0002224445343017578
00852 0.06844449043273926 0.002705812454223633
01573 0.10877704620361328 0.002705812454223633
01177 0.6795809268951416 0.002710580825805664
00522 0.5468888282775879 0.0007898807525634766
01203 0.003350973129272461 3.886222839355469e-05
00704 17.6683611869812 0.0027260780334472656
00865 0.04749608039855957 0.01602315902709961
00237 10.672781705856323 0.016155004501342773
00116 0.03558707237243652 0.0007560253143310547
01564 1.3875889778137207 0.0008106231689453125
01569 0.01785588264465332 0.0026874542236328125
00362 0.5429058074951172 0.0007603168487548828
01282 0.001905679702758789 3.528594970703125e-05
00980 0.018088340759277344 0.00022554397583007812
00500 0.018285512924194336 0.00023555755615234375
00999 0.13771510124206543 0.0008025169372558594
01567 6.004887819290161 0.0010447502136230469
01007 5.601378679275513 0.0008158683776855469
00963 0.0033092498779296875 3.0040740966796875e-05
00014 0.4439396858215332 6.818771362304688e-05
00631 0.6673707962036133 0.016034603118896484
00518 0.08733296394348145 0.0007476806640625
00596 0.034873247146606445 0.0007390975952148438
01481 0.3464474678039551 0.0007674694061279297
00719 26.720993518829346 0.016052961349487305
00555 4.411608695983887 0.02023458480834961
00118 0.10549640655517578 0.001029253005981445301549 2.268418073654175 0.0003871917724609375
01090 0.028215646743774414 0.0027005672454833984
00066 0.07038021087646484 0.016066789627075195
01019 1.7090773582458496 0.0027391910552978516
01520 43.12149477005005 0.01610088348388672
00099 0.012129545211791992 0.0002357959747314453
00774 0.17127180099487305 0.002717733383178711
01103 10.800145149230957 0.0027551651000976562
01550 1.9175240993499756 0.00036144256591796875
00772 0.08312702178955078 0.003392934799194336
00916 0.042115211486816406 0.0009551048278808594
00823 0.08591723442077637 0.0003180503845214844
01089 0.02208542823791504 0.003371000289916992
01358 17.067907094955444 0.016107559204101562
00123 0.8743970394134521 0.0007815361022949219
01574 0.17069625854492188 0.002696990966796875
00702 7.15837550163269 0.0027217864990234375
01005 2.1871917247772217 0.0007956027984619141
00173 0.2678701877593994 0.00014257431030273438
01225 0.17857646942138672 0.00028204917907714844
00298 1.0719099044799805 0.002684354782104492
00733 0.26948118209838867 8.177757263183594e-05
01085 2.172457456588745 0.0007939338684082031
01485 2.1906368732452393 0.0007939338684082031
01596 6.9856672286987305 0.020212411880493164
01209 0.05366683006286621 5.340576171875e-05
00671 2.9732322692871094 0.00029277801513671875
01243 0.8691756725311279 0.0007719993591308594
00338 0.00741887092590332 0.0002200603485107422
01239 0.13613319396972656 0.000736236572265625
01457 0.00478363037109375 0.00022172927856445312
00687 5.547070026397705 0.0007960796356201172
00392 1.0527358055114746 0.016009092330932617
00302 6.822678565979004 0.0027112960815429688
01534 0.4501302242279053 6.747245788574219e-05
00669 1.2658319473266602 0.0003437995910644531
01236 0.042580604553222656 0.0009512901306152344
00766 3.6672253608703613 0.0008246898651123047
00818 0.00756382942199707 0.00024008750915527344
00255 0.7712888717651367 8.368492126464844e-05
01362 0.0019943714141845703 3.123283386230469e-05
00023 0.07197189331054688 0.0002474784851074219
01001 0.3467082977294922 0.0007562637329101562
00512 4.533182621002197 0.00029015541076660156
00190 1.790600299835205 0.0002665519714355469
00347 0.4565129280090332 0.0002524852752685547
00557 10.611886978149414 0.015999555587768555
00198 0.08757996559143066 0.00074005126953125
00777 0.6819212436676025 0.0027010440826416016
01131 0.11243247985839844 5.269050598144531e-05
01502 6.932768106460571 0.0027201175689697266
00410 0.07143521308898926 5.459785461425781e-05
00430 1.7983264923095703 0.0002739429473876953
01091 0.04358077049255371 0.0027124881744384766
00675 0.02234649658203125 0.0007383823394775391
00299 1.7073040008544922 0.002700328826904297
01500 2.713968276977539 0.002707242965698242
01273 1.6761085987091064 0.016054153442382812
00108 0.7188143730163574 0.0002644062042236328
00986 0.2828996181488037 0.0002448558807373047
00231 0.6634824275970459 0.016065120697021484
00925 2.1698391437530518 0.0007948875427246094
01003 0.8719227313995361 0.0007836818695068359
00821 0.028606891632080078 0.0002219676971435547
00619 1.703298568725586 0.0026950836181640625
00753 0.009166955947875977 0.0007410049438476562
01333 0.10710644721984863 0.002681732177734375
00769 0.017711639404296875 0.0026862621307373047
01107 0.10621523857116699 0.01607060432434082
00334 0.4440319538116455 6.890296936035156e-05
00561 0.001379251480102539 2.6226043701171875e-05
00909 1.134244441986084 0.00027108192443847656
00154 2.6624066829681396 0.016005516052246094
01387 0.44940686225891113 0.00025177001953125
01142 0.04483222961425781 0.0002205371856689453
00491 0.1109476089477539 5.626678466796875e-05
00975 0.7569007873535156 7.653236389160156e-05
01113 1.6775083541870117 0.016065597534179688
00674 0.014238357543945312 0.0007359981536865234
01532 0.1802530288696289 6.628036499023438e-05
01385 0.17905879020690918 0.0002543926239013672
00124 1.3831312656402588 0.0007960796356201172
01580 2.7113075256347656 0.0027163028717041016
01211 0.1103215217590332 5.412101745605469e-05
01383 0.06953811645507812 0.0002193450927734375
00553 1.6725635528564453 0.016016721725463867
00421 0.028601646423339844 0.00022292137145996094
00750 1.801365613937378 0.000263214111328125
01530 0.07247662544250488 4.553794860839844e-05
00592 4.5615832805633545 0.00030350685119628906
00371 0.04372072219848633 0.0026895999908447266
00471 0.6644086837768555 0.01606917381286621
00208 8.654205560684204 0.0009515285491943359
01183 10.8338041305542 0.002730846405029297
00886 0.01172780990600586 4.6253204345703125e-05
00440 0.21711325645446777 0.0007653236389160156
01397 0.055289268493652344 0.0007452964782714844
01593 1.6784031391143799 0.01604485511779785
00446 3.4540293216705322 0.0008022785186767578
01472 4.5385353565216064 0.00029158592224121094
00256 1.1554961204528809 9.393692016601562e-05
00469 0.2625405788421631 0.016139745712280273
01172 0.06844782829284668 0.002700328826904297
01226 0.28473782539367676 0.00024318695068359375
01355 4.228399753570557 0.016042232513427734
00332 0.18024349212646484 6.890296936035156e-05
00819 0.01176595687866211 0.00021982192993164062
00406 0.011389732360839844 2.9087066650390625e-05
00715 4.219254016876221 0.0160214900970459
00305 0.047367095947265625 0.016054153442382812
00447 5.5344078540802 0.0008018016815185547
00022 0.04563403129577637 0.0002238750457763672
01410 0.027578353881835938 0.0027091503143310547
00180 0.018246173858642578 0.0002315044403076172
00141 4.291529178619385 0.0027594566345214844
00216 0.4283018112182617 0.0026841163635253906
00784 17.117480516433716 0.0027441978454589844
00813 0.2722785472869873 7.843971252441406e-05
01447 0.016978025436401367 3.743171691894531e-05
00971 0.11027097702026367 5.817413330078125e-05
00705 0.0471804141998291 0.016062259674072266
01259 1.6963844299316406 0.002683877944946289
01157 0.05498790740966797 0.0007479190826416016
00984 0.11132621765136719 0.00022101402282714844
00405 0.007118701934814453 3.1948089599609375e-05
00644 0.004652976989746094 2.956390380859375e-05
01078 0.08749723434448242 0.0007414817810058594
00098 0.007300615310668945 0.0002186298370361328
00741 0.02818012237548828 0.00021910667419433594
00730 0.06758475303649902 3.4332275390625e-05
01278 16.8431077003479 0.016054391860961914
00424 0.11353158950805664 0.00022363662719726562
01501 4.271594762802124 0.0027201175689697266
00864 17.09144115447998 0.002721548080444336
00600 0.2192080020904541 0.0007665157318115234
00273 0.009060382843017578 0.0007309913635253906
00433 0.00916910171508789 0.0007381439208984375
00028 0.7175440788269043 0.0002751350402832031
01185 0.04772186279296875 0.016145944595336914
01305 0.18099641799926758 0.0002949237823486328
00546 0.06956171989440918 0.015996694564819336
00919 0.13781118392944336 0.0007414817810058594
01517 10.625830888748169 0.016204833984375
00805 0.007864236831665039 3.838539123535156e-05
01277 10.642086029052734 0.016103744506835938
00635 4.210893392562866 0.01598191261291504
01159 0.13706159591674805 0.0007460117340087891
01202 0.0018458366394042969 3.552436828613281e-05
01011 0.04336833953857422 0.0026814937591552734
01010 0.027540922164916992 0.0026836395263671875
01253 0.10748910903930664 0.002680540084838867
00472 1.0583066940307617 0.01608419418334961
00525 2.173518419265747 0.0007889270782470703
00379 1.7025299072265625 0.0027000904083251953
00574 0.4388463497161865 7.581710815429688e-05
00859 1.7117547988891602 0.002717733383178711
01197 10.643700122833252 0.016041040420532227
00274 0.014187812805175781 0.0007386207580566406
00756 0.03487801551818848 0.0007359981536865234
00478 16.93039035797119 0.016057729721069336
01393 0.009226322174072266 0.0007431507110595703
00998 0.08810663223266602 0.0007481575012207031
00863 10.772573947906494 0.0028312206268310547
00583 0.07144570350646973 0.0002319812774658203
00785 0.047097206115722656 0.016066789627075195
00714 2.6611742973327637 0.016070127487182617
00137 0.6789531707763672 0.0027375221252441406
00973 0.2781717777252197 8.606910705566406e-05
00928 8.696892023086548 0.0007851123809814453
01535 0.7439281940460205 7.700920104980469e-05
00234 2.580094814300537 0.01568317413330078
00589 1.2356832027435303 0.0002868175506591797
00914 0.02892780303955078 0.0013892650604248047
01038 16.18550181388855 0.01423120498657226600315 8.297086238861084 0.021024703979492188
01312 4.6958887577056885 0.00041961669921875
01109 0.2648146152496338 0.016032695770263672
00317 10.71007752418518 0.016121625900268555
00229 0.2628169059753418 0.01606154441833496
01524 0.004712104797363281 5.888938903808594e-05
00945 0.047170162200927734 0.016017913818359375
01394 0.014110565185546875 0.0007524490356445312
00836 0.03508734703063965 0.0007491111755371094
00994 0.014074087142944336 0.0007367134094238281
00202 0.5506331920623779 0.0007753372192382812
00694 0.17090320587158203 0.002691507339477539
00889 0.044193267822265625 4.124641418457031e-05
00732 0.1806020736694336 7.581710815429688e-05
00003 0.0033376216888427734 3.552436828613281e-05
01356 6.703912734985352 0.016074419021606445
00572 0.18077683448791504 7.510185241699219e-05
00722 0.0019524097442626953 3.0994415283203125e-05
01041 0.001283884048461914 3.4332275390625e-05
01376 1.1647276878356934 7.867813110351562e-05
00006 0.011752128601074219 3.266334533691406e-05
00267 0.4536566734313965 0.0002567768096923828
01293 0.27211618423461914 8.058547973632812e-05
00559 27.111031532287598 0.01605224609375
01186 0.0704946517944336 0.016071081161499023
01483 0.8768551349639893 0.0007913112640380859
00138 1.07627534866333 0.0027418136596679688
00957 10.642706394195557 0.016108274459838867
01155 0.02251458168029785 0.0007410049438476562
00894 0.4483642578125 0.00010371208190917969
00204 1.378474473953247 0.0007987022399902344
01586 0.07032132148742676 0.016087055206298828
00504 0.1134495735168457 0.00023984909057617188
00077 10.63559079170227 0.016266822814941406
00075 4.245635509490967 0.01611924171447754
00134 0.17011237144470215 0.0027093887329101562
00272 4.542773723602295 0.0003197193145751953
00483 0.003434419631958008 4.172325134277344e-05
00288 8.830543756484985 0.0008254051208496094
00401 0.0014693737030029297 3.337860107421875e-05
00579 0.011882781982421875 0.00022411346435546875
00799 26.8931303024292 0.016069412231445312
00090 0.06898093223571777 4.220008850097656e-05
01348 0.16649937629699707 0.016084909439086914
01167 5.5688560009002686 0.0008289813995361328
01426 0.07030701637268066 0.016024351119995117
00199 0.13777375221252441 0.0007445812225341797
00001 0.0013012886047363281 2.7894973754882812e-05
00394 2.673919677734375 0.01602935791015625
01004 1.3773984909057617 0.00081634521484375
00626 0.06993436813354492 0.01603102684020996
00751 2.935737371444702 0.00048661231994628906
00747 0.45246458053588867 0.0003006458282470703
01072 4.695703506469727 0.0002903938293457031
00830 1.7759299278259277 0.000270843505859375
01469 1.1175079345703125 0.0003266334533691406
00923 0.8732147216796875 0.0008018016815185547
00989 1.1326754093170166 0.00030994415283203125
00081 0.001378774642944336 3.337860107421875e-05
00282 0.5496077537536621 0.0007634162902832031
00604 1.3808751106262207 0.0008141994476318359
00737 0.004877567291259766 0.00021839141845703125
00585 0.17954301834106445 0.00024628639221191406
01000 0.21705985069274902 0.0007634162902832031
00907 0.45263147354125977 0.0002601146697998047
01497 0.6842935085296631 0.002706766128540039
00121 0.345794677734375 0.0007703304290771484
00328 0.026607751846313477 3.147125244140625e-05
01581 4.2425055503845215 0.0027115345001220703
01361 0.0013887882232666016 2.7894973754882812e-05
01242 0.5454552173614502 0.0007717609405517578
00868 0.16687726974487305 0.016021013259887695
00032 4.567532062530518 0.0002808570861816406
01553 0.009186267852783203 0.0007474422454833984
01213 0.2753758430480957 7.367134094238281e-05
00413 0.2732095718383789 7.343292236328125e-05
00809 0.04416966438293457 3.552436828613281e-05
01116 6.71730375289917 0.016097545623779297
00168 0.02791595458984375 3.218650817871094e-05
00948 0.16618633270263672 0.016001224517822266
00279 0.13724064826965332 0.0007426738739013672
01289 0.04420971870422363 3.170967102050781e-05
00307 0.10640192031860352 0.01604318618774414
00814 0.4475870132446289 7.176399230957031e-05
01599 26.828046321868896 0.01607680320739746
00833 0.009261608123779297 0.0007402896881103516
01331 0.04334235191345215 0.0026922225952148438
01514 2.661130666732788 0.01615428924560547
01317 0.05536675453186035 0.0007498264312744141
00257 0.004844188690185547 0.00022840499877929688
00834 0.014219045639038086 0.0007507801055908203
01054 0.4474210739135742 8.606910705566406e-05
00802 0.001966714859008789 3.24249267578125e-05
00749 1.125549554824829 0.00027251243591308594
01138 0.007437229156494141 0.000217437744140625
00309 0.2614555358886719 0.015990018844604492
00820 0.018094778060913086 0.00021696090698242188
00464 17.056116342544556 0.002729177474975586
00962 0.0019876956939697266 2.956390380859375e-05
01140 0.018004179000854492 0.0002200603485107422
00221 4.2854979038238525 0.0027320384979248047
01367 0.016742229461669922 3.743171691894531e-05
01194 2.655130624771118 0.01604914665222168
01188 0.16626548767089844 0.015977859497070312
00058 1.071570634841919 0.0027022361755371094
00344 0.11292195320129395 0.00022411346435546875
00262 0.0453181266784668 0.0002269744873046875
00172 0.17909026145935059 6.985664367675781e-05
00800 42.57685685157776 0.0161135196685791
01184 17.120714902877808 0.0027289390563964844
00884 0.004858255386352539 3.528594970703125e-05
00757 0.054758310317993164 0.0007467269897460938
00034 0.0140228271484375 0.0007352828979492188
00114 0.014104604721069336 0.0007405281066894531
01235 0.022355079650878906 0.0007379055023193359
00488 0.027240514755249023 3.314018249511719e-05
01134 0.42946863174438477 7.581710815429688e-05
00964 0.004823923110961914 2.9087066650390625e-05
01106 0.07029867172241211 0.016048908233642578
00853 0.1078023910522461 0.0026979446411132812
00761 0.34822821617126465 0.0007808208465576172
00682 0.547166109085083 0.0007579326629638672
01479 0.13698387145996094 0.0007383823394775391
01314 0.014154911041259766 0.0007364749908447266
01234 0.014101505279541016 0.0007345676422119141
00270 1.791996955871582 0.00027489662170410156
00493 0.27367353439331055 7.343292236328125e-05
00495 0.773104190826416 7.462501525878906e-05
01583 10.825483322143555 0.0027191638946533203
00388 0.16681551933288574 0.0160219669342041
00625 0.047142744064331055 0.016021728515625
00701 4.274702787399292 0.0027077198028564453
00993 0.009110689163208008 0.0007495880126953125
01290 0.06951022148132324 3.5762786865234375e-05
00870 0.41652584075927734 0.016035795211791992
01531 0.11167359352111816 5.8650970458984375e-05
00532 0.06795310974121094 0.002685546875
00593 0.009119033813476562 0.0007402896881103516
01152 4.545271635055542 0.00027871131896972656
00623 10.859931707382202 0.002745389938354492
01327 5.544954776763916 0.0007903575897216797
00693 0.10797119140625 0.0026972293853759766
00048 8.714984893798828 0.0008075237274169922
00336 1.1165680885314941 8.034706115722656e-05
00055 0.268873929977417 0.002692699432373047
00070 0.4164862632751465 0.016011953353881836
01006 3.436699390411377 0.0008058547973632812
01471 2.89670991897583 0.0002760887145996094
00125 2.178680419921875 0.0007977485656738281
01334 0.1700305938720703 0.002674102783203125
01208 0.02729940414428711 3.504753112792969e-05
00056 0.4244246482849121 0.0026788711547851562
00249 0.04380655288696289 3.3855438232421875e-05
00360 0.21822404861450195 0.0007412433624267578
00144 17.039974212646484 0.0027277469635009766
00552 1.0582141876220703 0.016009092330932617
01449 0.04307723045349121 3.2901763916015625e-05
00586 0.2799229621887207 0.00024819374084472656
00822 0.04554176330566406 0.00022220611572265625
00926 3.470961809158325 0.000812530517578125

01100 2.712434768676758 0.002714395523071289
01319 0.13728570938110352 0.0007405281066894531
00135 0.2700779438018799 0.0026895999908447266
00612 0.06826639175415039 0.0026938915252685547
00423 0.06990242004394531 0.00022912025451660156
01343 10.860532283782959 0.0027451515197753906
00235 4.237597703933716 0.01607513427734375
00276 0.03502058982849121 0.000743865966796875
01332 0.06837224960327148 0.0026979446411132812
01176 0.4268045425415039 0.002686023712158203
00912 4.541431903839111 0.00027370452880859375
00902 0.04577279090881348 0.00022220611572265625
01533 0.26863884925842285 6.818771362304688e-05
01595 4.228272914886475 0.016047000885009766
00554 2.646350860595703 0.016028404235839844
01371 0.10949158668518066 5.650520324707031e-05
00345 0.1796588897705078 0.00022935867309570312
01122 0.0018837451934814453 3.647804260253906e-05
00724 0.004740715026855469 2.6941299438476562e-05
00510 1.7858757972717285 0.0002734661102294922
01466 0.2838754653930664 0.0002574920654296875
01462 0.04522371292114258 0.0002224445343017578
01381 0.02835559844970703 0.0002181529998779297
00956 6.680240631103516 0.01579880714416504
00606 3.3736085891723633 0.0008013248443603516
00411 0.10901284217834473 5.8650970458984375e-05
00133 0.10489058494567871 0.0026845932006835938
00940 5.403782844543457 0.006004810333251953
01528 0.048648834228515625 0.00010561943054199219
01093 0.13280987739562988 0.0030379295349121094
01147 0.5135040283203125 0.0002906322479248047
00357 0.06257152557373047 0.0008497238159179688
01136 1.986314058303833 9.179115295410156e-05
00064 17.47664976119995 0.002859354019165039
01269 0.26323604583740234 0.01597285270690918
00053 0.1075437068939209 0.0026824474334716797
00341 0.02874612808227539 0.00022745132446289062
00223 11.249046564102173 0.003436565399169922
00266 0.31067848205566406 0.0002701282501220703
01370 0.06815862655639648 5.435943603515625e-05
00529 0.017824888229370117 0.002691030502319336
00770 0.027402400970458984 0.0026934146881103516
00568 0.026772022247314453 3.266334533691406e-05
00024 0.11111855506896973 0.00023794174194335938
00078 16.85739016532898 0.02024102210998535
01498 1.2934706211090088 0.0033996105194091797
00877 11.028800010681152 0.016150474548339844
00885 0.007228374481201172 3.552436828613281e-05
01218 0.0074498653411865234 0.0002346038818359375
00965 0.007121562957763672 3.4332275390625e-05
00530 0.027462244033813477 0.00269317626953125
00523 0.8701832294464111 0.0007841587066650391
00220 2.7045373916625977 0.002752542495727539
00576 1.1871635913848877 0.00012755393981933594
01499 1.7069439888000488 0.0027124881744384766
01474 0.014239311218261719 0.0007610321044921875
01428 0.1661665439605713 0.016004085540771484
00269 1.1235127449035645 0.0003075599670410156
01345 0.047205209732055664 0.016045331954956055
00887 0.016350269317626953 3.9577484130859375e-05
00188 0.7183823585510254 0.00029468536376953125
00451 0.04347729682922363 0.0026941299438476562
00816 1.1690714359283447 0.0001068115234375
01395 0.02243494987487793 0.000759124755859375
01450 0.07002806663513184 5.793571472167969e-05
00426 0.2840273380279541 0.0002834796905517578
01350 0.41699671745300293 0.016033649444580078
01554 0.014366865158081055 0.0007407665252685547
01494 0.1701359748840332 0.0026841163635253906
00778 1.073331594467163 0.0027344226837158203
00384 17.1161949634552 0.0027306079864501953
00703 10.91105842590332 0.002719402313232422
00247 0.017073631286621094 3.0279159545898438e-05
00873 1.6754231452941895 0.016041278839111328
00016 1.1484134197235107 8.96453857421875e-05
00660 0.018548011779785156 0.00022530555725097656
00866 0.06992769241333008 0.016024112701416016
00479 27.2612726688385 0.02026510238647461
01260 2.726999044418335 0.002727985382080078
00192 4.565040349960327 0.0002925395965576172
00810 0.0687556266784668 6.532669067382812e-05
00348 0.7089593410491943 0.00025844573974609375
00895 0.7449944019317627 8.58306884765625e-05
00245 0.007188081741333008 3.695487976074219e-05
01119 27.0546612739563 0.016073942184448242
01434 2.6625006198883057 0.016059398651123047
00203 0.8730599880218506 0.0007870197296142578
00622 6.796203136444092 0.0027167797088623047
00331 0.11262321472167969 5.364418029785156e-05
00060 2.7117016315460205 0.002713441848754883
01444 0.004611015319824219 2.8133392333984375e-05
01429 0.26197195053100586 0.0160214900970459
01051 0.11038947105407715 5.507469177246094e-05
00681 0.3486213684082031 0.0008108615875244141
00074 2.6583056449890137 0.01600360870361328
00427 0.4550321102142334 0.0003178119659423828
00011 0.10850739479064941 7.414817810058594e-05
01053 0.2728090286254883 7.462501525878906e-05
00629 0.2624537944793701 0.016059160232543945
01222 0.045487165451049805 0.0002415180206298828
01088 8.746869325637817 0.0008342266082763672
01251 0.04330754280090332 0.0026750564575195312
00952 1.061455249786377 0.01603555679321289
00918 0.0871586799621582 0.0007393360137939453
00115 0.022148609161376953 0.0007336139678955078
01232 4.5607006549835205 0.00029754638671875
00200 0.21936440467834473 0.0007638931274414062
00706 0.06977534294128418 0.015989065170288086
01515 4.224867105484009 0.016077756881713867
01588 0.16607880592346191 0.016057491302490234
00967 0.016836166381835938 2.9802322387695312e-05
01415 0.26847028732299805 0.002707242965698242
01245 2.159275531768799 0.0007843971252441406
01545 0.17870450019836426 0.00023937225341796875
00880 42.58379077911377 0.01618027687072754
00020 0.018548250198364258 0.0002315044403076172
01281 0.0013082027435302734 3.0040740966796875e-05
01280 43.04649114608765 0.016123533248901367
01193 1.6734652519226074 0.01602959632873535
00097 0.0048465728759765625 0.00022077560424804688
00639 27.046748399734497 0.016187191009521484
01340 2.7190511226654053 0.002750396728515625
01364 0.004708766937255859 3.457069396972656e-05
01229 1.1286242008209229 0.0002646446228027344
00109 1.1213436126708984 0.00026869773864746094
01324 1.3793048858642578 0.0007863044738769531
00664 0.11201763153076172 0.0002276897430419922
01445 0.0069751739501953125 2.8371810913085938e-05
00366 3.475560188293457 0.00081634521484375
01108 0.16639351844787598 0.016081571578979492
00432 4.511441230773926 0.0002722740173339844
00087 0.016571998596191406 2.956390380859375e-05
01217 0.004785776138305664 0.00022602081298828125
01587 0.10629773139953613 0.016018152236938477
01423 10.733882665634155 0.0027244091033935547
00781 4.550441741943359 0.0027539730072021484
00679 0.13594889640808105 0.0007398128509521484
00152 1.0554983615875244 0.016047954559326172
00239 26.718562602996826 0.015395641326904297
00102 0.044063568115234375 0.0002288818359375
00906 0.27570271492004395 0.00023555755615234375
00862 6.553628206253052 0.002647876739501953
00911 2.759535551071167 0.0002694129943847656
01084 1.314603328704834 0.0007677078247070312
00899 0.011289596557617188 0.00021958351135253906
00673 0.008632183074951172 0.0007357597351074219
00230 0.3970482349395752 0.015315532684326172
01092 0.23290252685546875 0.005832195281982422
00558 17.03542447090149 0.01621532440185547
01049 0.04538393020629883 0.0001068115234375
01020 2.7110683917999268 0.0034418106079101562
00748 0.8671603202819824 0.00035691261291503906
00543 10.89406704902649 0.0027475357055664062
01097 0.6792588233947754 0.002719879150390625
00351 2.9039785861968994 0.0003211498260498047
01210 0.07002997398376465 6.29425048828125e-05
00668 0.7145569324493408 0.00028896331787109375
00356 0.035283565521240234 0.0007617473602294922
01556 0.03520083427429199 0.0007436275482177734
01475 0.022513866424560547 0.0007510185241699219
00390 0.4159419536590576 0.01603865623474121
01435 4.4333176612854 0.020375967025756836
00214 0.20726656913757324 0.003443002700805664
00475 4.262438058853149 0.01606154441833496
00628 0.16709160804748535 0.016032695770263672
00996 0.03500699996948242 0.0007431507110595703
01392 4.531670093536377 0.000270843505859375
01422 6.819252967834473 0.002724170684814453
00621 4.531984090805054 0.0027053356170654297
00489 0.04427981376647949 3.266334533691406e-05
00428 0.7137384414672852 0.00027871131896972656
00398 16.879955768585205 0.016077280044555664
00339 0.012109518051147461 0.00024056434631347656
00045 2.4425814151763916 0.0008311271667480469
00033 0.009822845458984375 0.0007653236389160156
00487 0.01648092269897461 5.984306335449219e-05
00294 0.17035341262817383 0.0026848316192626953
01436 6.7064409255981445 0.016138315200805664
01516 6.715851783752441 0.016165971755981445
00389 0.26310229301452637 0.016027212142944336
01299 0.011911869049072266 0.00022935867309570312
00731 0.11223816871643066 6.818771362304688e-05
00027 0.45420384407043457 0.00025534629821777344
01023 11.127300262451172 0.0027163028717041016
00228 0.16615915298461914 0.015988588333129883
00037 0.05475258827209473 0.0007326602935791016
00624 17.191460371017456 0.0027627944946289062
01199 26.888598680496216 0.016108036041259766
01433 1.6729702949523926 0.015986204147338867
00666 0.2853057384490967 0.0002779960632324219
00507 0.4512805938720703 0.0002689361572265625
01111 0.6615357398986816 0.016028881072998047
00457 0.6856112480163574 0.002706289291381836
01325 2.183117151260376 0.0008001327514648438
00354 0.014384269714355469 0.0007436275482177734
00920 0.21745562553405762 0.0007672309875488281
00051 0.04345989227294922 0.0026979446411132812
01414 0.16959571838378906 0.0026874542236328125
01589 0.2621123790740967 0.016062498092651367
00036 0.03486132621765137 0.0007476806640625
01144 0.11258482933044434 0.00023317337036132812
00326 0.011396408081054688 3.218650817871094e-05
00277 0.05486702919006348 0.0007338523864746094
00434 0.014094352722167969 0.0007431507110595703
00473 1.8063750267028809 0.02022576332092285
01390 1.92252516746521 0.0002925395965576172
00900 0.018365144729614258 0.0002205371856689453
00794 2.665726900100708 0.016051769256591797
01411 0.04304051399230957 0.0026710033416748047
01486 3.485975980758667 0.0007910728454589844
00355 0.022463321685791016 0.0007419586181640625
01368 0.028748512268066406 3.7670135498046875e-05
00130 0.027571678161621094 0.0026788711547851562
00139 1.7080650329589844 0.002709627151489258
00640 42.70503091812134 0.016105175018310547
01459 0.012105703353881836 0.00022912025451660156
01503 10.847111701965332 0.002725362777709961
00444 1.3918228149414062 0.0007965564727783203
01074 0.014214754104614258 0.0007371902465820312
00094 0.4458317756652832 6.771087646484375e-05
01099 1.7116880416870117 0.0026967525482177734
00837 0.055132150650024414 0.0007493495941162109
01022 6.7690589427948 0.002695322036743164
01309 1.122565507888794 0.0002727508544921875
01349 0.2617638111114502 0.016033411026000977
01488 9.013578414916992 0.0009694099426269531
00570 0.07031655311584473 5.6743621826171875e-05
01363 0.00323486328125 2.9802322387695312e-05
00382 6.759051322937012 0.002724885940551758
01403 0.8696780204772949 0.0008127689361572266
00219 1.7096998691558838 0.0027043819427490234
01300 0.018269062042236328 0.00022077560424804688
01412 0.06816411018371582 0.002685070037841797
00670 1.8011806011199951 0.00026869773864746094
00949 0.2641134262084961 0.016023635864257812
00445 2.1765387058258057 0.0007829666137695312
00437 0.055413007736206055 0.0007457733154296875
00485 0.007074594497680664 4.2438507080078125e-05
01566 3.4719722270965576 0.0008034706115722656
00155 4.239443302154541 0.016066312789916992
00408 0.02677154541015625 4.553794860839844e-05
00696 0.4267580509185791 0.0026962757110595703
00324 0.004589080810546875 2.8848648071289062e-05
01046 0.01167154312133789 3.314018249511719e-05
00372 0.06824159622192383 0.0026807785034179688
00773 0.10711860656738281 0.002681732177734375
00780 2.7132110595703125 0.002707958221435547
00564 0.004798412322998047 2.7894973754882812e-05
01047 0.016697168350219727 3.7670135498046875e-05
00364 1.372239112854004 0.0007779598236083984
01482 0.5473837852478027 0.0007574558258056641
00242 0.0019373893737792969 4.172325134277344e-05
00148 0.16585946083068848 0.01598978042602539
00688 8.7331063747406 0.00080108642578125
01002 0.5437374114990234 0.0007715225219726562
01529 0.04394078254699707 3.552436828613281e-05
00057 0.6781632900238037 0.002707242965698242
00663 0.07055282592773438 0.00022459030151367188
01035 4.232650995254517 0.016046524047851562
00742 0.04566764831542969 0.00022363662719726562
01095 0.26958131790161133 0.002691984176635742
00739 0.011731147766113281 0.0002186298370361328
00831 2.8737308979034424 0.00027179718017578125
00827 0.4510178565979004 0.00028324127197265625
00367 5.520590305328369 0.0008120536804199219
00306 0.06985902786254883 0.01602792739868164
01301 0.02885913848876953 0.00022983551025390625
00318 16.88754653930664 0.016090869903564453
01129 0.047187089920043945 4.9114227294921875e-05
01465 0.17855024337768555 0.0002532005310058594
00072 1.0587475299835205 0.016107559204101562
00082 0.0018951892852783203 2.8848648071289062e-05
01192 1.0558640956878662 0.016073226928710938
01399 0.13538527488708496 0.0007364749908447266
00350 1.8065698146820068 0.00026297569274902344
01133 0.2871224880218506 6.985664367675781e-05
01373 0.27120399475097656 6.890296936035156e-05
00112 4.775892734527588 0.0002734661102294922
00047 5.532912254333496 0.0008034706115722656
00729 0.04440426826477051 3.2901763916015625e-05
01204 0.00462794303894043 2.8133392333984375e-05
00038 0.08743619918823242 0.0007407665252685547
00498 0.007418632507324219 0.0002474784851074219
00591 2.8841664791107178 0.0003211498260498047
00093 0.2680854797363281 6.365776062011719e-05
00402 0.0019533634185791016 2.8371810913085938e-05
00425 0.17853665351867676 0.00022721290588378906
00062 6.785433530807495 0.0027191638946533203
01542 0.046532630920410156 0.0002231597900390625
01568 9.020177125930786 0.0008084774017333984
00571 0.11079263687133789 5.435943603515625e-05
00076 6.700760126113892 0.016098499298095703
00132 0.06866574287414551 0.0026988983154296875
01489 0.017612934112548828 0.002665281295776367
00021 0.028180360794067383 0.0002167224884033203
00901 0.028700828552246094 0.0002205371856689453
01440 42.44469928741455 0.015007734298706055
01491 0.04081130027770996 0.0025713443756103516
00260 0.017366647720336914 0.00022077560424804688
00025 0.16565489768981934 0.00023555755615234375
00961 0.0013382434844970703 4.0531158447265625e-05
00653 0.2494814395904541 8.225440979003906e-05
01228 0.6641690731048584 0.0002601146697998047
01110 0.49141645431518555 0.018137454986572266
01127 0.018697500228881836 3.457069396972656e-05
00736 1.3044085502624512 9.250640869140625e-05
00745 0.2447648048400879 0.0002892017364501953
00514 0.08484721183776855 0.0017788410186767578
00842 0.6679050922393799 0.000881195068359375
00903 0.08048510551452637 0.0002727508544921875
00278 0.09262323379516602 0.0007543563842773438
01261 4.281288385391235 0.00278472900390625
00953 1.6835572719573975 0.016124725341796875
00285 2.182002067565918 0.0008292198181152344
00183 0.07088017463684082 0.0002377033233642578
01094 0.17156982421875 0.002702474594116211
01432 1.0558197498321533 0.01606583595275879
00944 17.164849042892456 0.002747774124145508
00840 0.21808338165283203 0.0007772445678710938
01068 0.7151057720184326 0.0002865791320800781
01256 0.4285717010498047 0.0027048587799072266
00147 0.10614442825317383 0.016088247299194336
00142 6.802635669708252 0.0027322769165039062
01258 1.078749179840088 0.0026938915252685547
01598 16.878376722335815 0.016058683395385742
00875 4.23521876335144 0.016181468963623047
01321 0.3453381061553955 0.0007748603820800781
00533 0.10751104354858398 0.0026869773864746094
00667 0.4500694274902344 0.00027370452880859375
00620 2.705319404602051 0.0027561187744140625
00210 0.02759242057800293 0.002700328826904297
00893 0.27475833892822266 0.00010824203491210938
00319 26.842456579208374 0.01610422134399414
01551 2.9049072265625 0.0002803802490234375
01384 0.11203622817993164 0.0002377033233642578
00652 0.18546366691589355 0.00011372566223144531
00470 0.41668701171875 0.016058921813964844
01283 0.0031197071075439453 3.0517578125e-05
00436 0.03510427474975586 0.0007419586181640625
00801 0.0013201236724853516 2.86102294921875e-05
01522 0.0019106864929199219 4.100799560546875e-05
01123 0.003173828125 3.075599670410156e-05
00846 3.4928112030029297 0.0008187294006347656
01316 0.03571963310241699 0.0007688999176025391
00787 0.10865044593811035 0.016000986099243164
00824 0.11185073852539062 0.0002675056457519531
01153 0.009149312973022461 0.0007452964782714844
00808 0.026802539825439453 3.1948089599609375e-05
00838 0.08843159675598145 0.0007534027099609375
00527 5.54853630065918 0.0008177757263183594
00531 0.04323935508728027 0.002688884735107422
00932 0.06810998916625977 0.002895355224609375
01377 0.004842042922973633 0.00023698806762695312
01476 0.0350642204284668 0.0007576942443847656
00792 1.0553810596466064 0.016048192977905273
00764 1.3875627517700195 0.0007898807525634766
00638 16.916115760803223 0.016084909439086914
00019 0.01193690299987793 0.00022864341735839844
01441 0.0012805461883544922 2.6702880859375e-05
00007 0.017467498779296875 3.075599670410156e-05
01292 0.18494057655334473 8.320808410644531e-05
00002 0.0019309520721435547 2.6464462280273438e-05
01330 0.027555227279663086 0.002688884735107422
00550 0.41600489616394043 0.016016483306884766
01146 0.2826418876647949 0.00023698806762695312
00943 10.868494749069214 0.002768993377685547
00968 0.028719186782836914 3.814697265625e-05
00597 0.05505728721618652 0.0007476806640625
00788 0.16668391227722168 0.01602935791015625
01187 0.1062171459197998 0.015969514846801758
00465 0.04708600044250488 0.015999555587768555
00468 0.16620206832885742 0.01601719856262207
00103 0.07063817977905273 0.0002219676971435547
00588 0.7261002063751221 0.00026226043701171875
00293 0.10757255554199219 0.0026824474334716797
00050 0.027436256408691406 0.002672433853149414
01572 0.0677332878112793 0.002672910690307617
00839 0.13688158988952637 0.0007431507110595703
01052 0.17896008491516113 6.29425048828125e-05
01166 3.4841980934143066 0.0008244514465332031
01120 42.427881956100464 0.016038894653320312
00403 0.0032949447631835938 2.8371810913085938e-05
01541 0.028557300567626953 0.00022339820861816406
01264 17.03277325630188 0.0027379989624023438
00166 0.011785745620727539 3.8623809814453125e-05
00325 0.0071179866790771484 2.956390380859375e-05
00789 0.26218652725219727 0.016005754470825195
00159 26.83238410949707 0.016081809997558594
00825 0.18129324913024902 0.0002541542053222656
00938 1.0702030658721924 0.0026824474334716797
01031 0.6617412567138672 0.016043424606323242
01087 5.562744617462158 0.0008115768432617188
01296 1.138383150100708 7.486343383789062e-05
00869 0.26199936866760254 0.01601409912109375
00767 5.518207311630249 0.000804901123046875
00340 0.01829981803894043 0.0002384185791015625
00582 0.04582810401916504 0.0002422332763671875
00240 42.589792013168335 0.016131877899169922
00910 1.7898228168487549 0.00027680397033691406
00068 0.16821813583374023 0.01599407196044922
00506 0.2847578525543213 0.0002396106719970703
01220 0.01828765869140625 0.00022220611572265625
01521 0.001306295394897461 3.337860107421875e-05
00655 0.7633700370788574 8.726119995117188e-05
01341 4.266435384750366 0.002719879150390625
01039 26.90447211265564 0.016143321990966797
01508 0.1664283275604248 0.01611018180847168
00477 10.674402713775635 0.016176939010620117
01492 0.0687110424041748 0.0027170181274414062
00976 1.160254716873169 9.393692016601562e-05
00160 42.388304233551025 0.01611471176147461
01365 0.007425069808959961 4.029273986816406e-05
01141 0.02818775177001953 0.00022840499877929688
00065 0.04735374450683594 0.016036033630371094
01043 0.0031821727752685547 3.218650817871094e-05
00246 0.011504411697387695 3.266334533691406e-05
00264 0.11310529708862305 0.0002598762512207031
00662 0.04528927803039551 0.0002560615539550781
00129 0.017764806747436523 0.0027005672454833984
00519 0.136749267578125 0.0007390975952148438
00031 2.889059543609619 0.0002720355987548828
01132 0.18062496185302734 5.7220458984375e-05
01416 0.42890334129333496 0.0027027130126953125
00120 0.21851277351379395 0.0007643699645996094
01342 6.6633875370025635 0.002606630325317383
01036 6.6603944301605225 0.015716552734375
00650 0.06821918487548828 3.719329833984375e-05
00013 0.6665065288543701 0.000148773193359375
00855 0.3132784366607666 0.0030670166015625
00712 1.106304407119751 0.01613330841064453
01158 0.08754587173461914 0.0007753372192382812
01121 0.0014729499816894531 4.172325134277344e-05
00420 0.01799798011779785 0.0002505779266357422
00835 0.022395610809326172 0.0007815361022949219
01575 0.2688264846801758 0.0027015209197998047
00841 0.34702038764953613 0.0007660388946533203
00977 0.004817485809326172 0.0002713203430175781
00955 4.219639301300049 0.01600193977355957
00566 0.01156306266784668 3.9577484130859375e-05
00538 1.0728514194488525 0.002727031707763672
01307 0.44948410987854004 0.00026988983154296875
01322 0.5491364002227783 0.0007796287536621094
00218 1.076030969619751 0.0027060508728027344
01442 0.0020029544830322266 3.0279159545898438e-05
01057 0.004807949066162109 0.00023126602172851562
01369 0.043651580810546875 3.409385681152344e-05
00449 0.01764512062072754 0.002688884735107422
00972 0.1833188533782959 6.937980651855469e-05
01102 6.801071405410767 0.0028231143951416016
00528 8.78637981414795 0.0008158683776855469
00329 0.044190406799316406 6.246566772460938e-05
00939 1.7119152545928955 0.002710103988647461
00708 0.16567373275756836 0.01604604721069336
00486 0.011384963989257812 3.123283386230469e-05
00337 0.004815101623535156 0.0002524852752685547
00798 16.84072184562683 0.016163349151611328
00609 0.01862311363220215 0.002696990966796875
00950 0.4176664352416992 0.01608133316040039
00988 0.7161064147949219 0.0002772808074951172
00226 0.07009720802307129 0.016045331954956055
00890 0.06826066970825195 5.054473876953125e-05
00386 0.06987261772155762 0.01598358154296875
00163 0.0031898021697998047 3.933906555175781e-05
01584 17.176340341567993 0.0028526782989501953
01507 0.10722708702087402 0.01603221893310547
00104 0.11365938186645508 0.00022912025451660156
01163 0.8630459308624268 0.0007894039154052734
00248 0.02807307243347168 5.5789947509765625e-05
01135 0.760408878326416 7.009506225585938e-05
00150 0.417569637298584 0.016063690185546875
00725 0.007050991058349609 4.1961669921875e-05
01506 0.07018542289733887 0.016046524047851562
00161 0.0012912750244140625 6.0558319091796875e-05
00169 0.04364728927612305 6.008148193359375e-05
01062 0.04517841339111328 0.0002238750457763672
00041 0.3463859558105469 0.0007615089416503906
00343 0.07021784782409668 0.00026702880859375
00590 1.8028371334075928 0.00031828880310058594
00286 3.44997501373291 0.0008139610290527344
00396 6.726166009902954 0.016063451766967773
01064 0.11289310455322266 0.0002353191375732422
01558 0.0870213508605957 0.0007379055023193359
00874 2.662224769592285 0.016026020050048828
01149 1.1204240322113037 0.0003008842468261719
00990 1.783778429031372 0.0003056526184082031
00987 0.44805240631103516 0.00028896331787109375
01546 0.27939534187316895 0.00024080276489257812
01446 0.011038064956665039 2.9087066650390625e-05
00030 1.7846262454986572 0.0002694129943847656
00718 16.841524362564087 0.016054391860961914
00966 0.01123666763305664 3.0279159545898438e-05
00544 17.124398469924927 0.002735614776611328
00417 0.004899024963378906 0.00021791458129882812
00765 2.169980525970459 0.0007865428924560547
01214 0.4498739242553711 9.822845458984375e-05
00556 6.718868732452393 0.01607513427734375
00562 0.0019495487213134766 3.218650817871094e-05
00608 8.757198333740234 0.000804901123046875
01178 1.0732448101043701 0.0026907920837402344
01033 1.697108507156372 0.016016721725463867
01318 0.08765339851379395 0.0007431507110595703
01540 0.018160581588745117 0.00022149085998535156
00610 0.027459144592285156 0.0026900768280029297
00217 0.6757290363311768 0.0026845932006835938
00010 0.07006311416625977 5.6743621826171875e-05
01274 2.6624951362609863 0.01604747772216797
01366 0.011478662490844727 2.956390380859375e-05
01473 0.009052515029907227 0.0007317066192626953
01114 2.6596219539642334 0.016047239303588867
00480 42.40367531776428 0.016073942184448242
00254 0.4426858425140381 0.00010442733764648438
00924 1.3735175132751465 0.0008001327514648438
00238 16.824854850769043 0.01605081558227539
01360 42.44170618057251 0.016149520874023438
00985 0.18033719062805176 0.000240325927734375
00110 1.7977302074432373 0.00032973289489746094
00494 0.43183159828186035 7.939338684082031e-05
01268 0.16608881950378418 0.016047000885009766
01347 0.10667872428894043 0.016041040420532227
01124 0.004647254943847656 3.147125244140625e-05
00213 0.10689806938171387 0.002689838409423828
00280 0.21987676620483398 0.0007524490356445312
00897 0.004824399948120117 0.0002148151397705078
00236 6.70273232460022 0.016080379486083984
01015 0.2693634033203125 0.002704620361328125
00521 0.3467133045196533 0.0007610321044921875
01029 0.2623331546783447 0.016037464141845703
01547 0.4501035213470459 0.00025391578674316406
00933 0.10727262496948242 0.002704620361328125
01237 0.05524873733520508 0.0007815361022949219
01030 0.41756296157836914 0.016077041625976562
01070 1.784013032913208 0.0002727508544921875
00892 0.17493963241577148 7.843971252441406e-05
01077 0.05437064170837402 0.0007431507110595703
00321 0.00128936767578125 2.574920654296875e-05
00743 0.06966352462768555 0.00022649765014648438
01591 0.6594865322113037 0.015961170196533203
00698 1.0736956596374512 0.002679109573364258
01216 1.16365647315979 8.440017700195312e-05
01431 0.6612253189086914 0.016052961349487305
00617 0.6779735088348389 0.0026884078979492188
00194 0.014182567596435547 0.0007421970367431641
00380 2.6940436363220215 0.002702474594116211
00029 1.1173224449157715 0.0002663135528564453
00490 0.06898021697998047 4.57763671875e-05
00983 0.07071781158447266 0.00021958351135253906
01069 1.1266586780548096 0.00026488304138183594
00374 0.16992473602294922 0.002685070037841797
00164 0.004542827606201172 2.7179718017578125e-05
00676 0.03486990928649902 0.0007402896881103516
00560 42.401954889297485 0.016172170639038086
01382 0.04569506645202637 0.00023055076599121094
01252 0.0676276683807373 0.002694368362426758
00043 0.8751745223999023 0.0007803440093994141
01240 0.21860337257385254 0.0007619857788085938
00790 0.4144711494445801 0.015950679779052734
00594 0.01417231559753418 0.0007424354553222656
00974 0.44381260871887207 7.295608520507812e-05
01351 0.6622459888458252 0.01603555679321289
00399 26.77909207344055 0.016039371490478516
01320 0.21959781646728516 0.0008037090301513672
00225 0.0475466251373291 0.016074419021606445
00534 0.17114996910095215 0.002690553665161133
01374 0.4470682144165039 7.367134094238281e-05
01323 0.8615560531616211 0.0007679462432861328
00849 0.017751216888427734 0.0026781558990478516
01154 0.014111518859863281 0.0007464885711669922
01310 1.7815570831298828 0.00025963783264160156
01181 4.284206867218018 0.0027053356170654297
00158 16.850501775741577 0.016075611114501953
00241 0.0015056133270263672 3.314018249511719e-05
00763 0.8695356845855713 0.0007722377777099609
01298 0.0073680877685546875 0.00021767616271972656
00156 6.690263509750366 0.015541791915893555
01143 0.06817078590393066 0.00021696090698242188
00284 1.3422813415527344 0.0007941722869873047
00649 0.04409384727478027 4.935264587402344e-05
00536 0.41083312034606934 0.002611398696899414
00452 0.0662841796875 0.002658367156982422
00958 16.217233657836914 0.01506662368774414
00460 2.4494144916534424 0.0026886463165283203
00185 0.15947246551513672 0.0002319812774658203
01338 0.9430947303771973 0.0023581981658935547
00136 0.37336230278015137 0.0024232864379882812
01464 0.09868049621582031 0.00020170211791992188
00083 0.002780437469482422 2.7179718017578125e-05
00178 0.006480693817138672 0.0002014636993408203

00569 0.05438733100891113 8.797645568847656e-05
01272 1.2835147380828857 0.020234107971191406
00759 0.1668097972869873 0.0009744167327880859
00128 8.874842405319214 0.0008118152618408203
00782 6.76244854927063 0.002711057662963867
00407 0.01782703399658203 3.528594970703125e-05
01402 0.5490896701812744 0.0007641315460205078
00243 0.0032265186309814453 2.8133392333984375e-05
01081 0.34427547454833984 0.0007767677307128906
01577 0.6784391403198242 0.0026803016662597656
01306 0.3344426155090332 0.00030803680419921875
01543 0.0846853256225586 0.0002875328063964844
01231 3.331360101699829 0.0002605915069580078
00614 0.16721677780151367 0.0026407241821289062
00861 4.185904502868652 0.0026502609252929688
01145 0.17707419395446777 0.00023484230041503906
01044 0.0046727657318115234 3.0279159545898438e-05
01276 6.525753736495972 0.015529155731201172
00883 0.003247499465942383 3.218650817871094e-05
00686 3.276442766189575 0.0007832050323486328
00755 0.021645545959472656 0.0007410049438476562
01139 0.011171817779541016 0.00022292137145996094
01294 0.42194151878356934 6.29425048828125e-05
00448 8.218539714813232 0.0007793903350830078
00648 0.025266408920288086 3.218650817871094e-05
00143 10.130266189575195 0.0024106502532958984

00843 0.7642388343811035 0.0006971359252929688
01537 0.004269599914550781 0.00020551681518554688
01200 36.8601393699646 0.013962268829345703
00680 0.18951630592346191 0.0007197856903076172
00934 0.1484212875366211 0.002408266067504883
00657 0.004224061965942383 0.0002110004425048828
00931 0.03757357597351074 0.0024030208587646484
00997 0.04793071746826172 0.00069427490234375
00359 0.12105083465576172 0.0008060932159423828
00450 0.024342775344848633 0.002409219741821289
01452 0.15886831283569336 8.511543273925781e-05
00683 0.7498779296875 0.0006935596466064453
00634 2.3002450466156006 0.013907909393310547
00979 0.010298728942871094 0.0002231597900390625
00727 0.014337301254272461 3.933906555175781e-05
01478 0.07606387138366699 0.00069427490234375
00059 1.4780747890472412 0.0023603439331054688
01162 0.47377920150756836 0.0006721019744873047
01026 0.060506343841552734 0.013951301574707031
00651 0.09585380554199219 5.4836273193359375e-05
00845 1.9023959636688232 0.0007479190826416016
00882 0.001802206039428711 6.914138793945312e-05
01288 0.024175405502319336 3.147125244140625e-05
00258 0.0065021514892578125 0.0002086162567138672
01562 0.4765961170196533 0.0006721019744873047
00587 0.392641544342041 0.00023293495178222656
01357 16.66796088218689 0.02281928062438965
00795 4.289120435714722 0.016101598739624023
00684 1.390561819076538 0.0008399486541748047
00304 17.146597862243652 0.002863168716430664
01511 0.6630196571350098 0.016062021255493164
00783 10.77899432182312 0.002726316452026367
00184 0.1135263442993164 0.00024509429931640625
00632 1.0578384399414062 0.01617431640625
00312 1.0551328659057617 0.01605224609375
00812 0.1834578514099121 9.560585021972656e-05
01463 0.07072997093200684 0.0002460479736328125
00186 0.2805604934692383 0.0002624988555908203
00375 0.26879048347473145 0.0026998519897460938
00227 0.10671234130859375 0.016053199768066406
00232 1.0570533275604248 0.01605081558227539
01303 0.07011246681213379 0.00023651123046875
01227 0.4446570873260498 0.00026035308837890625
01526 0.011597633361816406 3.886222839355469e-05
00363 0.8615016937255859 0.0007851123809814453
00088 0.027300596237182617 3.123283386230469e-05
01206 0.011441707611083984 2.956390380859375e-05
00080 42.72525429725647 0.016170263290405273
00726 0.012207508087158203 3.647804260253906e-05
01071 2.9041500091552734 0.00029540061950683594
00930 0.027853012084960938 0.002703428268432617
00888 0.02739858627319336 4.076957702636719e-05
00054 0.1694352626800537 0.0026776790618896484
00259 0.011851787567138672 0.00024056434631347656
01168 8.903085231781006 0.0008192062377929688
00754 0.01415252685546875 0.0007467269897460938
01329 0.017734527587890625 0.002688169479370117
01454 0.43967294692993164 7.653236389160156e-05
01118 17.299017906188965 0.016132116317749023
00642 0.0020465850830078125 3.504753112792969e-05
01027 0.10819029808044434 0.016012907028198242
01180 2.7254765033721924 0.0027112960815429688
00960 42.811113357543945 0.01608419418334961
01284 0.004919290542602539 3.457069396972656e-05
00222 6.797028541564941 0.002718210220336914
01401 0.3477935791015625 0.0007803440093994141
00212 0.06801176071166992 0.002678394317626953
01375 0.7728135585784912 8.106231689453125e-05
00281 0.34805822372436523 0.0007884502410888672
00435 0.022385835647583008 0.0007486343383789062
01493 0.10739684104919434 0.0026750564575195312
01285 0.006974697113037109 3.075599670410156e-05
00567 0.016499757766723633 3.170967102050781e-05
01173 0.10776662826538086 0.0027070045471191406
00067 0.10732722282409668 0.01602339744567871
01495 0.27008867263793945 0.0027065277099609375
00717 10.62122130393982 0.01611185073852539
01406 3.904034376144409 0.0008084774017333984
00244 0.004691600799560547 4.673004150390625e-05
00647 0.01758289337158203 5.555152893066406e-05
00695 0.2719426155090332 0.002705812454223633
00929 0.01785111427307129 0.002698183059692383
01063 0.07131528854370117 0.00023603439331054688
01578 1.0809180736541748 0.0026950836181640625
00791 0.6630592346191406 0.01613926887512207
01014 0.17107558250427246 0.0027086734771728516
00333 0.27367258071899414 7.510185241699219e-05
01248 8.68569302558899 0.0008473396301269531
00581 0.029040813446044922 0.00024271011352539062
00502 0.04548192024230957 0.00023889541625976562
00461 4.287631511688232 0.0027272701263427734
00829 1.1058993339538574 0.0002868175506591797
00517 0.054642677307128906 0.0007457733154296875
01267 0.10642766952514648 0.01604318618774414
00542 6.783520221710205 0.0027189254760742188
00145 0.04836702346801758 0.016041278839111328
00365 2.185553550720215 0.0008022785186767578
01156 0.03514862060546875 0.0007450580596923828
00603 0.868201732635498 0.0007891654968261719
01082 0.5438768863677979 0.0007746219635009766
01233 0.009197235107421875 0.0007429122924804688
00904 0.11221909523010254 0.0002300739288330078
00442 0.547982931137085 0.0007615089416503906
00844 1.3893687725067139 0.0007936954498291016
01455 0.7541055679321289 8.225440979003906e-05
00881 0.0014278888702392578 2.5987625122070312e-05
01164 1.3898921012878418 0.0007929801940917969
00431 2.902404546737671 0.0002734661102294922
01083 0.8711071014404297 0.0007874965667724609
01179 1.7063589096069336 0.002692699432373047
00982 0.04539608955383301 0.00022149085998535156
00476 6.714865446090698 0.016048192977905273
00867 0.10650062561035156 0.016041994094848633
00709 0.2622215747833252 0.016034364700317383
00283 0.8662831783294678 0.0007736682891845703
00959 27.28983759880066 0.016140460968017578
00992 4.727171182632446 0.0003590583801269531
01295 0.906076192855835 9.751319885253906e-05
00017 0.005995988845825195 0.00029087066650390625
00441 0.41710400581359863 0.000990152359008789
01513 1.720109224319458 0.01602458953857422
00735 0.7764558792114258 8.344650268554688e-05
00008 0.027306795120239258 3.886222839355469e-05
00575 0.759697675704956 8.058547973632812e-05
00378 1.08250093460083 0.0026955604553222656
01286 0.011512994766235352 3.457069396972656e-05
01438 17.325642585754395 0.01609039306640625
00803 0.0032160282135009766 2.8133392333984375e-05
00499 0.011692285537719727 0.0002200603485107422
01275 4.231034755706787 0.0160369873046875
00009 0.043975830078125 3.218650817871094e-05
00946 0.07003188133239746 0.01604604721069336
00149 0.2620422840118408 0.0160677433013916
00176 1.1566522121429443 7.724761962890625e-05
01263 10.858956336975098 0.0027463436126708984
00771 0.043570518493652344 0.0026869773864746094
00005 0.007172107696533203 2.9325485229492188e-05
00252 0.17711377143859863 7.009506225585938e-05
00618 1.0704388618469238 0.002694368362426758
01017 0.6796140670776367 0.002706766128540039
00713 1.6812081336975098 0.016031265258789062
00921 0.345001220703125 0.0007765293121337891
01346 0.07000613212585449 0.016035795211791992
01398 0.08704066276550293 0.0007414817810058594
01555 0.022322416305541992 0.0007345676422119141
00211 0.04315352439880371 0.0026865005493164062
00385 0.047178030014038086 0.016005277633666992
00035 0.02240443229675293 0.0007402896881103516
01130 0.06975340843200684 4.506111145019531e-05
00369 0.017795085906982422 0.0026886463165283203
01389 1.1220526695251465 0.00026535987854003906
00287 5.518651247024536 0.0008280277252197266
00951 0.6634731292724609 0.016094446182250977
01451 0.11319851875305176 5.9604644775390625e-05
01386 0.28289103507995605 0.0002453327178955078
00187 0.4493687152862549 0.0002510547637939453
01559 0.13769769668579102 0.0007457733154296875
01519 27.27950692176819 0.01607966423034668
00511 2.878331422805786 0.0002765655517578125
01592 1.056347131729126 0.01604747772216797
00677 0.05507469177246094 0.0007441043853759766
00197 0.05484414100646973 0.0007419586181640625
00297 0.6794841289520264 0.0026884078979492188
01421 4.279394149780273 0.00270843505859375
00573 0.2713906764984131 7.748603820800781e-05
01496 0.42725443840026855 0.0026857852935791016
00646 0.011368751525878906 3.933906555175781e-05
01271 0.6628377437591553 0.01605057716369629
00063 10.799162149429321 0.002718687057495117
00551 0.6534972190856934 0.015810728073120117
00310 0.41190147399902344 0.01611804962158203
00157 10.391387224197388 0.01587533950805664
01065 0.17395710945129395 0.00023412704467773438
00689 0.01754140853881836 0.002638578414916992
00516 0.03434014320373535 0.0007576942443847656
00330 0.06759190559387207 3.695487976074219e-05
01190 0.40679073333740234 0.015288591384887695
00616 0.4072842597961426 0.002596139907836914
01308 0.6750814914703369 0.0002675056457519531
00577 0.00475311279296875 0.00022530555725097656
00320 38.29665207862854 0.013973236083984375
00917 0.048180341720581055 0.0006937980651855469
01279 23.311630964279175 0.014107465744018555
01354 2.324091672897339 0.014042139053344727
01372 0.191925048828125 0.00012230873107910156
00496 1.2563867568969727 0.00013256072998046875
