"V1" "V2" "V3"
"1" 50 1000 1
"2" 50 1585 2
"3" 50 2512 3
"4" 50 3981 4
"5" 50 6310 5
"6" 50 10000 6
"7" 50 15849 7
"8" 50 25119 8
"9" 50 39811 9
"10" 50 63096 10
"11" 50 1e+05 11
"12" 50 158489 12
"13" 50 251189 13
"14" 50 398107 14
"15" 50 630957 15
"16" 50 1e+06 16
"17" 50 1584893 17
"18" 50 2511886 18
"19" 50 3981072 19
"20" 50 6309573 20
"21" 50 1e+07 21
"22" 100 1000 22
"23" 100 1585 23
"24" 100 2512 24
"25" 100 3981 25
"26" 100 6310 26
"27" 100 10000 27
"28" 100 15849 28
"29" 100 25119 29
"30" 100 39811 30
"31" 100 63096 31
"32" 100 1e+05 32
"33" 100 158489 33
"34" 100 251189 34
"35" 100 398107 35
"36" 100 630957 36
"37" 100 1e+06 37
"38" 100 1584893 38
"39" 100 2511886 39
"40" 100 3981072 40
"41" 100 6309573 41
"42" 100 1e+07 42
"43" 500 1000 43
"44" 500 1585 44
"45" 500 2512 45
"46" 500 3981 46
"47" 500 6310 47
"48" 500 10000 48
"49" 500 15849 49
"50" 500 25119 50
"51" 500 39811 51
"52" 500 63096 52
"53" 500 1e+05 53
"54" 500 158489 54
"55" 500 251189 55
"56" 500 398107 56
"57" 500 630957 57
"58" 500 1e+06 58
"59" 500 1584893 59
"60" 500 2511886 60
"61" 500 3981072 61
"62" 500 6309573 62
"63" 500 1e+07 63
"64" 1000 1585 64
"65" 1000 2512 65
"66" 1000 3981 66
"67" 1000 6310 67
"68" 1000 10000 68
"69" 1000 15849 69
"70" 1000 25119 70
"71" 1000 39811 71
"72" 1000 63096 72
"73" 1000 1e+05 73
"74" 1000 158489 74
"75" 1000 251189 75
"76" 1000 398107 76
"77" 1000 630957 77
"78" 1000 1e+06 78
"79" 1000 1584893 79
"80" 1000 2511886 80
"81" 1000 3981072 81
"82" 1000 6309573 82
"83" 1000 1e+07 83
"84" 5000 6310 84
"85" 5000 10000 85
"86" 5000 15849 86
"87" 5000 25119 87
"88" 5000 39811 88
"89" 5000 63096 89
"90" 5000 1e+05 90
"91" 5000 158489 91
"92" 5000 251189 92
"93" 5000 398107 93
"94" 5000 630957 94
"95" 5000 1e+06 95
"96" 5000 1584893 96
"97" 5000 2511886 97
"98" 5000 3981072 98
"99" 5000 6309573 99
"100" 5000 1e+07 100
"101" 10000 15849 101
"102" 10000 25119 102
"103" 10000 39811 103
"104" 10000 63096 104
"105" 10000 1e+05 105
"106" 10000 158489 106
"107" 10000 251189 107
"108" 10000 398107 108
"109" 10000 630957 109
"110" 10000 1e+06 110
"111" 10000 1584893 111
"112" 10000 2511886 112
"113" 10000 3981072 113
"114" 10000 6309573 114
"115" 10000 1e+07 115
"116" 50 1000 116
"117" 50 1585 117
"118" 50 2512 118
"119" 50 3981 119
"120" 50 6310 120
"121" 50 10000 121
"122" 50 15849 122
"123" 50 25119 123
"124" 50 39811 124
"125" 50 63096 125
"126" 50 1e+05 126
"127" 50 158489 127
"128" 50 251189 128
"129" 50 398107 129
"130" 50 630957 130
"131" 50 1e+06 131
"132" 50 1584893 132
"133" 50 2511886 133
"134" 50 3981072 134
"135" 50 6309573 135
"136" 50 1e+07 136
"137" 100 1000 137
"138" 100 1585 138
"139" 100 2512 139
"140" 100 3981 140
"141" 100 6310 141
"142" 100 10000 142
"143" 100 15849 143
"144" 100 25119 144
"145" 100 39811 145
"146" 100 63096 146
"147" 100 1e+05 147
"148" 100 158489 148
"149" 100 251189 149
"150" 100 398107 150
"151" 100 630957 151
"152" 100 1e+06 152
"153" 100 1584893 153
"154" 100 2511886 154
"155" 100 3981072 155
"156" 100 6309573 156
"157" 100 1e+07 157
"158" 500 1000 158
"159" 500 1585 159
"160" 500 2512 160
"161" 500 3981 161
"162" 500 6310 162
"163" 500 10000 163
"164" 500 15849 164
"165" 500 25119 165
"166" 500 39811 166
"167" 500 63096 167
"168" 500 1e+05 168
"169" 500 158489 169
"170" 500 251189 170
"171" 500 398107 171
"172" 500 630957 172
"173" 500 1e+06 173
"174" 500 1584893 174
"175" 500 2511886 175
"176" 500 3981072 176
"177" 500 6309573 177
"178" 500 1e+07 178
"179" 1000 1585 179
"180" 1000 2512 180
"181" 1000 3981 181
"182" 1000 6310 182
"183" 1000 10000 183
"184" 1000 15849 184
"185" 1000 25119 185
"186" 1000 39811 186
"187" 1000 63096 187
"188" 1000 1e+05 188
"189" 1000 158489 189
"190" 1000 251189 190
"191" 1000 398107 191
"192" 1000 630957 192
"193" 1000 1e+06 193
"194" 1000 1584893 194
"195" 1000 2511886 195
"196" 1000 3981072 196
"197" 1000 6309573 197
"198" 1000 1e+07 198
"199" 5000 6310 199
"200" 5000 10000 200
"201" 5000 15849 201
"202" 5000 25119 202
"203" 5000 39811 203
"204" 5000 63096 204
"205" 5000 1e+05 205
"206" 5000 158489 206
"207" 5000 251189 207
"208" 5000 398107 208
"209" 5000 630957 209
"210" 5000 1e+06 210
"211" 5000 1584893 211
"212" 5000 2511886 212
"213" 5000 3981072 213
"214" 5000 6309573 214
"215" 5000 1e+07 215
"216" 10000 15849 216
"217" 10000 25119 217
"218" 10000 39811 218
"219" 10000 63096 219
"220" 10000 1e+05 220
"221" 10000 158489 221
"222" 10000 251189 222
"223" 10000 398107 223
"224" 10000 630957 224
"225" 10000 1e+06 225
"226" 10000 1584893 226
"227" 10000 2511886 227
"228" 10000 3981072 228
"229" 10000 6309573 229
"230" 10000 1e+07 230
"231" 50 1000 231
"232" 50 1585 232
"233" 50 2512 233
"234" 50 3981 234
"235" 50 6310 235
"236" 50 10000 236
"237" 50 15849 237
"238" 50 25119 238
"239" 50 39811 239
"240" 50 63096 240
"241" 50 1e+05 241
"242" 50 158489 242
"243" 50 251189 243
"244" 50 398107 244
"245" 50 630957 245
"246" 50 1e+06 246
"247" 50 1584893 247
"248" 50 2511886 248
"249" 50 3981072 249
"250" 50 6309573 250
"251" 50 1e+07 251
"252" 100 1000 252
"253" 100 1585 253
"254" 100 2512 254
"255" 100 3981 255
"256" 100 6310 256
"257" 100 10000 257
"258" 100 15849 258
"259" 100 25119 259
"260" 100 39811 260
"261" 100 63096 261
"262" 100 1e+05 262
"263" 100 158489 263
"264" 100 251189 264
"265" 100 398107 265
"266" 100 630957 266
"267" 100 1e+06 267
"268" 100 1584893 268
"269" 100 2511886 269
"270" 100 3981072 270
"271" 100 6309573 271
"272" 100 1e+07 272
"273" 500 1000 273
"274" 500 1585 274
"275" 500 2512 275
"276" 500 3981 276
"277" 500 6310 277
"278" 500 10000 278
"279" 500 15849 279
"280" 500 25119 280
"281" 500 39811 281
"282" 500 63096 282
"283" 500 1e+05 283
"284" 500 158489 284
"285" 500 251189 285
"286" 500 398107 286
"287" 500 630957 287
"288" 500 1e+06 288
"289" 500 1584893 289
"290" 500 2511886 290
"291" 500 3981072 291
"292" 500 6309573 292
"293" 500 1e+07 293
"294" 1000 1585 294
"295" 1000 2512 295
"296" 1000 3981 296
"297" 1000 6310 297
"298" 1000 10000 298
"299" 1000 15849 299
"300" 1000 25119 300
"301" 1000 39811 301
"302" 1000 63096 302
"303" 1000 1e+05 303
"304" 1000 158489 304
"305" 1000 251189 305
"306" 1000 398107 306
"307" 1000 630957 307
"308" 1000 1e+06 308
"309" 1000 1584893 309
"310" 1000 2511886 310
"311" 1000 3981072 311
"312" 1000 6309573 312
"313" 1000 1e+07 313
"314" 5000 6310 314
"315" 5000 10000 315
"316" 5000 15849 316
"317" 5000 25119 317
"318" 5000 39811 318
"319" 5000 63096 319
"320" 5000 1e+05 320
"321" 5000 158489 321
"322" 5000 251189 322
"323" 5000 398107 323
"324" 5000 630957 324
"325" 5000 1e+06 325
"326" 5000 1584893 326
"327" 5000 2511886 327
"328" 5000 3981072 328
"329" 5000 6309573 329
"330" 5000 1e+07 330
"331" 10000 15849 331
"332" 10000 25119 332
"333" 10000 39811 333
"334" 10000 63096 334
"335" 10000 1e+05 335
"336" 10000 158489 336
"337" 10000 251189 337
"338" 10000 398107 338
"339" 10000 630957 339
"340" 10000 1e+06 340
"341" 10000 1584893 341
"342" 10000 2511886 342
"343" 10000 3981072 343
"344" 10000 6309573 344
"345" 10000 1e+07 345
"346" 50 1000 346
"347" 50 1585 347
"348" 50 2512 348
"349" 50 3981 349
"350" 50 6310 350
"351" 50 10000 351
"352" 50 15849 352
"353" 50 25119 353
"354" 50 39811 354
"355" 50 63096 355
"356" 50 1e+05 356
"357" 50 158489 357
"358" 50 251189 358
"359" 50 398107 359
"360" 50 630957 360
"361" 50 1e+06 361
"362" 50 1584893 362
"363" 50 2511886 363
"364" 50 3981072 364
"365" 50 6309573 365
"366" 50 1e+07 366
"367" 100 1000 367
"368" 100 1585 368
"369" 100 2512 369
"370" 100 3981 370
"371" 100 6310 371
"372" 100 10000 372
"373" 100 15849 373
"374" 100 25119 374
"375" 100 39811 375
"376" 100 63096 376
"377" 100 1e+05 377
"378" 100 158489 378
"379" 100 251189 379
"380" 100 398107 380
"381" 100 630957 381
"382" 100 1e+06 382
"383" 100 1584893 383
"384" 100 2511886 384
"385" 100 3981072 385
"386" 100 6309573 386
"387" 100 1e+07 387
"388" 500 1000 388
"389" 500 1585 389
"390" 500 2512 390
"391" 500 3981 391
"392" 500 6310 392
"393" 500 10000 393
"394" 500 15849 394
"395" 500 25119 395
"396" 500 39811 396
"397" 500 63096 397
"398" 500 1e+05 398
"399" 500 158489 399
"400" 500 251189 400
"401" 500 398107 401
"402" 500 630957 402
"403" 500 1e+06 403
"404" 500 1584893 404
"405" 500 2511886 405
"406" 500 3981072 406
"407" 500 6309573 407
"408" 500 1e+07 408
"409" 1000 1585 409
"410" 1000 2512 410
"411" 1000 3981 411
"412" 1000 6310 412
"413" 1000 10000 413
"414" 1000 15849 414
"415" 1000 25119 415
"416" 1000 39811 416
"417" 1000 63096 417
"418" 1000 1e+05 418
"419" 1000 158489 419
"420" 1000 251189 420
"421" 1000 398107 421
"422" 1000 630957 422
"423" 1000 1e+06 423
"424" 1000 1584893 424
"425" 1000 2511886 425
"426" 1000 3981072 426
"427" 1000 6309573 427
"428" 1000 1e+07 428
"429" 5000 6310 429
"430" 5000 10000 430
"431" 5000 15849 431
"432" 5000 25119 432
"433" 5000 39811 433
"434" 5000 63096 434
"435" 5000 1e+05 435
"436" 5000 158489 436
"437" 5000 251189 437
"438" 5000 398107 438
"439" 5000 630957 439
"440" 5000 1e+06 440
"441" 5000 1584893 441
"442" 5000 2511886 442
"443" 5000 3981072 443
"444" 5000 6309573 444
"445" 5000 1e+07 445
"446" 10000 15849 446
"447" 10000 25119 447
"448" 10000 39811 448
"449" 10000 63096 449
"450" 10000 1e+05 450
"451" 10000 158489 451
"452" 10000 251189 452
"453" 10000 398107 453
"454" 10000 630957 454
"455" 10000 1e+06 455
"456" 10000 1584893 456
"457" 10000 2511886 457
"458" 10000 3981072 458
"459" 10000 6309573 459
"460" 10000 1e+07 460
"461" 50 1000 461
"462" 50 1585 462
"463" 50 2512 463
"464" 50 3981 464
"465" 50 6310 465
"466" 50 10000 466
"467" 50 15849 467
"468" 50 25119 468
"469" 50 39811 469
"470" 50 63096 470
"471" 50 1e+05 471
"472" 50 158489 472
"473" 50 251189 473
"474" 50 398107 474
"475" 50 630957 475
"476" 50 1e+06 476
"477" 50 1584893 477
"478" 50 2511886 478
"479" 50 3981072 479
"480" 50 6309573 480
"481" 50 1e+07 481
"482" 100 1000 482
"483" 100 1585 483
"484" 100 2512 484
"485" 100 3981 485
"486" 100 6310 486
"487" 100 10000 487
"488" 100 15849 488
"489" 100 25119 489
"490" 100 39811 490
"491" 100 63096 491
"492" 100 1e+05 492
"493" 100 158489 493
"494" 100 251189 494
"495" 100 398107 495
"496" 100 630957 496
"497" 100 1e+06 497
"498" 100 1584893 498
"499" 100 2511886 499
"500" 100 3981072 500
"501" 100 6309573 501
"502" 100 1e+07 502
"503" 500 1000 503
"504" 500 1585 504
"505" 500 2512 505
"506" 500 3981 506
"507" 500 6310 507
"508" 500 10000 508
"509" 500 15849 509
"510" 500 25119 510
"511" 500 39811 511
"512" 500 63096 512
"513" 500 1e+05 513
"514" 500 158489 514
"515" 500 251189 515
"516" 500 398107 516
"517" 500 630957 517
"518" 500 1e+06 518
"519" 500 1584893 519
"520" 500 2511886 520
"521" 500 3981072 521
"522" 500 6309573 522
"523" 500 1e+07 523
"524" 1000 1585 524
"525" 1000 2512 525
"526" 1000 3981 526
"527" 1000 6310 527
"528" 1000 10000 528
"529" 1000 15849 529
"530" 1000 25119 530
"531" 1000 39811 531
"532" 1000 63096 532
"533" 1000 1e+05 533
"534" 1000 158489 534
"535" 1000 251189 535
"536" 1000 398107 536
"537" 1000 630957 537
"538" 1000 1e+06 538
"539" 1000 1584893 539
"540" 1000 2511886 540
"541" 1000 3981072 541
"542" 1000 6309573 542
"543" 1000 1e+07 543
"544" 5000 6310 544
"545" 5000 10000 545
"546" 5000 15849 546
"547" 5000 25119 547
"548" 5000 39811 548
"549" 5000 63096 549
"550" 5000 1e+05 550
"551" 5000 158489 551
"552" 5000 251189 552
"553" 5000 398107 553
"554" 5000 630957 554
"555" 5000 1e+06 555
"556" 5000 1584893 556
"557" 5000 2511886 557
"558" 5000 3981072 558
"559" 5000 6309573 559
"560" 5000 1e+07 560
"561" 10000 15849 561
"562" 10000 25119 562
"563" 10000 39811 563
"564" 10000 63096 564
"565" 10000 1e+05 565
"566" 10000 158489 566
"567" 10000 251189 567
"568" 10000 398107 568
"569" 10000 630957 569
"570" 10000 1e+06 570
"571" 10000 1584893 571
"572" 10000 2511886 572
"573" 10000 3981072 573
"574" 10000 6309573 574
"575" 10000 1e+07 575
"576" 50 1000 576
"577" 50 1585 577
"578" 50 2512 578
"579" 50 3981 579
"580" 50 6310 580
"581" 50 10000 581
"582" 50 15849 582
"583" 50 25119 583
"584" 50 39811 584
"585" 50 63096 585
"586" 50 1e+05 586
"587" 50 158489 587
"588" 50 251189 588
"589" 50 398107 589
"590" 50 630957 590
"591" 50 1e+06 591
"592" 50 1584893 592
"593" 50 2511886 593
"594" 50 3981072 594
"595" 50 6309573 595
"596" 50 1e+07 596
"597" 100 1000 597
"598" 100 1585 598
"599" 100 2512 599
"600" 100 3981 600
"601" 100 6310 601
"602" 100 10000 602
"603" 100 15849 603
"604" 100 25119 604
"605" 100 39811 605
"606" 100 63096 606
"607" 100 1e+05 607
"608" 100 158489 608
"609" 100 251189 609
"610" 100 398107 610
"611" 100 630957 611
"612" 100 1e+06 612
"613" 100 1584893 613
"614" 100 2511886 614
"615" 100 3981072 615
"616" 100 6309573 616
"617" 100 1e+07 617
"618" 500 1000 618
"619" 500 1585 619
"620" 500 2512 620
"621" 500 3981 621
"622" 500 6310 622
"623" 500 10000 623
"624" 500 15849 624
"625" 500 25119 625
"626" 500 39811 626
"627" 500 63096 627
"628" 500 1e+05 628
"629" 500 158489 629
"630" 500 251189 630
"631" 500 398107 631
"632" 500 630957 632
"633" 500 1e+06 633
"634" 500 1584893 634
"635" 500 2511886 635
"636" 500 3981072 636
"637" 500 6309573 637
"638" 500 1e+07 638
"639" 1000 1585 639
"640" 1000 2512 640
"641" 1000 3981 641
"642" 1000 6310 642
"643" 1000 10000 643
"644" 1000 15849 644
"645" 1000 25119 645
"646" 1000 39811 646
"647" 1000 63096 647
"648" 1000 1e+05 648
"649" 1000 158489 649
"650" 1000 251189 650
"651" 1000 398107 651
"652" 1000 630957 652
"653" 1000 1e+06 653
"654" 1000 1584893 654
"655" 1000 2511886 655
"656" 1000 3981072 656
"657" 1000 6309573 657
"658" 1000 1e+07 658
"659" 5000 6310 659
"660" 5000 10000 660
"661" 5000 15849 661
"662" 5000 25119 662
"663" 5000 39811 663
"664" 5000 63096 664
"665" 5000 1e+05 665
"666" 5000 158489 666
"667" 5000 251189 667
"668" 5000 398107 668
"669" 5000 630957 669
"670" 5000 1e+06 670
"671" 5000 1584893 671
"672" 5000 2511886 672
"673" 5000 3981072 673
"674" 5000 6309573 674
"675" 5000 1e+07 675
"676" 10000 15849 676
"677" 10000 25119 677
"678" 10000 39811 678
"679" 10000 63096 679
"680" 10000 1e+05 680
"681" 10000 158489 681
"682" 10000 251189 682
"683" 10000 398107 683
"684" 10000 630957 684
"685" 10000 1e+06 685
"686" 10000 1584893 686
"687" 10000 2511886 687
"688" 10000 3981072 688
"689" 10000 6309573 689
"690" 10000 1e+07 690
"691" 50 1000 691
"692" 50 1585 692
"693" 50 2512 693
"694" 50 3981 694
"695" 50 6310 695
"696" 50 10000 696
"697" 50 15849 697
"698" 50 25119 698
"699" 50 39811 699
"700" 50 63096 700
"701" 50 1e+05 701
"702" 50 158489 702
"703" 50 251189 703
"704" 50 398107 704
"705" 50 630957 705
"706" 50 1e+06 706
"707" 50 1584893 707
"708" 50 2511886 708
"709" 50 3981072 709
"710" 50 6309573 710
"711" 50 1e+07 711
"712" 100 1000 712
"713" 100 1585 713
"714" 100 2512 714
"715" 100 3981 715
"716" 100 6310 716
"717" 100 10000 717
"718" 100 15849 718
"719" 100 25119 719
"720" 100 39811 720
"721" 100 63096 721
"722" 100 1e+05 722
"723" 100 158489 723
"724" 100 251189 724
"725" 100 398107 725
"726" 100 630957 726
"727" 100 1e+06 727
"728" 100 1584893 728
"729" 100 2511886 729
"730" 100 3981072 730
"731" 100 6309573 731
"732" 100 1e+07 732
"733" 500 1000 733
"734" 500 1585 734
"735" 500 2512 735
"736" 500 3981 736
"737" 500 6310 737
"738" 500 10000 738
"739" 500 15849 739
"740" 500 25119 740
"741" 500 39811 741
"742" 500 63096 742
"743" 500 1e+05 743
"744" 500 158489 744
"745" 500 251189 745
"746" 500 398107 746
"747" 500 630957 747
"748" 500 1e+06 748
"749" 500 1584893 749
"750" 500 2511886 750
"751" 500 3981072 751
"752" 500 6309573 752
"753" 500 1e+07 753
"754" 1000 1585 754
"755" 1000 2512 755
"756" 1000 3981 756
"757" 1000 6310 757
"758" 1000 10000 758
"759" 1000 15849 759
"760" 1000 25119 760
"761" 1000 39811 761
"762" 1000 63096 762
"763" 1000 1e+05 763
"764" 1000 158489 764
"765" 1000 251189 765
"766" 1000 398107 766
"767" 1000 630957 767
"768" 1000 1e+06 768
"769" 1000 1584893 769
"770" 1000 2511886 770
"771" 1000 3981072 771
"772" 1000 6309573 772
"773" 1000 1e+07 773
"774" 5000 6310 774
"775" 5000 10000 775
"776" 5000 15849 776
"777" 5000 25119 777
"778" 5000 39811 778
"779" 5000 63096 779
"780" 5000 1e+05 780
"781" 5000 158489 781
"782" 5000 251189 782
"783" 5000 398107 783
"784" 5000 630957 784
"785" 5000 1e+06 785
"786" 5000 1584893 786
"787" 5000 2511886 787
"788" 5000 3981072 788
"789" 5000 6309573 789
"790" 5000 1e+07 790
"791" 10000 15849 791
"792" 10000 25119 792
"793" 10000 39811 793
"794" 10000 63096 794
"795" 10000 1e+05 795
"796" 10000 158489 796
"797" 10000 251189 797
"798" 10000 398107 798
"799" 10000 630957 799
"800" 10000 1e+06 800
"801" 10000 1584893 801
"802" 10000 2511886 802
"803" 10000 3981072 803
"804" 10000 6309573 804
"805" 10000 1e+07 805
"806" 50 1000 806
"807" 50 1585 807
"808" 50 2512 808
"809" 50 3981 809
"810" 50 6310 810
"811" 50 10000 811
"812" 50 15849 812
"813" 50 25119 813
"814" 50 39811 814
"815" 50 63096 815
"816" 50 1e+05 816
"817" 50 158489 817
"818" 50 251189 818
"819" 50 398107 819
"820" 50 630957 820
"821" 50 1e+06 821
"822" 50 1584893 822
"823" 50 2511886 823
"824" 50 3981072 824
"825" 50 6309573 825
"826" 50 1e+07 826
"827" 100 1000 827
"828" 100 1585 828
"829" 100 2512 829
"830" 100 3981 830
"831" 100 6310 831
"832" 100 10000 832
"833" 100 15849 833
"834" 100 25119 834
"835" 100 39811 835
"836" 100 63096 836
"837" 100 1e+05 837
"838" 100 158489 838
"839" 100 251189 839
"840" 100 398107 840
"841" 100 630957 841
"842" 100 1e+06 842
"843" 100 1584893 843
"844" 100 2511886 844
"845" 100 3981072 845
"846" 100 6309573 846
"847" 100 1e+07 847
"848" 500 1000 848
"849" 500 1585 849
"850" 500 2512 850
"851" 500 3981 851
"852" 500 6310 852
"853" 500 10000 853
"854" 500 15849 854
"855" 500 25119 855
"856" 500 39811 856
"857" 500 63096 857
"858" 500 1e+05 858
"859" 500 158489 859
"860" 500 251189 860
"861" 500 398107 861
"862" 500 630957 862
"863" 500 1e+06 863
"864" 500 1584893 864
"865" 500 2511886 865
"866" 500 3981072 866
"867" 500 6309573 867
"868" 500 1e+07 868
"869" 1000 1585 869
"870" 1000 2512 870
"871" 1000 3981 871
"872" 1000 6310 872
"873" 1000 10000 873
"874" 1000 15849 874
"875" 1000 25119 875
"876" 1000 39811 876
"877" 1000 63096 877
"878" 1000 1e+05 878
"879" 1000 158489 879
"880" 1000 251189 880
"881" 1000 398107 881
"882" 1000 630957 882
"883" 1000 1e+06 883
"884" 1000 1584893 884
"885" 1000 2511886 885
"886" 1000 3981072 886
"887" 1000 6309573 887
"888" 1000 1e+07 888
"889" 5000 6310 889
"890" 5000 10000 890
"891" 5000 15849 891
"892" 5000 25119 892
"893" 5000 39811 893
"894" 5000 63096 894
"895" 5000 1e+05 895
"896" 5000 158489 896
"897" 5000 251189 897
"898" 5000 398107 898
"899" 5000 630957 899
"900" 5000 1e+06 900
"901" 5000 1584893 901
"902" 5000 2511886 902
"903" 5000 3981072 903
"904" 5000 6309573 904
"905" 5000 1e+07 905
"906" 10000 15849 906
"907" 10000 25119 907
"908" 10000 39811 908
"909" 10000 63096 909
"910" 10000 1e+05 910
"911" 10000 158489 911
"912" 10000 251189 912
"913" 10000 398107 913
"914" 10000 630957 914
"915" 10000 1e+06 915
"916" 10000 1584893 916
"917" 10000 2511886 917
"918" 10000 3981072 918
"919" 10000 6309573 919
"920" 10000 1e+07 920
"921" 50 1000 921
"922" 50 1585 922
"923" 50 2512 923
"924" 50 3981 924
"925" 50 6310 925
"926" 50 10000 926
"927" 50 15849 927
"928" 50 25119 928
"929" 50 39811 929
"930" 50 63096 930
"931" 50 1e+05 931
"932" 50 158489 932
"933" 50 251189 933
"934" 50 398107 934
"935" 50 630957 935
"936" 50 1e+06 936
"937" 50 1584893 937
"938" 50 2511886 938
"939" 50 3981072 939
"940" 50 6309573 940
"941" 50 1e+07 941
"942" 100 1000 942
"943" 100 1585 943
"944" 100 2512 944
"945" 100 3981 945
"946" 100 6310 946
"947" 100 10000 947
"948" 100 15849 948
"949" 100 25119 949
"950" 100 39811 950
"951" 100 63096 951
"952" 100 1e+05 952
"953" 100 158489 953
"954" 100 251189 954
"955" 100 398107 955
"956" 100 630957 956
"957" 100 1e+06 957
"958" 100 1584893 958
"959" 100 2511886 959
"960" 100 3981072 960
"961" 100 6309573 961
"962" 100 1e+07 962
"963" 500 1000 963
"964" 500 1585 964
"965" 500 2512 965
"966" 500 3981 966
"967" 500 6310 967
"968" 500 10000 968
"969" 500 15849 969
"970" 500 25119 970
"971" 500 39811 971
"972" 500 63096 972
"973" 500 1e+05 973
"974" 500 158489 974
"975" 500 251189 975
"976" 500 398107 976
"977" 500 630957 977
"978" 500 1e+06 978
"979" 500 1584893 979
"980" 500 2511886 980
"981" 500 3981072 981
"982" 500 6309573 982
"983" 500 1e+07 983
"984" 1000 1585 984
"985" 1000 2512 985
"986" 1000 3981 986
"987" 1000 6310 987
"988" 1000 10000 988
"989" 1000 15849 989
"990" 1000 25119 990
"991" 1000 39811 991
"992" 1000 63096 992
"993" 1000 1e+05 993
"994" 1000 158489 994
"995" 1000 251189 995
"996" 1000 398107 996
"997" 1000 630957 997
"998" 1000 1e+06 998
"999" 1000 1584893 999
"1000" 1000 2511886 1000
"1001" 1000 3981072 1001
"1002" 1000 6309573 1002
"1003" 1000 1e+07 1003
"1004" 5000 6310 1004
"1005" 5000 10000 1005
"1006" 5000 15849 1006
"1007" 5000 25119 1007
"1008" 5000 39811 1008
"1009" 5000 63096 1009
"1010" 5000 1e+05 1010
"1011" 5000 158489 1011
"1012" 5000 251189 1012
"1013" 5000 398107 1013
"1014" 5000 630957 1014
"1015" 5000 1e+06 1015
"1016" 5000 1584893 1016
"1017" 5000 2511886 1017
"1018" 5000 3981072 1018
"1019" 5000 6309573 1019
"1020" 5000 1e+07 1020
"1021" 10000 15849 1021
"1022" 10000 25119 1022
"1023" 10000 39811 1023
"1024" 10000 63096 1024
"1025" 10000 1e+05 1025
"1026" 10000 158489 1026
"1027" 10000 251189 1027
"1028" 10000 398107 1028
"1029" 10000 630957 1029
"1030" 10000 1e+06 1030
"1031" 10000 1584893 1031
"1032" 10000 2511886 1032
"1033" 10000 3981072 1033
"1034" 10000 6309573 1034
"1035" 10000 1e+07 1035
"1036" 50 1000 1036
"1037" 50 1585 1037
"1038" 50 2512 1038
"1039" 50 3981 1039
"1040" 50 6310 1040
"1041" 50 10000 1041
"1042" 50 15849 1042
"1043" 50 25119 1043
"1044" 50 39811 1044
"1045" 50 63096 1045
"1046" 50 1e+05 1046
"1047" 50 158489 1047
"1048" 50 251189 1048
"1049" 50 398107 1049
"1050" 50 630957 1050
"1051" 50 1e+06 1051
"1052" 50 1584893 1052
"1053" 50 2511886 1053
"1054" 50 3981072 1054
"1055" 50 6309573 1055
"1056" 50 1e+07 1056
"1057" 100 1000 1057
"1058" 100 1585 1058
"1059" 100 2512 1059
"1060" 100 3981 1060
"1061" 100 6310 1061
"1062" 100 10000 1062
"1063" 100 15849 1063
"1064" 100 25119 1064
"1065" 100 39811 1065
"1066" 100 63096 1066
"1067" 100 1e+05 1067
"1068" 100 158489 1068
"1069" 100 251189 1069
"1070" 100 398107 1070
"1071" 100 630957 1071
"1072" 100 1e+06 1072
"1073" 100 1584893 1073
"1074" 100 2511886 1074
"1075" 100 3981072 1075
"1076" 100 6309573 1076
"1077" 100 1e+07 1077
"1078" 500 1000 1078
"1079" 500 1585 1079
"1080" 500 2512 1080
"1081" 500 3981 1081
"1082" 500 6310 1082
"1083" 500 10000 1083
"1084" 500 15849 1084
"1085" 500 25119 1085
"1086" 500 39811 1086
"1087" 500 63096 1087
"1088" 500 1e+05 1088
"1089" 500 158489 1089
"1090" 500 251189 1090
"1091" 500 398107 1091
"1092" 500 630957 1092
"1093" 500 1e+06 1093
"1094" 500 1584893 1094
"1095" 500 2511886 1095
"1096" 500 3981072 1096
"1097" 500 6309573 1097
"1098" 500 1e+07 1098
"1099" 1000 1585 1099
"1100" 1000 2512 1100
"1101" 1000 3981 1101
"1102" 1000 6310 1102
"1103" 1000 10000 1103
"1104" 1000 15849 1104
"1105" 1000 25119 1105
"1106" 1000 39811 1106
"1107" 1000 63096 1107
"1108" 1000 1e+05 1108
"1109" 1000 158489 1109
"1110" 1000 251189 1110
"1111" 1000 398107 1111
"1112" 1000 630957 1112
"1113" 1000 1e+06 1113
"1114" 1000 1584893 1114
"1115" 1000 2511886 1115
"1116" 1000 3981072 1116
"1117" 1000 6309573 1117
"1118" 1000 1e+07 1118
"1119" 5000 6310 1119
"1120" 5000 10000 1120
"1121" 5000 15849 1121
"1122" 5000 25119 1122
"1123" 5000 39811 1123
"1124" 5000 63096 1124
"1125" 5000 1e+05 1125
"1126" 5000 158489 1126
"1127" 5000 251189 1127
"1128" 5000 398107 1128
"1129" 5000 630957 1129
"1130" 5000 1e+06 1130
"1131" 5000 1584893 1131
"1132" 5000 2511886 1132
"1133" 5000 3981072 1133
"1134" 5000 6309573 1134
"1135" 5000 1e+07 1135
"1136" 10000 15849 1136
"1137" 10000 25119 1137
"1138" 10000 39811 1138
"1139" 10000 63096 1139
"1140" 10000 1e+05 1140
"1141" 10000 158489 1141
"1142" 10000 251189 1142
"1143" 10000 398107 1143
"1144" 10000 630957 1144
"1145" 10000 1e+06 1145
"1146" 10000 1584893 1146
"1147" 10000 2511886 1147
"1148" 10000 3981072 1148
"1149" 10000 6309573 1149
"1150" 10000 1e+07 1150
"1151" 50 1000 1151
"1152" 50 1585 1152
"1153" 50 2512 1153
"1154" 50 3981 1154
"1155" 50 6310 1155
"1156" 50 10000 1156
"1157" 50 15849 1157
"1158" 50 25119 1158
"1159" 50 39811 1159
"1160" 50 63096 1160
"1161" 50 1e+05 1161
"1162" 50 158489 1162
"1163" 50 251189 1163
"1164" 50 398107 1164
"1165" 50 630957 1165
"1166" 50 1e+06 1166
"1167" 50 1584893 1167
"1168" 50 2511886 1168
"1169" 50 3981072 1169
"1170" 50 6309573 1170
"1171" 50 1e+07 1171
"1172" 100 1000 1172
"1173" 100 1585 1173
"1174" 100 2512 1174
"1175" 100 3981 1175
"1176" 100 6310 1176
"1177" 100 10000 1177
"1178" 100 15849 1178
"1179" 100 25119 1179
"1180" 100 39811 1180
"1181" 100 63096 1181
"1182" 100 1e+05 1182
"1183" 100 158489 1183
"1184" 100 251189 1184
"1185" 100 398107 1185
"1186" 100 630957 1186
"1187" 100 1e+06 1187
"1188" 100 1584893 1188
"1189" 100 2511886 1189
"1190" 100 3981072 1190
"1191" 100 6309573 1191
"1192" 100 1e+07 1192
"1193" 500 1000 1193
"1194" 500 1585 1194
"1195" 500 2512 1195
"1196" 500 3981 1196
"1197" 500 6310 1197
"1198" 500 10000 1198
"1199" 500 15849 1199
"1200" 500 25119 1200
"1201" 500 39811 1201
"1202" 500 63096 1202
"1203" 500 1e+05 1203
"1204" 500 158489 1204
"1205" 500 251189 1205
"1206" 500 398107 1206
"1207" 500 630957 1207
"1208" 500 1e+06 1208
"1209" 500 1584893 1209
"1210" 500 2511886 1210
"1211" 500 3981072 1211
"1212" 500 6309573 1212
"1213" 500 1e+07 1213
"1214" 1000 1585 1214
"1215" 1000 2512 1215
"1216" 1000 3981 1216
"1217" 1000 6310 1217
"1218" 1000 10000 1218
"1219" 1000 15849 1219
"1220" 1000 25119 1220
"1221" 1000 39811 1221
"1222" 1000 63096 1222
"1223" 1000 1e+05 1223
"1224" 1000 158489 1224
"1225" 1000 251189 1225
"1226" 1000 398107 1226
"1227" 1000 630957 1227
"1228" 1000 1e+06 1228
"1229" 1000 1584893 1229
"1230" 1000 2511886 1230
"1231" 1000 3981072 1231
"1232" 1000 6309573 1232
"1233" 1000 1e+07 1233
"1234" 5000 6310 1234
"1235" 5000 10000 1235
"1236" 5000 15849 1236
"1237" 5000 25119 1237
"1238" 5000 39811 1238
"1239" 5000 63096 1239
"1240" 5000 1e+05 1240
"1241" 5000 158489 1241
"1242" 5000 251189 1242
"1243" 5000 398107 1243
"1244" 5000 630957 1244
"1245" 5000 1e+06 1245
"1246" 5000 1584893 1246
"1247" 5000 2511886 1247
"1248" 5000 3981072 1248
"1249" 5000 6309573 1249
"1250" 5000 1e+07 1250
"1251" 10000 15849 1251
"1252" 10000 25119 1252
"1253" 10000 39811 1253
"1254" 10000 63096 1254
"1255" 10000 1e+05 1255
"1256" 10000 158489 1256
"1257" 10000 251189 1257
"1258" 10000 398107 1258
"1259" 10000 630957 1259
"1260" 10000 1e+06 1260
"1261" 10000 1584893 1261
"1262" 10000 2511886 1262
"1263" 10000 3981072 1263
"1264" 10000 6309573 1264
"1265" 10000 1e+07 1265
"1266" 50 1000 1266
"1267" 50 1585 1267
"1268" 50 2512 1268
"1269" 50 3981 1269
"1270" 50 6310 1270
"1271" 50 10000 1271
"1272" 50 15849 1272
"1273" 50 25119 1273
"1274" 50 39811 1274
"1275" 50 63096 1275
"1276" 50 1e+05 1276
"1277" 50 158489 1277
"1278" 50 251189 1278
"1279" 50 398107 1279
"1280" 50 630957 1280
"1281" 50 1e+06 1281
"1282" 50 1584893 1282
"1283" 50 2511886 1283
"1284" 50 3981072 1284
"1285" 50 6309573 1285
"1286" 50 1e+07 1286
"1287" 100 1000 1287
"1288" 100 1585 1288
"1289" 100 2512 1289
"1290" 100 3981 1290
"1291" 100 6310 1291
"1292" 100 10000 1292
"1293" 100 15849 1293
"1294" 100 25119 1294
"1295" 100 39811 1295
"1296" 100 63096 1296
"1297" 100 1e+05 1297
"1298" 100 158489 1298
"1299" 100 251189 1299
"1300" 100 398107 1300
"1301" 100 630957 1301
"1302" 100 1e+06 1302
"1303" 100 1584893 1303
"1304" 100 2511886 1304
"1305" 100 3981072 1305
"1306" 100 6309573 1306
"1307" 100 1e+07 1307
"1308" 500 1000 1308
"1309" 500 1585 1309
"1310" 500 2512 1310
"1311" 500 3981 1311
"1312" 500 6310 1312
"1313" 500 10000 1313
"1314" 500 15849 1314
"1315" 500 25119 1315
"1316" 500 39811 1316
"1317" 500 63096 1317
"1318" 500 1e+05 1318
"1319" 500 158489 1319
"1320" 500 251189 1320
"1321" 500 398107 1321
"1322" 500 630957 1322
"1323" 500 1e+06 1323
"1324" 500 1584893 1324
"1325" 500 2511886 1325
"1326" 500 3981072 1326
"1327" 500 6309573 1327
"1328" 500 1e+07 1328
"1329" 1000 1585 1329
"1330" 1000 2512 1330
"1331" 1000 3981 1331
"1332" 1000 6310 1332
"1333" 1000 10000 1333
"1334" 1000 15849 1334
"1335" 1000 25119 1335
"1336" 1000 39811 1336
"1337" 1000 63096 1337
"1338" 1000 1e+05 1338
"1339" 1000 158489 1339
"1340" 1000 251189 1340
"1341" 1000 398107 1341
"1342" 1000 630957 1342
"1343" 1000 1e+06 1343
"1344" 1000 1584893 1344
"1345" 1000 2511886 1345
"1346" 1000 3981072 1346
"1347" 1000 6309573 1347
"1348" 1000 1e+07 1348
"1349" 5000 6310 1349
"1350" 5000 10000 1350
"1351" 5000 15849 1351
"1352" 5000 25119 1352
"1353" 5000 39811 1353
"1354" 5000 63096 1354
"1355" 5000 1e+05 1355
"1356" 5000 158489 1356
"1357" 5000 251189 1357
"1358" 5000 398107 1358
"1359" 5000 630957 1359
"1360" 5000 1e+06 1360
"1361" 5000 1584893 1361
"1362" 5000 2511886 1362
"1363" 5000 3981072 1363
"1364" 5000 6309573 1364
"1365" 5000 1e+07 1365
"1366" 10000 15849 1366
"1367" 10000 25119 1367
"1368" 10000 39811 1368
"1369" 10000 63096 1369
"1370" 10000 1e+05 1370
"1371" 10000 158489 1371
"1372" 10000 251189 1372
"1373" 10000 398107 1373
"1374" 10000 630957 1374
"1375" 10000 1e+06 1375
"1376" 10000 1584893 1376
"1377" 10000 2511886 1377
"1378" 10000 3981072 1378
"1379" 10000 6309573 1379
"1380" 10000 1e+07 1380
"1381" 50 1000 1381
"1382" 50 1585 1382
"1383" 50 2512 1383
"1384" 50 3981 1384
"1385" 50 6310 1385
"1386" 50 10000 1386
"1387" 50 15849 1387
"1388" 50 25119 1388
"1389" 50 39811 1389
"1390" 50 63096 1390
"1391" 50 1e+05 1391
"1392" 50 158489 1392
"1393" 50 251189 1393
"1394" 50 398107 1394
"1395" 50 630957 1395
"1396" 50 1e+06 1396
"1397" 50 1584893 1397
"1398" 50 2511886 1398
"1399" 50 3981072 1399
"1400" 50 6309573 1400
"1401" 50 1e+07 1401
"1402" 100 1000 1402
"1403" 100 1585 1403
"1404" 100 2512 1404
"1405" 100 3981 1405
"1406" 100 6310 1406
"1407" 100 10000 1407
"1408" 100 15849 1408
"1409" 100 25119 1409
"1410" 100 39811 1410
"1411" 100 63096 1411
"1412" 100 1e+05 1412
"1413" 100 158489 1413
"1414" 100 251189 1414
"1415" 100 398107 1415
"1416" 100 630957 1416
"1417" 100 1e+06 1417
"1418" 100 1584893 1418
"1419" 100 2511886 1419
"1420" 100 3981072 1420
"1421" 100 6309573 1421
"1422" 100 1e+07 1422
"1423" 500 1000 1423
"1424" 500 1585 1424
"1425" 500 2512 1425
"1426" 500 3981 1426
"1427" 500 6310 1427
"1428" 500 10000 1428
"1429" 500 15849 1429
"1430" 500 25119 1430
"1431" 500 39811 1431
"1432" 500 63096 1432
"1433" 500 1e+05 1433
"1434" 500 158489 1434
"1435" 500 251189 1435
"1436" 500 398107 1436
"1437" 500 630957 1437
"1438" 500 1e+06 1438
"1439" 500 1584893 1439
"1440" 500 2511886 1440
"1441" 500 3981072 1441
"1442" 500 6309573 1442
"1443" 500 1e+07 1443
"1444" 1000 1585 1444
"1445" 1000 2512 1445
"1446" 1000 3981 1446
"1447" 1000 6310 1447
"1448" 1000 10000 1448
"1449" 1000 15849 1449
"1450" 1000 25119 1450
"1451" 1000 39811 1451
"1452" 1000 63096 1452
"1453" 1000 1e+05 1453
"1454" 1000 158489 1454
"1455" 1000 251189 1455
"1456" 1000 398107 1456
"1457" 1000 630957 1457
"1458" 1000 1e+06 1458
"1459" 1000 1584893 1459
"1460" 1000 2511886 1460
"1461" 1000 3981072 1461
"1462" 1000 6309573 1462
"1463" 1000 1e+07 1463
"1464" 5000 6310 1464
"1465" 5000 10000 1465
"1466" 5000 15849 1466
"1467" 5000 25119 1467
"1468" 5000 39811 1468
"1469" 5000 63096 1469
"1470" 5000 1e+05 1470
"1471" 5000 158489 1471
"1472" 5000 251189 1472
"1473" 5000 398107 1473
"1474" 5000 630957 1474
"1475" 5000 1e+06 1475
"1476" 5000 1584893 1476
"1477" 5000 2511886 1477
"1478" 5000 3981072 1478
"1479" 5000 6309573 1479
"1480" 5000 1e+07 1480
"1481" 10000 15849 1481
"1482" 10000 25119 1482
"1483" 10000 39811 1483
"1484" 10000 63096 1484
"1485" 10000 1e+05 1485
"1486" 10000 158489 1486
"1487" 10000 251189 1487
"1488" 10000 398107 1488
"1489" 10000 630957 1489
"1490" 10000 1e+06 1490
"1491" 10000 1584893 1491
"1492" 10000 2511886 1492
"1493" 10000 3981072 1493
"1494" 10000 6309573 1494
"1495" 10000 1e+07 1495
"1496" 50 1000 1496
"1497" 50 1585 1497
"1498" 50 2512 1498
"1499" 50 3981 1499
"1500" 50 6310 1500
"1501" 50 10000 1501
"1502" 50 15849 1502
"1503" 50 25119 1503
"1504" 50 39811 1504
"1505" 50 63096 1505
"1506" 50 1e+05 1506
"1507" 50 158489 1507
"1508" 50 251189 1508
"1509" 50 398107 1509
"1510" 50 630957 1510
"1511" 50 1e+06 1511
"1512" 50 1584893 1512
"1513" 50 2511886 1513
"1514" 50 3981072 1514
"1515" 50 6309573 1515
"1516" 50 1e+07 1516
"1517" 100 1000 1517
"1518" 100 1585 1518
"1519" 100 2512 1519
"1520" 100 3981 1520
"1521" 100 6310 1521
"1522" 100 10000 1522
"1523" 100 15849 1523
"1524" 100 25119 1524
"1525" 100 39811 1525
"1526" 100 63096 1526
"1527" 100 1e+05 1527
"1528" 100 158489 1528
"1529" 100 251189 1529
"1530" 100 398107 1530
"1531" 100 630957 1531
"1532" 100 1e+06 1532
"1533" 100 1584893 1533
"1534" 100 2511886 1534
"1535" 100 3981072 1535
"1536" 100 6309573 1536
"1537" 100 1e+07 1537
"1538" 500 1000 1538
"1539" 500 1585 1539
"1540" 500 2512 1540
"1541" 500 3981 1541
"1542" 500 6310 1542
"1543" 500 10000 1543
"1544" 500 15849 1544
"1545" 500 25119 1545
"1546" 500 39811 1546
"1547" 500 63096 1547
"1548" 500 1e+05 1548
"1549" 500 158489 1549
"1550" 500 251189 1550
"1551" 500 398107 1551
"1552" 500 630957 1552
"1553" 500 1e+06 1553
"1554" 500 1584893 1554
"1555" 500 2511886 1555
"1556" 500 3981072 1556
"1557" 500 6309573 1557
"1558" 500 1e+07 1558
"1559" 1000 1585 1559
"1560" 1000 2512 1560
"1561" 1000 3981 1561
"1562" 1000 6310 1562
"1563" 1000 10000 1563
"1564" 1000 15849 1564
"1565" 1000 25119 1565
"1566" 1000 39811 1566
"1567" 1000 63096 1567
"1568" 1000 1e+05 1568
"1569" 1000 158489 1569
"1570" 1000 251189 1570
"1571" 1000 398107 1571
"1572" 1000 630957 1572
"1573" 1000 1e+06 1573
"1574" 1000 1584893 1574
"1575" 1000 2511886 1575
"1576" 1000 3981072 1576
"1577" 1000 6309573 1577
"1578" 1000 1e+07 1578
"1579" 5000 6310 1579
"1580" 5000 10000 1580
"1581" 5000 15849 1581
"1582" 5000 25119 1582
"1583" 5000 39811 1583
"1584" 5000 63096 1584
"1585" 5000 1e+05 1585
"1586" 5000 158489 1586
"1587" 5000 251189 1587
"1588" 5000 398107 1588
"1589" 5000 630957 1589
"1590" 5000 1e+06 1590
"1591" 5000 1584893 1591
"1592" 5000 2511886 1592
"1593" 5000 3981072 1593
"1594" 5000 6309573 1594
"1595" 5000 1e+07 1595
"1596" 10000 15849 1596
"1597" 10000 25119 1597
"1598" 10000 39811 1598
"1599" 10000 63096 1599
"1600" 10000 1e+05 1600
"1601" 10000 158489 1601
"1602" 10000 251189 1602
"1603" 10000 398107 1603
"1604" 10000 630957 1604
"1605" 10000 1e+06 1605
"1606" 10000 1584893 1606
"1607" 10000 2511886 1607
"1608" 10000 3981072 1608
"1609" 10000 6309573 1609
"1610" 10000 1e+07 1610
"1611" 50 1000 1611
"1612" 50 1585 1612
"1613" 50 2512 1613
"1614" 50 3981 1614
"1615" 50 6310 1615
"1616" 50 10000 1616
"1617" 50 15849 1617
"1618" 50 25119 1618
"1619" 50 39811 1619
"1620" 50 63096 1620
"1621" 50 1e+05 1621
"1622" 50 158489 1622
"1623" 50 251189 1623
"1624" 50 398107 1624
"1625" 50 630957 1625
"1626" 50 1e+06 1626
"1627" 50 1584893 1627
"1628" 50 2511886 1628
"1629" 50 3981072 1629
"1630" 50 6309573 1630
"1631" 50 1e+07 1631
"1632" 100 1000 1632
"1633" 100 1585 1633
"1634" 100 2512 1634
"1635" 100 3981 1635
"1636" 100 6310 1636
"1637" 100 10000 1637
"1638" 100 15849 1638
"1639" 100 25119 1639
"1640" 100 39811 1640
"1641" 100 63096 1641
"1642" 100 1e+05 1642
"1643" 100 158489 1643
"1644" 100 251189 1644
"1645" 100 398107 1645
"1646" 100 630957 1646
"1647" 100 1e+06 1647
"1648" 100 1584893 1648
"1649" 100 2511886 1649
"1650" 100 3981072 1650
"1651" 100 6309573 1651
"1652" 100 1e+07 1652
"1653" 500 1000 1653
"1654" 500 1585 1654
"1655" 500 2512 1655
"1656" 500 3981 1656
"1657" 500 6310 1657
"1658" 500 10000 1658
"1659" 500 15849 1659
"1660" 500 25119 1660
"1661" 500 39811 1661
"1662" 500 63096 1662
"1663" 500 1e+05 1663
"1664" 500 158489 1664
"1665" 500 251189 1665
"1666" 500 398107 1666
"1667" 500 630957 1667
"1668" 500 1e+06 1668
"1669" 500 1584893 1669
"1670" 500 2511886 1670
"1671" 500 3981072 1671
"1672" 500 6309573 1672
"1673" 500 1e+07 1673
"1674" 1000 1585 1674
"1675" 1000 2512 1675
"1676" 1000 3981 1676
"1677" 1000 6310 1677
"1678" 1000 10000 1678
"1679" 1000 15849 1679
"1680" 1000 25119 1680
"1681" 1000 39811 1681
"1682" 1000 63096 1682
"1683" 1000 1e+05 1683
"1684" 1000 158489 1684
"1685" 1000 251189 1685
"1686" 1000 398107 1686
"1687" 1000 630957 1687
"1688" 1000 1e+06 1688
"1689" 1000 1584893 1689
"1690" 1000 2511886 1690
"1691" 1000 3981072 1691
"1692" 1000 6309573 1692
"1693" 1000 1e+07 1693
"1694" 5000 6310 1694
"1695" 5000 10000 1695
"1696" 5000 15849 1696
"1697" 5000 25119 1697
"1698" 5000 39811 1698
"1699" 5000 63096 1699
"1700" 5000 1e+05 1700
"1701" 5000 158489 1701
"1702" 5000 251189 1702
"1703" 5000 398107 1703
"1704" 5000 630957 1704
"1705" 5000 1e+06 1705
"1706" 5000 1584893 1706
"1707" 5000 2511886 1707
"1708" 5000 3981072 1708
"1709" 5000 6309573 1709
"1710" 5000 1e+07 1710
"1711" 10000 15849 1711
"1712" 10000 25119 1712
"1713" 10000 39811 1713
"1714" 10000 63096 1714
"1715" 10000 1e+05 1715
"1716" 10000 158489 1716
"1717" 10000 251189 1717
"1718" 10000 398107 1718
"1719" 10000 630957 1719
"1720" 10000 1e+06 1720
"1721" 10000 1584893 1721
"1722" 10000 2511886 1722
"1723" 10000 3981072 1723
"1724" 10000 6309573 1724
"1725" 10000 1e+07 1725
"1726" 50 1000 1726
"1727" 50 1585 1727
"1728" 50 2512 1728
"1729" 50 3981 1729
"1730" 50 6310 1730
"1731" 50 10000 1731
"1732" 50 15849 1732
"1733" 50 25119 1733
"1734" 50 39811 1734
"1735" 50 63096 1735
"1736" 50 1e+05 1736
"1737" 50 158489 1737
"1738" 50 251189 1738
"1739" 50 398107 1739
"1740" 50 630957 1740
"1741" 50 1e+06 1741
"1742" 50 1584893 1742
"1743" 50 2511886 1743
"1744" 50 3981072 1744
"1745" 50 6309573 1745
"1746" 50 1e+07 1746
"1747" 100 1000 1747
"1748" 100 1585 1748
"1749" 100 2512 1749
"1750" 100 3981 1750
"1751" 100 6310 1751
"1752" 100 10000 1752
"1753" 100 15849 1753
"1754" 100 25119 1754
"1755" 100 39811 1755
"1756" 100 63096 1756
"1757" 100 1e+05 1757
"1758" 100 158489 1758
"1759" 100 251189 1759
"1760" 100 398107 1760
"1761" 100 630957 1761
"1762" 100 1e+06 1762
"1763" 100 1584893 1763
"1764" 100 2511886 1764
"1765" 100 3981072 1765
"1766" 100 6309573 1766
"1767" 100 1e+07 1767
"1768" 500 1000 1768
"1769" 500 1585 1769
"1770" 500 2512 1770
"1771" 500 3981 1771
"1772" 500 6310 1772
"1773" 500 10000 1773
"1774" 500 15849 1774
"1775" 500 25119 1775
"1776" 500 39811 1776
"1777" 500 63096 1777
"1778" 500 1e+05 1778
"1779" 500 158489 1779
"1780" 500 251189 1780
"1781" 500 398107 1781
"1782" 500 630957 1782
"1783" 500 1e+06 1783
"1784" 500 1584893 1784
"1785" 500 2511886 1785
"1786" 500 3981072 1786
"1787" 500 6309573 1787
"1788" 500 1e+07 1788
"1789" 1000 1585 1789
"1790" 1000 2512 1790
"1791" 1000 3981 1791
"1792" 1000 6310 1792
"1793" 1000 10000 1793
"1794" 1000 15849 1794
"1795" 1000 25119 1795
"1796" 1000 39811 1796
"1797" 1000 63096 1797
"1798" 1000 1e+05 1798
"1799" 1000 158489 1799
"1800" 1000 251189 1800
"1801" 1000 398107 1801
"1802" 1000 630957 1802
"1803" 1000 1e+06 1803
"1804" 1000 1584893 1804
"1805" 1000 2511886 1805
"1806" 1000 3981072 1806
"1807" 1000 6309573 1807
"1808" 1000 1e+07 1808
"1809" 5000 6310 1809
"1810" 5000 10000 1810
"1811" 5000 15849 1811
"1812" 5000 25119 1812
"1813" 5000 39811 1813
"1814" 5000 63096 1814
"1815" 5000 1e+05 1815
"1816" 5000 158489 1816
"1817" 5000 251189 1817
"1818" 5000 398107 1818
"1819" 5000 630957 1819
"1820" 5000 1e+06 1820
"1821" 5000 1584893 1821
"1822" 5000 2511886 1822
"1823" 5000 3981072 1823
"1824" 5000 6309573 1824
"1825" 5000 1e+07 1825
"1826" 10000 15849 1826
"1827" 10000 25119 1827
"1828" 10000 39811 1828
"1829" 10000 63096 1829
"1830" 10000 1e+05 1830
"1831" 10000 158489 1831
"1832" 10000 251189 1832
"1833" 10000 398107 1833
"1834" 10000 630957 1834
"1835" 10000 1e+06 1835
"1836" 10000 1584893 1836
"1837" 10000 2511886 1837
"1838" 10000 3981072 1838
"1839" 10000 6309573 1839
"1840" 10000 1e+07 1840
"1841" 50 1000 1841
"1842" 50 1585 1842
"1843" 50 2512 1843
"1844" 50 3981 1844
"1845" 50 6310 1845
"1846" 50 10000 1846
"1847" 50 15849 1847
"1848" 50 25119 1848
"1849" 50 39811 1849
"1850" 50 63096 1850
"1851" 50 1e+05 1851
"1852" 50 158489 1852
"1853" 50 251189 1853
"1854" 50 398107 1854
"1855" 50 630957 1855
"1856" 50 1e+06 1856
"1857" 50 1584893 1857
"1858" 50 2511886 1858
"1859" 50 3981072 1859
"1860" 50 6309573 1860
"1861" 50 1e+07 1861
"1862" 100 1000 1862
"1863" 100 1585 1863
"1864" 100 2512 1864
"1865" 100 3981 1865
"1866" 100 6310 1866
"1867" 100 10000 1867
"1868" 100 15849 1868
"1869" 100 25119 1869
"1870" 100 39811 1870
"1871" 100 63096 1871
"1872" 100 1e+05 1872
"1873" 100 158489 1873
"1874" 100 251189 1874
"1875" 100 398107 1875
"1876" 100 630957 1876
"1877" 100 1e+06 1877
"1878" 100 1584893 1878
"1879" 100 2511886 1879
"1880" 100 3981072 1880
"1881" 100 6309573 1881
"1882" 100 1e+07 1882
"1883" 500 1000 1883
"1884" 500 1585 1884
"1885" 500 2512 1885
"1886" 500 3981 1886
"1887" 500 6310 1887
"1888" 500 10000 1888
"1889" 500 15849 1889
"1890" 500 25119 1890
"1891" 500 39811 1891
"1892" 500 63096 1892
"1893" 500 1e+05 1893
"1894" 500 158489 1894
"1895" 500 251189 1895
"1896" 500 398107 1896
"1897" 500 630957 1897
"1898" 500 1e+06 1898
"1899" 500 1584893 1899
"1900" 500 2511886 1900
"1901" 500 3981072 1901
"1902" 500 6309573 1902
"1903" 500 1e+07 1903
"1904" 1000 1585 1904
"1905" 1000 2512 1905
"1906" 1000 3981 1906
"1907" 1000 6310 1907
"1908" 1000 10000 1908
"1909" 1000 15849 1909
"1910" 1000 25119 1910
"1911" 1000 39811 1911
"1912" 1000 63096 1912
"1913" 1000 1e+05 1913
"1914" 1000 158489 1914
"1915" 1000 251189 1915
"1916" 1000 398107 1916
"1917" 1000 630957 1917
"1918" 1000 1e+06 1918
"1919" 1000 1584893 1919
"1920" 1000 2511886 1920
"1921" 1000 3981072 1921
"1922" 1000 6309573 1922
"1923" 1000 1e+07 1923
"1924" 5000 6310 1924
"1925" 5000 10000 1925
"1926" 5000 15849 1926
"1927" 5000 25119 1927
"1928" 5000 39811 1928
"1929" 5000 63096 1929
"1930" 5000 1e+05 1930
"1931" 5000 158489 1931
"1932" 5000 251189 1932
"1933" 5000 398107 1933
"1934" 5000 630957 1934
"1935" 5000 1e+06 1935
"1936" 5000 1584893 1936
"1937" 5000 2511886 1937
"1938" 5000 3981072 1938
"1939" 5000 6309573 1939
"1940" 5000 1e+07 1940
"1941" 10000 15849 1941
"1942" 10000 25119 1942
"1943" 10000 39811 1943
"1944" 10000 63096 1944
"1945" 10000 1e+05 1945
"1946" 10000 158489 1946
"1947" 10000 251189 1947
"1948" 10000 398107 1948
"1949" 10000 630957 1949
"1950" 10000 1e+06 1950
"1951" 10000 1584893 1951
"1952" 10000 2511886 1952
"1953" 10000 3981072 1953
"1954" 10000 6309573 1954
"1955" 10000 1e+07 1955
"1956" 50 1000 1956
"1957" 50 1585 1957
"1958" 50 2512 1958
"1959" 50 3981 1959
"1960" 50 6310 1960
"1961" 50 10000 1961
"1962" 50 15849 1962
"1963" 50 25119 1963
"1964" 50 39811 1964
"1965" 50 63096 1965
"1966" 50 1e+05 1966
"1967" 50 158489 1967
"1968" 50 251189 1968
"1969" 50 398107 1969
"1970" 50 630957 1970
"1971" 50 1e+06 1971
"1972" 50 1584893 1972
"1973" 50 2511886 1973
"1974" 50 3981072 1974
"1975" 50 6309573 1975
"1976" 50 1e+07 1976
"1977" 100 1000 1977
"1978" 100 1585 1978
"1979" 100 2512 1979
"1980" 100 3981 1980
"1981" 100 6310 1981
"1982" 100 10000 1982
"1983" 100 15849 1983
"1984" 100 25119 1984
"1985" 100 39811 1985
"1986" 100 63096 1986
"1987" 100 1e+05 1987
"1988" 100 158489 1988
"1989" 100 251189 1989
"1990" 100 398107 1990
"1991" 100 630957 1991
"1992" 100 1e+06 1992
"1993" 100 1584893 1993
"1994" 100 2511886 1994
"1995" 100 3981072 1995
"1996" 100 6309573 1996
"1997" 100 1e+07 1997
"1998" 500 1000 1998
"1999" 500 1585 1999
"2000" 500 2512 2000
"2001" 500 3981 2001
"2002" 500 6310 2002
"2003" 500 10000 2003
"2004" 500 15849 2004
"2005" 500 25119 2005
"2006" 500 39811 2006
"2007" 500 63096 2007
"2008" 500 1e+05 2008
"2009" 500 158489 2009
"2010" 500 251189 2010
"2011" 500 398107 2011
"2012" 500 630957 2012
"2013" 500 1e+06 2013
"2014" 500 1584893 2014
"2015" 500 2511886 2015
"2016" 500 3981072 2016
"2017" 500 6309573 2017
"2018" 500 1e+07 2018
"2019" 1000 1585 2019
"2020" 1000 2512 2020
"2021" 1000 3981 2021
"2022" 1000 6310 2022
"2023" 1000 10000 2023
"2024" 1000 15849 2024
"2025" 1000 25119 2025
"2026" 1000 39811 2026
"2027" 1000 63096 2027
"2028" 1000 1e+05 2028
"2029" 1000 158489 2029
"2030" 1000 251189 2030
"2031" 1000 398107 2031
"2032" 1000 630957 2032
"2033" 1000 1e+06 2033
"2034" 1000 1584893 2034
"2035" 1000 2511886 2035
"2036" 1000 3981072 2036
"2037" 1000 6309573 2037
"2038" 1000 1e+07 2038
"2039" 5000 6310 2039
"2040" 5000 10000 2040
"2041" 5000 15849 2041
"2042" 5000 25119 2042
"2043" 5000 39811 2043
"2044" 5000 63096 2044
"2045" 5000 1e+05 2045
"2046" 5000 158489 2046
"2047" 5000 251189 2047
"2048" 5000 398107 2048
"2049" 5000 630957 2049
"2050" 5000 1e+06 2050
"2051" 5000 1584893 2051
"2052" 5000 2511886 2052
"2053" 5000 3981072 2053
"2054" 5000 6309573 2054
"2055" 5000 1e+07 2055
"2056" 10000 15849 2056
"2057" 10000 25119 2057
"2058" 10000 39811 2058
"2059" 10000 63096 2059
"2060" 10000 1e+05 2060
"2061" 10000 158489 2061
"2062" 10000 251189 2062
"2063" 10000 398107 2063
"2064" 10000 630957 2064
"2065" 10000 1e+06 2065
"2066" 10000 1584893 2066
"2067" 10000 2511886 2067
"2068" 10000 3981072 2068
"2069" 10000 6309573 2069
"2070" 10000 1e+07 2070
"2071" 50 1000 2071
"2072" 50 1585 2072
"2073" 50 2512 2073
"2074" 50 3981 2074
"2075" 50 6310 2075
"2076" 50 10000 2076
"2077" 50 15849 2077
"2078" 50 25119 2078
"2079" 50 39811 2079
"2080" 50 63096 2080
"2081" 50 1e+05 2081
"2082" 50 158489 2082
"2083" 50 251189 2083
"2084" 50 398107 2084
"2085" 50 630957 2085
"2086" 50 1e+06 2086
"2087" 50 1584893 2087
"2088" 50 2511886 2088
"2089" 50 3981072 2089
"2090" 50 6309573 2090
"2091" 50 1e+07 2091
"2092" 100 1000 2092
"2093" 100 1585 2093
"2094" 100 2512 2094
"2095" 100 3981 2095
"2096" 100 6310 2096
"2097" 100 10000 2097
"2098" 100 15849 2098
"2099" 100 25119 2099
"2100" 100 39811 2100
"2101" 100 63096 2101
"2102" 100 1e+05 2102
"2103" 100 158489 2103
"2104" 100 251189 2104
"2105" 100 398107 2105
"2106" 100 630957 2106
"2107" 100 1e+06 2107
"2108" 100 1584893 2108
"2109" 100 2511886 2109
"2110" 100 3981072 2110
"2111" 100 6309573 2111
"2112" 100 1e+07 2112
"2113" 500 1000 2113
"2114" 500 1585 2114
"2115" 500 2512 2115
"2116" 500 3981 2116
"2117" 500 6310 2117
"2118" 500 10000 2118
"2119" 500 15849 2119
"2120" 500 25119 2120
"2121" 500 39811 2121
"2122" 500 63096 2122
"2123" 500 1e+05 2123
"2124" 500 158489 2124
"2125" 500 251189 2125
"2126" 500 398107 2126
"2127" 500 630957 2127
"2128" 500 1e+06 2128
"2129" 500 1584893 2129
"2130" 500 2511886 2130
"2131" 500 3981072 2131
"2132" 500 6309573 2132
"2133" 500 1e+07 2133
"2134" 1000 1585 2134
"2135" 1000 2512 2135
"2136" 1000 3981 2136
"2137" 1000 6310 2137
"2138" 1000 10000 2138
"2139" 1000 15849 2139
"2140" 1000 25119 2140
"2141" 1000 39811 2141
"2142" 1000 63096 2142
"2143" 1000 1e+05 2143
"2144" 1000 158489 2144
"2145" 1000 251189 2145
"2146" 1000 398107 2146
"2147" 1000 630957 2147
"2148" 1000 1e+06 2148
"2149" 1000 1584893 2149
"2150" 1000 2511886 2150
"2151" 1000 3981072 2151
"2152" 1000 6309573 2152
"2153" 1000 1e+07 2153
"2154" 5000 6310 2154
"2155" 5000 10000 2155
"2156" 5000 15849 2156
"2157" 5000 25119 2157
"2158" 5000 39811 2158
"2159" 5000 63096 2159
"2160" 5000 1e+05 2160
"2161" 5000 158489 2161
"2162" 5000 251189 2162
"2163" 5000 398107 2163
"2164" 5000 630957 2164
"2165" 5000 1e+06 2165
"2166" 5000 1584893 2166
"2167" 5000 2511886 2167
"2168" 5000 3981072 2168
"2169" 5000 6309573 2169
"2170" 5000 1e+07 2170
"2171" 10000 15849 2171
"2172" 10000 25119 2172
"2173" 10000 39811 2173
"2174" 10000 63096 2174
"2175" 10000 1e+05 2175
"2176" 10000 158489 2176
"2177" 10000 251189 2177
"2178" 10000 398107 2178
"2179" 10000 630957 2179
"2180" 10000 1e+06 2180
"2181" 10000 1584893 2181
"2182" 10000 2511886 2182
"2183" 10000 3981072 2183
"2184" 10000 6309573 2184
"2185" 10000 1e+07 2185
"2186" 50 1000 2186
"2187" 50 1585 2187
"2188" 50 2512 2188
"2189" 50 3981 2189
"2190" 50 6310 2190
"2191" 50 10000 2191
"2192" 50 15849 2192
"2193" 50 25119 2193
"2194" 50 39811 2194
"2195" 50 63096 2195
"2196" 50 1e+05 2196
"2197" 50 158489 2197
"2198" 50 251189 2198
"2199" 50 398107 2199
"2200" 50 630957 2200
"2201" 50 1e+06 2201
"2202" 50 1584893 2202
"2203" 50 2511886 2203
"2204" 50 3981072 2204
"2205" 50 6309573 2205
"2206" 50 1e+07 2206
"2207" 100 1000 2207
"2208" 100 1585 2208
"2209" 100 2512 2209
"2210" 100 3981 2210
"2211" 100 6310 2211
"2212" 100 10000 2212
"2213" 100 15849 2213
"2214" 100 25119 2214
"2215" 100 39811 2215
"2216" 100 63096 2216
"2217" 100 1e+05 2217
"2218" 100 158489 2218
"2219" 100 251189 2219
"2220" 100 398107 2220
"2221" 100 630957 2221
"2222" 100 1e+06 2222
"2223" 100 1584893 2223
"2224" 100 2511886 2224
"2225" 100 3981072 2225
"2226" 100 6309573 2226
"2227" 100 1e+07 2227
"2228" 500 1000 2228
"2229" 500 1585 2229
"2230" 500 2512 2230
"2231" 500 3981 2231
"2232" 500 6310 2232
"2233" 500 10000 2233
"2234" 500 15849 2234
"2235" 500 25119 2235
"2236" 500 39811 2236
"2237" 500 63096 2237
"2238" 500 1e+05 2238
"2239" 500 158489 2239
"2240" 500 251189 2240
"2241" 500 398107 2241
"2242" 500 630957 2242
"2243" 500 1e+06 2243
"2244" 500 1584893 2244
"2245" 500 2511886 2245
"2246" 500 3981072 2246
"2247" 500 6309573 2247
"2248" 500 1e+07 2248
"2249" 1000 1585 2249
"2250" 1000 2512 2250
"2251" 1000 3981 2251
"2252" 1000 6310 2252
"2253" 1000 10000 2253
"2254" 1000 15849 2254
"2255" 1000 25119 2255
"2256" 1000 39811 2256
"2257" 1000 63096 2257
"2258" 1000 1e+05 2258
"2259" 1000 158489 2259
"2260" 1000 251189 2260
"2261" 1000 398107 2261
"2262" 1000 630957 2262
"2263" 1000 1e+06 2263
"2264" 1000 1584893 2264
"2265" 1000 2511886 2265
"2266" 1000 3981072 2266
"2267" 1000 6309573 2267
"2268" 1000 1e+07 2268
"2269" 5000 6310 2269
"2270" 5000 10000 2270
"2271" 5000 15849 2271
"2272" 5000 25119 2272
"2273" 5000 39811 2273
"2274" 5000 63096 2274
"2275" 5000 1e+05 2275
"2276" 5000 158489 2276
"2277" 5000 251189 2277
"2278" 5000 398107 2278
"2279" 5000 630957 2279
"2280" 5000 1e+06 2280
"2281" 5000 1584893 2281
"2282" 5000 2511886 2282
"2283" 5000 3981072 2283
"2284" 5000 6309573 2284
"2285" 5000 1e+07 2285
"2286" 10000 15849 2286
"2287" 10000 25119 2287
"2288" 10000 39811 2288
"2289" 10000 63096 2289
"2290" 10000 1e+05 2290
"2291" 10000 158489 2291
"2292" 10000 251189 2292
"2293" 10000 398107 2293
"2294" 10000 630957 2294
"2295" 10000 1e+06 2295
"2296" 10000 1584893 2296
"2297" 10000 2511886 2297
"2298" 10000 3981072 2298
"2299" 10000 6309573 2299
"2300" 10000 1e+07 2300
